date,week,dow,status,total,in,out,101000566,102000566,353244406,353244410
2015-09-14,38,1,,3040,1566,1474,1566,1474
2015-09-15,38,2,,3947,1939,2008,1939,2008
2015-09-16,38,3,,3937,2011,1926,2011,1926
2015-09-17,38,4,,2274,1160,1114,1160,1114
2015-09-18,38,5,,3074,1477,1597,1477,1597
2015-09-19,38,6,1,1371,685,686,685,686
2015-09-20,38,7,1,1500,712,788,712,788
2015-09-21,39,1,,4300,2162,2138,2162,2138
2015-09-22,39,2,,4333,2216,2117,2216,2117
2015-09-23,39,3,,2450,1231,1219,1231,1219
2015-09-24,39,4,,4539,2275,2264,2275,2264
2015-09-25,39,5,,3635,1821,1814,1821,1814
2015-09-26,39,6,1,1614,799,815,799,815
2015-09-27,39,7,1,2047,1047,1000,1047,1000
2015-09-28,40,1,,3965,1997,1968,1997,1968
2015-09-29,40,2,,4230,2130,2100,2130,2100
2015-09-30,40,3,,4469,2272,2197,2272,2197
2015-10-01,40,4,,4439,2233,2206,2233,2206
2015-10-02,40,5,,3234,1639,1595,1639,1595
2015-10-03,40,6,1,844,412,432,412,432
2015-10-04,40,7,1,1712,854,858,854,858
2015-10-05,41,1,,3504,1749,1755,1749,1755
2015-10-06,41,2,,2791,1389,1402,1389,1402
2015-10-07,41,3,,2942,1495,1447,1495,1447
2015-10-08,41,4,,4105,2074,2031,2074,2031
2015-10-09,41,5,,3534,1800,1734,1800,1734
2015-10-10,41,6,1,1368,690,678,690,678
2015-10-11,41,7,1,1836,942,894,942,894
2015-10-12,42,1,,2954,1598,1356,1598,1356
2015-10-13,42,2,,2434,1213,1221,1213,1221
2015-10-14,42,3,,3147,1593,1554,1593,1554
2015-10-15,42,4,,3036,1523,1513,1523,1513
2015-10-16,42,5,,2762,1409,1353,1409,1353
2015-10-17,42,6,5,1208,602,606,602,606
2015-10-18,42,7,5,847,450,397,450,397
2015-10-19,43,1,4,3099,1534,1565,1534,1565
2015-10-20,43,2,4,3292,1611,1681,1611,1681
2015-10-21,43,3,4,3287,1649,1638,1649,1638
2015-10-22,43,4,4,3578,1817,1761,1817,1761
2015-10-23,43,5,4,2918,1471,1447,1471,1447
2015-10-24,43,6,5,956,478,478,478,478
2015-10-25,43,7,5,1096,563,533,563,533
2015-10-26,44,1,4,2126,1097,1029,1097,1029
2015-10-27,44,2,4,1969,984,985,984,985
2015-10-28,44,3,4,1194,625,569,625,569
2015-10-29,44,4,4,1830,920,910,920,910
2015-10-30,44,5,4,1898,961,937,961,937
2015-10-31,44,6,5,1142,561,581,561,581
2015-11-01,44,7,7,1313,664,649,664,649
2015-11-02,45,1,,3563,1794,1769,1794,1769
2015-11-03,45,2,,2874,1465,1409,1465,1409
2015-11-04,45,3,,3700,1892,1808,1892,1808
2015-11-05,45,4,,3898,1959,1939,1959,1939
2015-11-06,45,5,,3514,1774,1740,1774,1740
2015-11-07,45,6,1,1534,761,773,761,773
2015-11-08,45,7,1,1937,984,953,984,953
2015-11-09,46,1,,3598,1813,1785,1813,1785
2015-11-10,46,2,,3807,1919,1888,1919,1888
2015-11-11,46,3,2,1698,875,823,875,823
2015-11-12,46,4,,3680,1859,1821,1859,1821
2015-11-13,46,5,,3338,1680,1658,1680,1658
2015-11-14,46,6,1,1090,525,565,525,565
2015-11-15,46,7,1,1380,711,669,711,669
2015-11-16,47,1,,3513,1755,1758,1755,1758
2015-11-17,47,2,,3789,1917,1872,1917,1872
2015-11-18,47,3,,3624,1801,1823,1801,1823
2015-11-19,47,4,,3798,1900,1898,1900,1898
2015-11-20,47,5,,2274,1157,1117,1157,1117
2015-11-21,47,6,1,276,142,134,142,134
2015-11-22,47,7,1,559,276,283,276,283
2015-11-23,48,1,,3030,1547,1483,1547,1483
2015-11-24,48,2,,3271,1653,1618,1653,1618
2015-11-25,48,3,,1623,835,788,835,788
2015-11-26,48,4,,2479,1254,1225,1254,1225
2015-11-27,48,5,,2443,1257,1186,1257,1186
2015-11-28,48,6,1,392,194,198,194,198
2015-11-29,48,7,1,187,99,88,99,88
2015-11-30,49,1,,3002,1537,1465,1537,1465
2015-12-01,49,2,,3233,1644,1589,1644,1589
2015-12-02,49,3,,3206,1646,1560,1646,1560
2015-12-03,49,4,,3310,1682,1628,1682,1628
2015-12-04,49,5,,2696,1384,1312,1384,1312
2015-12-05,49,6,1,557,270,287,270,287
2015-12-06,49,7,1,769,413,356,413,356
2015-12-07,50,1,,2934,1492,1442,1492,1442
2015-12-08,50,2,,3259,1659,1600,1659,1600
2015-12-09,50,3,,2527,1315,1212,1315,1212
2015-12-10,50,4,,3168,1604,1564,1604,1564
2015-12-11,50,5,,2644,1343,1301,1343,1301
2015-12-12,50,6,1,896,471,425,471,425
2015-12-13,50,7,1,694,355,339,355,339
2015-12-14,51,1,,2771,1419,1352,1419,1352
2015-12-15,51,2,,2980,1531,1449,1531,1449
2015-12-16,51,3,,2899,1485,1414,1485,1414
2015-12-17,51,4,,2903,1495,1408,1495,1408
2015-12-18,51,5,,2306,1180,1126,1180,1126
2015-12-19,51,6,5,758,408,350,408,350
2015-12-20,51,7,5,817,421,396,421,396
2015-12-21,52,1,4,804,409,395,409,395
2015-12-22,52,2,4,920,465,455,465,455
2015-12-23,52,3,4,856,446,410,446,410
2015-12-24,52,4,4,524,282,242,282,242
2015-12-25,52,5,6,260,120,140,120,140
2015-12-26,52,6,5,500,252,248,252,248
2015-12-27,52,7,5,639,312,327,312,327
2015-12-28,53,1,4,640,324,316,324,316
2015-12-29,53,2,4,317,164,153,164,153
2015-12-30,53,3,4,495,244,251,244,251
2015-12-31,53,4,4,261,137,124,137,124
2016-01-01,53,5,6,494,254,240,254,240
2016-01-02,53,6,5,113,59,54,59,54
2016-01-03,53,7,5,502,243,259,243,259
2016-01-04,01,1,,1786,907,879,907,879
2016-01-05,01,2,,2468,1250,1218,1250,1218
2016-01-06,01,3,,2014,1021,993,1021,993
2016-01-07,01,4,,1257,619,638,619,638
2016-01-08,01,5,,1828,910,918,910,918
2016-01-09,01,6,1,256,123,133,123,133
2016-01-10,01,7,1,607,298,309,298,309
2016-01-11,02,1,,1715,885,830,885,830
2016-01-12,02,2,,2013,1067,946,1067,946
2016-01-13,02,3,,2184,1114,1070,1114,1070
2016-01-14,02,4,,1622,819,803,819,803
2016-01-15,02,5,,2027,1030,997,1030,997
2016-01-16,02,6,1,303,158,145,158,145
2016-01-17,02,7,1,385,201,184,201,184
2016-01-18,03,1,,2148,1095,1053,1095,1053
2016-01-19,03,2,,2252,1140,1112,1140,1112
2016-01-20,03,3,,2498,1281,1217,1281,1217
2016-01-21,03,4,,2520,1297,1223,1297,1223
2016-01-22,03,5,,2332,1207,1125,1207,1125
2016-01-23,03,6,1,867,450,417,450,417
2016-01-24,03,7,1,1037,496,541,496,541
2016-01-25,04,1,,2787,1444,1343,1444,1343
2016-01-26,04,2,,2954,1495,1459,1495,1459
2016-01-27,04,3,,2945,1504,1441,1504,1441
2016-01-28,04,4,,2848,1485,1363,1485,1363
2016-01-29,04,5,,974,239,735,239,735
2016-01-30,04,6,1,1098,561,537,561,537
2016-01-31,04,7,1,188,100,88,100,88
2016-02-01,05,1,,2540,1293,1247,1293,1247
2016-02-02,05,2,,3104,1585,1519,1585,1519
2016-02-03,05,3,,1610,838,772,838,772
2016-02-04,05,4,,2673,1344,1329,1344,1329
2016-02-05,05,5,,2488,1252,1236,1252,1236
2016-02-06,05,6,1,969,490,479,490,479
2016-02-07,05,7,1,215,119,96,119,96
2016-02-08,06,1,,2512,1276,1236,1276,1236
2016-02-09,06,2,,2248,1140,1108,1140,1108
2016-02-10,06,3,,2496,1270,1226,1270,1226
2016-02-11,06,4,,2644,1360,1284,1360,1284
2016-02-12,06,5,,1772,897,875,897,875
2016-02-13,06,6,5,697,351,346,351,346
2016-02-14,06,7,5,461,236,225,236,225
2016-02-15,07,1,4,2030,1045,985,1045,985
2016-02-16,07,2,4,2333,1185,1148,1185,1148
2016-02-17,07,3,4,2430,1234,1196,1234,1196
2016-02-18,07,4,4,2448,1256,1192,1256,1192
2016-02-19,07,5,4,1926,1000,926,1000,926
2016-02-20,07,6,5,716,348,368,348,368
2016-02-21,07,7,5,1458,748,710,748,710
2016-02-22,08,1,4,1270,647,623,647,623
2016-02-23,08,2,4,1202,621,581,621,581
2016-02-24,08,3,4,1521,745,776,745,776
2016-02-25,08,4,4,991,483,508,483,508
2016-02-26,08,5,4,1388,700,688,700,688
2016-02-27,08,6,5,724,358,366,358,366
2016-02-28,08,7,5,984,515,469,515,469
2016-02-29,09,1,,2009,1039,970,1039,970
2016-03-01,09,2,,2773,1404,1369,1404,1369
2016-03-02,09,3,,1716,895,821,895,821
2016-03-03,09,4,,1372,666,706,666,706
2016-03-04,09,5,,1783,909,874,909,874
2016-03-05,09,6,1,684,352,332,352,332
2016-03-06,09,7,1,645,325,320,325,320
2016-03-07,10,1,,2607,1328,1279,1328,1279
2016-03-08,10,2,,2063,1046,1017,1046,1017
2016-03-09,10,3,,2861,1474,1387,1474,1387
2016-03-10,10,4,,2925,1503,1422,1503,1422
2016-03-11,10,5,,2361,1215,1146,1215,1146
2016-03-12,10,6,1,712,363,349,363,349
2016-03-13,10,7,1,1065,531,534,531,534
2016-03-14,11,1,,2972,1506,1466,1506,1466
2016-03-15,11,2,,3263,1634,1629,1634,1629
2016-03-16,11,3,,1651,857,794,857,794
2016-03-17,11,4,,3211,1621,1590,1621,1590
2016-03-18,11,5,,2815,1450,1365,1450,1365
2016-03-19,11,6,1,1519,775,744,775,744
2016-03-20,11,7,1,1350,697,653,697,653
2016-03-21,12,1,,2867,1457,1410,1457,1410
2016-03-22,12,2,,2974,1515,1459,1515,1459
2016-03-23,12,3,,2940,1505,1435,1505,1435
2016-03-24,12,4,,3306,1659,1647,1659,1647
2016-03-25,12,5,,2223,1133,1090,1133,1090
2016-03-26,12,6,1,1630,809,821,809,821
2016-03-27,12,7,1,264,143,121,143,121
2016-03-28,13,1,2,500,255,245,255,245
2016-03-29,13,2,,2562,1280,1282,1280,1282
2016-03-30,13,3,,3453,1713,1740,1713,1740
2016-03-31,13,4,,4446,2275,2171,2275,2171
2016-04-01,13,5,,2453,1243,1210,1243,1210
2016-04-02,13,6,1,1564,806,758,806,758
2016-04-03,13,7,1,1371,678,693,678,693
2016-04-04,14,1,,3092,1561,1531,1561,1531
2016-04-05,14,2,,2607,1333,1274,1333,1274
2016-04-06,14,3,,2686,1352,1334,1352,1334
2016-04-07,14,4,,3460,1751,1709,1751,1709
2016-04-08,14,5,,2396,1191,1205,1191,1205
2016-04-09,14,6,5,940,473,467,473,467
2016-04-10,14,7,5,2444,1268,1176,1268,1176
2016-04-11,15,1,4,3517,1772,1745,1772,1745
2016-04-12,15,2,4,3914,2016,1898,2016,1898
2016-04-13,15,3,4,2004,1058,946,1058,946
2016-04-14,15,4,4,3772,1903,1869,1903,1869
2016-04-15,15,5,4,2773,1445,1328,1445,1328
2016-04-16,15,6,5,1620,839,781,839,781
2016-04-17,15,7,5,429,187,242,187,242
2016-04-18,16,1,4,1594,816,778,816,778
2016-04-19,16,2,4,2679,1349,1330,1349,1330
2016-04-20,16,3,4,2613,1323,1290,1323,1290
2016-04-21,16,4,4,2234,1115,1119,1115,1119
2016-04-22,16,5,4,1515,749,766,749,766
2016-04-23,16,6,5,247,134,113,134,113
2016-04-24,16,7,5,827,416,411,416,411
2016-04-25,17,1,,2849,1432,1417,1432,1417
2016-04-26,17,2,,2881,1459,1422,1459,1422
2016-04-27,17,3,,3405,1710,1695,1710,1695
2016-04-28,17,4,,4299,2154,2145,2154,2145
2016-04-29,17,5,,3462,1717,1745,1717,1745
2016-04-30,17,6,1,901,457,444,457,444
2016-05-01,17,7,3,390,199,191,199,191
2016-05-02,18,1,,2715,1362,1353,1362,1353
2016-05-03,18,2,,3078,1587,1491,1587,1491
2016-05-04,18,3,,3581,1809,1772,1809,1772
2016-05-05,18,4,2,2258,1176,1082,1176,1082
2016-05-06,18,5,,1856,924,932,924,932
2016-05-07,18,6,1,1399,687,712,687,712
2016-05-08,18,7,3,1694,859,835,859,835
2016-05-09,19,1,,2776,1413,1363,1413,1363
2016-05-10,19,2,,3549,1782,1767,1782,1767
2016-05-11,19,3,,1398,729,669,729,669
2016-05-12,19,4,,2639,1339,1300,1339,1300
2016-05-13,19,5,,1311,644,667,644,667
2016-05-14,19,6,1,638,328,310,328,310
2016-05-15,19,7,1,1455,727,728,727,728
2016-05-16,20,1,2,2309,1144,1165,1144,1165
2016-05-17,20,2,,3627,1827,1800,1827,1800
2016-05-18,20,3,,3542,1773,1769,1773,1769
2016-05-19,20,4,,1882,953,929,953,929
2016-05-20,20,5,,3367,1697,1670,1697,1670
2016-05-21,20,6,1,2250,1097,1153,1097,1153
2016-05-22,20,7,1,1782,869,913,869,913
2016-05-23,21,1,,1375,723,652,723,652
2016-05-24,21,2,,3063,1501,1562,1501,1562
2016-05-25,21,3,,3466,1773,1693,1773,1693
2016-05-26,21,4,,4067,2019,2048,2019,2048
2016-05-27,21,5,,3639,1822,1817,1822,1817
2016-05-28,21,6,1,2022,1049,973,1049,973
2016-05-29,21,7,1,481,259,222,259,222
2016-05-30,22,1,,2228,1137,1091,1137,1091
2016-05-31,22,2,,2241,1097,1144,1097,1144
2016-06-01,22,3,,2870,1472,1398,1472,1398
2016-06-02,22,4,,2896,1503,1393,1503,1393
2016-06-03,22,5,,2850,1447,1403,1447,1403
2016-06-04,22,6,1,1661,853,808,853,808
2016-06-05,22,7,1,1617,825,792,825,792
2016-06-06,23,1,,3538,1771,1767,1771,1767
2016-06-07,23,2,,3482,1767,1715,1767,1715
2016-06-08,23,3,,2899,1478,1421,1478,1421
2016-06-09,23,4,,3625,1838,1787,1838,1787
2016-06-10,23,5,,3588,1815,1773,1815,1773
2016-06-11,23,6,1,1567,821,746,821,746
2016-06-12,23,7,1,1637,812,825,812,825
2016-06-13,24,1,,2238,1134,1104,1134,1104
2016-06-14,24,2,,2707,1359,1348,1359,1348
2016-06-15,24,3,,2390,1212,1178,1212,1178
2016-06-16,24,4,,1477,756,721,756,721
2016-06-17,24,5,,2288,1150,1138,1150,1138
2016-06-18,24,6,1,796,413,383,413,383
2016-06-19,24,7,1,802,396,406,396,406
2016-06-20,25,1,,3302,1698,1604,1698,1604
2016-06-21,25,2,,3321,1643,1678,1643,1678
2016-06-22,25,3,,3530,1848,1682,1848,1682
2016-06-23,25,4,,3692,1872,1820,1872,1820
2016-06-24,25,5,,3135,1584,1551,1584,1551
2016-06-25,25,6,1,1147,571,576,571,576
2016-06-26,25,7,1,1376,693,683,693,683
2016-06-27,26,1,,3183,1607,1576,1607,1576
2016-06-28,26,2,,3561,1775,1786,1775,1786
2016-06-29,26,3,,3267,1666,1601,1666,1601
2016-06-30,26,4,,2919,1473,1446,1473,1446
2016-07-01,26,5,,3032,1506,1526,1506,1526
2016-07-02,26,6,1,1119,558,561,558,561
2016-07-03,26,7,1,1581,790,791,790,791
2016-07-04,27,1,,3081,1521,1560,1521,1560
2016-07-05,27,2,4,3055,1525,1530,1525,1530
2016-07-06,27,3,4,3183,1595,1588,1595,1588
2016-07-07,27,4,4,3194,1589,1605,1589,1605
2016-07-08,27,5,4,2880,1414,1466,1414,1466
2016-07-09,27,6,5,1225,618,607,618,607
2016-07-10,27,7,5,1342,667,675,667,675
2016-07-11,28,1,4,2312,1194,1118,1194,1118
2016-07-12,28,2,4,1216,632,584,632,584
2016-07-13,28,3,4,1969,1029,940,1029,940
2016-07-14,28,4,6,802,402,400,402,400
2016-07-15,28,5,4,1222,621,601,621,601
2016-07-16,28,6,5,1064,530,534,530,534
2016-07-17,28,7,5,1279,635,644,635,644
2016-07-18,29,1,4,2530,1271,1259,1271,1259
2016-07-19,29,2,4,2622,1337,1285,1337,1285
2016-07-20,29,3,4,2442,1217,1225,1217,1225
2016-07-21,29,4,4,2483,1254,1229,1254,1229
2016-07-22,29,5,4,1665,858,807,858,807
2016-07-23,29,6,5,656,341,315,341,315
2016-07-24,29,7,5,1353,701,652,701,652
2016-07-25,30,1,4,2437,1253,1184,1253,1184
2016-07-26,30,2,4,2479,1239,1240,1239,1240
2016-07-27,30,3,4,2398,1221,1177,1221,1177
2016-07-28,30,4,4,2405,1198,1207,1198,1207
2016-07-29,30,5,4,2109,1085,1024,1085,1024
2016-07-30,30,6,5,1198,592,606,592,606
2016-07-31,30,7,5,870,449,421,449,421
2016-08-01,31,1,4,1794,932,862,932,862
2016-08-02,31,2,4,2070,1062,1008,1062,1008
2016-08-03,31,3,4,1950,992,958,992,958
2016-08-04,31,4,4,1625,828,797,828,797
2016-08-05,31,5,4,1012,516,496,516,496
2016-08-06,31,6,5,1029,534,495,534,495
2016-08-07,31,7,5,1349,683,666,683,666
2016-08-08,32,1,4,1650,859,791,859,791
2016-08-09,32,2,4,1464,738,726,738,726
2016-08-10,32,3,4,1654,866,788,866,788
2016-08-11,32,4,4,1663,829,834,829,834
2016-08-12,32,5,4,1498,773,725,773,725
2016-08-13,32,6,5,979,484,495,484,495
2016-08-14,32,7,5,1044,519,525,519,525
2016-08-15,33,1,6,997,506,491,506,491
2016-08-16,33,2,4,1676,856,820,856,820
2016-08-17,33,3,4,1914,983,931,983,931
2016-08-18,33,4,4,1575,798,777,798,777
2016-08-19,33,5,4,1711,861,850,861,850
2016-08-20,33,6,5,338,179,159,179,159
2016-08-21,33,7,5,1402,699,703,699,703
2016-08-22,34,1,4,2439,1242,1197,1242,1197
2016-08-23,34,2,4,2570,1306,1264,1306,1264
2016-08-24,34,3,4,2462,1251,1211,1251,1211
2016-08-25,34,4,4,2534,1270,1264,1270,1264
2016-08-26,34,5,4,2263,1173,1090,1173,1090
2016-08-27,34,6,5,1049,548,501,548,501
2016-08-28,34,7,5,1203,615,588,615,588
2016-08-29,35,1,4,2782,1412,1370,1412,1370
2016-08-30,35,2,4,3168,1631,1537,1631,1537
2016-08-31,35,3,4,3007,1533,1474,1533,1474
2016-09-01,35,4,4,3362,1717,1645,1717,1645
2016-09-02,35,5,4,3295,1675,1620,1675,1620
2016-09-03,35,6,5,1561,811,750,811,750
2016-09-04,35,7,5,2041,1012,1029,1012,1029
2016-09-05,36,1,4,3705,1903,1802,1903,1802
2016-09-06,36,2,4,4194,2162,2032,2162,2032
2016-09-07,36,3,4,4230,2156,2074,2156,2074
2016-09-08,36,4,4,4489,2355,2134,2355,2134
2016-09-09,36,5,4,3812,1898,1914,1898,1914
2016-09-10,36,6,5,1583,841,742,841,742
2016-09-11,36,7,5,2093,1073,1020,1073,1020
2016-09-12,37,1,4,4290,2198,2092,2198,2092
2016-09-13,37,2,4,4579,2346,2233,2346,2233
2016-09-14,37,3,4,4387,2256,2131,2256,2131
2016-09-15,37,4,4,4174,2287,1887,2287,1887
2016-09-16,37,5,4,3453,1644,1809,1644,1809
2016-09-17,37,6,5,395,204,191,204,191
2016-09-18,37,7,5,539,265,274,265,274
2016-09-19,38,1,4,3738,1918,1820,1918,1820
2016-09-20,38,2,4,4467,2268,2199,2268,2199
2016-09-21,38,3,4,4285,2191,2094,2191,2094
2016-09-22,38,4,4,4819,2499,2320,2499,2320
2016-09-23,38,5,4,4021,2036,1985,2036,1985
2016-09-24,38,6,5,1687,841,846,841,846
2016-09-25,38,7,5,2163,1096,1067,1096,1067
2016-09-26,39,1,4,4277,2233,2044,2233,2044
2016-09-27,39,2,4,4540,2328,2212,2328,2212
2016-09-28,39,3,4,4822,2459,2363,2459,2363
2016-09-29,39,4,4,5164,2598,2566,2598,2566
2016-09-30,39,5,4,4272,2189,2083,2189,2083
2016-10-01,39,6,5,710,354,356,354,356
2016-10-02,39,7,1,1386,687,699,687,699
2016-10-03,40,1,,4472,2286,2186,2286,2186
2016-10-04,40,2,,4860,2465,2395,2465,2395
2016-10-05,40,3,,4652,2378,2274,2378,2274
2016-10-06,40,4,,4265,2183,2082,2183,2082
2016-10-07,40,5,,3740,1931,1809,1931,1809
2016-10-08,40,6,1,1557,783,774,783,774
2016-10-09,40,7,1,1749,912,837,912,837
2016-10-10,41,1,,3851,1949,1902,1949,1902
2016-10-11,41,2,,4385,2234,2151,2234,2151
2016-10-12,41,3,,4089,2114,1975,2114,1975
2016-10-13,41,4,,2326,1190,1136,1190,1136
2016-10-14,41,5,,1436,740,696,740,696
2016-10-15,41,6,1,1493,738,755,738,755
2016-10-16,41,7,1,1554,797,757,797,757
2016-10-17,42,1,,2078,1071,1007,1071,1007
2016-10-18,42,2,,4053,2080,1973,2080,1973
2016-10-19,42,3,4,3868,1998,1870,1998,1870
2016-10-20,42,4,4,4014,2026,1988,2026,1988
2016-10-21,42,5,4,3472,1775,1697,1775,1697
2016-10-22,42,6,5,1388,700,688,700,688
2016-10-23,42,7,5,631,312,319,312,319
2016-10-24,43,1,4,3809,1945,1864,1945,1864
2016-10-25,43,2,4,2113,1105,1008,1105,1008
2016-10-26,43,3,4,2432,1224,1208,1224,1208
2016-10-27,43,4,4,2197,1104,1093,1104,1093
2016-10-28,43,5,4,2118,1077,1041,1077,1041
2016-10-29,43,6,5,796,406,390,406,390
2016-10-30,43,7,5,1039,542,497,542,497
2016-10-31,44,1,4,1345,687,658,687,658
2016-11-01,44,2,6,1045,552,493,552,493
2016-11-02,44,3,4,2360,1208,1152,1208,1152
2016-11-03,44,4,,3596,1829,1767,1829,1767
2016-11-04,44,5,,3365,1750,1615,1750,1615
2016-11-05,44,6,1,384,196,188,196,188
2016-11-06,44,7,1,631,332,299,332,299
2016-11-07,45,1,,3569,1839,1730,1839,1730
2016-11-08,45,2,,3028,1532,1496,1532,1496
2016-11-09,45,3,,2044,1056,988,1056,988
2016-11-10,45,4,,1920,983,937,983,937
2016-11-11,45,5,2,322,171,151,171,151
2016-11-12,45,6,1,809,396,413,396,413
2016-11-13,45,7,1,619,312,307,312,307
2016-11-14,46,1,,2785,1416,1369,1416,1369
2016-11-15,46,2,,3395,1745,1650,1745,1650
2016-11-16,46,3,,3559,1838,1721,1838,1721
2016-11-17,46,4,,3655,1839,1816,1839,1816
2016-11-18,46,5,,2655,1373,1282,1373,1282
2016-11-19,46,6,1,1085,544,541,544,541
2016-11-20,46,7,1,1172,586,586,586,586
2016-11-21,47,1,,2553,1320,1233,1320,1233
2016-11-22,47,2,,2288,1148,1140,1148,1140
2016-11-23,47,3,,3675,1865,1810,1865,1810
2016-11-24,47,4,,2116,1069,1047,1069,1047
2016-11-25,47,5,,2112,1092,1020,1092,1020
2016-11-26,47,6,1,1147,582,565,582,565
2016-11-27,47,7,1,1158,584,574,584,574
2016-11-28,48,1,,3143,1611,1532,1611,1532
2016-11-29,48,2,,3506,1813,1693,1813,1693
2016-11-30,48,3,,3317,1686,1631,1686,1631
2016-12-01,48,4,,3321,1685,1636,1685,1636
2016-12-02,48,5,,2622,1340,1282,1340,1282
2016-12-03,48,6,1,635,318,317,318,317
2016-12-04,48,7,1,836,430,406,430,406
2016-12-05,49,1,,3222,1651,1571,1651,1571
2016-12-06,49,2,,3295,1676,1619,1676,1619
2016-12-07,49,3,,3015,1534,1481,1534,1481
2016-12-08,49,4,,3223,1608,1615,1608,1615
2016-12-09,49,5,,2689,1378,1311,1378,1311
2016-12-10,49,6,1,803,402,401,402,401
2016-12-11,49,7,1,751,373,378,373,378
2016-12-12,50,1,,2792,1411,1381,1411,1381
2016-12-13,50,2,,2956,1480,1476,1480,1476
2016-12-14,50,3,,2712,1365,1347,1365,1347
2016-12-15,50,4,,2763,1406,1357,1406,1357
2016-12-16,50,5,,2285,1152,1133,1152,1133
2016-12-17,50,6,5,531,256,275,256,275
2016-12-18,50,7,5,354,189,165,189,165
2016-12-19,51,1,4,1247,656,591,656,591
2016-12-20,51,2,4,1320,669,651,669,651
2016-12-21,51,3,4,1151,581,570,581,570
2016-12-22,51,4,4,944,468,476,468,476
2016-12-23,51,5,4,645,338,307,338,307
2016-12-24,51,6,5,265,126,139,126,139
2016-12-25,51,7,7,208,97,111,97,111
2016-12-26,52,1,4,452,223,229,223,229
2016-12-27,52,2,4,443,211,232,211,232
2016-12-28,52,3,4,519,257,262,257,262
2016-12-29,52,4,4,571,273,298,273,298
2016-12-30,52,5,4,554,294,260,294,260
2016-12-31,52,6,5,313,150,163,150,163
2017-01-01,52,7,7,178,92,86,92,86
2017-01-02,01,1,4,988,498,490,498,490
2017-01-03,01,2,,2035,1034,1001,1034,1001
2017-01-04,01,3,,2305,1180,1125,1180,1125
2017-01-05,01,4,,2353,1177,1176,1177,1176
2017-01-06,01,5,,2192,1128,1064,1128,1064
2017-01-07,01,6,1,604,316,288,316,288
2017-01-08,01,7,1,351,197,154,197,154
2017-01-09,02,1,,2357,1178,1179,1178,1179
2017-01-10,02,2,,2020,1038,982,1038,982
2017-01-11,02,3,,1862,941,921,941,921
2017-01-12,02,4,,2138,1100,1038,1100,1038
2017-01-13,02,5,,1424,750,674,750,674
2017-01-14,02,6,1,136,73,63,73,63
2017-01-15,02,7,1,199,107,92,107,92
2017-01-16,03,1,,1428,734,694,734,694
2017-01-17,03,2,,1584,823,761,823,761
2017-01-18,03,3,,1685,854,831,854,831
2017-01-19,03,4,,1788,910,878,910,878
2017-01-20,03,5,,1552,792,760,792,760
2017-01-21,03,6,1,324,169,155,169,155
2017-01-22,03,7,1,284,146,138,146,138
2017-01-23,04,1,,1977,1023,954,1023,954
2017-01-24,04,2,,1935,993,942,993,942
2017-01-25,04,3,,1920,993,927,993,927
2017-01-26,04,4,,1932,976,956,976,956
2017-01-27,04,5,,1669,854,815,854,815
2017-01-28,04,6,1,487,246,241,246,241
2017-01-29,04,7,1,538,283,255,283,255
2017-01-30,05,1,,1773,924,849,924,849
2017-01-31,05,2,,1952,982,970,982,970
2017-02-01,05,3,,2406,1242,1164,1242,1164
2017-02-02,05,4,,2676,1333,1343,1333,1343
2017-02-03,05,5,,1998,1037,961,1037,961
2017-02-04,05,6,1,721,359,362,359,362
2017-02-05,05,7,1,150,82,68,82,68
2017-02-06,06,1,,1771,877,894,877,894
2017-02-07,06,2,,2281,1152,1129,1152,1129
2017-02-08,06,3,,844,181,663,181,663
2017-02-09,06,4,,2230,1123,1107,1123,1107
2017-02-10,06,5,,2040,1044,996,1044,996
2017-02-11,06,6,1,1071,558,513,558,513
2017-02-12,06,7,1,1122,580,542,580,542
2017-02-13,07,1,,2665,1352,1313,1352,1313
2017-02-14,07,2,,2776,1405,1371,1405,1371
2017-02-15,07,3,,3061,1563,1498,1563,1498
2017-02-16,07,4,,3141,1598,1543,1598,1543
2017-02-17,07,5,,2708,1371,1337,1371,1337
2017-02-18,07,6,5,1368,689,679,689,679
2017-02-19,07,7,5,1634,875,759,875,759
2017-02-20,08,1,4,2049,1046,1003,1046,1003
2017-02-21,08,2,4,2161,1080,1081,1080,1081
2017-02-22,08,3,4,2182,1133,1049,1133,1049
2017-02-23,08,4,4,2275,1176,1099,1176,1099
2017-02-24,08,5,4,1328,651,677,651,677
2017-02-25,08,6,5,1124,577,547,577,547
2017-02-26,08,7,5,1573,829,744,829,744
2017-02-27,09,1,4,2751,1402,1349,1402,1349
2017-02-28,09,2,4,1435,626,809,626,809
2017-03-01,09,3,4,1572,634,938,634,938
2017-03-02,09,4,4,1604,709,895,709,895
2017-03-03,09,5,4,2474,1256,1218,1256,1218
2017-03-04,09,6,5,419,202,217,202,217
2017-03-05,09,7,5,772,402,370,402,370
2017-03-06,10,1,,1305,697,608,697,608
2017-03-07,10,2,,1381,679,702,679,702
2017-03-08,10,3,,2444,1260,1184,1260,1184
2017-03-09,10,4,,2957,1510,1447,1510,1447
2017-03-10,10,5,,3070,1545,1525,1545,1525
2017-03-11,10,6,1,1726,923,803,923,803
2017-03-12,10,7,1,1850,959,891,959,891
2017-03-13,11,1,,3472,1787,1685,1787,1685
2017-03-14,11,2,,3861,1963,1898,1963,1898
2017-03-15,11,3,,3901,2004,1897,2004,1897
2017-03-16,11,4,,4074,2079,1995,2079,1995
2017-03-17,11,5,,3607,1841,1766,1841,1766
2017-03-18,11,6,1,998,519,479,519,479
2017-03-19,11,7,1,2028,1008,1020,1008,1020
2017-03-20,12,1,,3542,1810,1732,1810,1732
2017-03-21,12,2,,3616,1857,1759,1857,1759
2017-03-22,12,3,,3157,1661,1496,1661,1496
2017-03-23,12,4,,3233,1620,1613,1620,1613
2017-03-24,12,5,,2232,1149,1083,1149,1083
2017-03-25,12,6,1,980,518,462,518,462
2017-03-26,12,7,1,2351,1226,1125,1226,1125
2017-03-27,13,1,,3541,1825,1716,1825,1716
2017-03-28,13,2,,4071,2100,1971,2100,1971
2017-03-29,13,3,,4199,2124,2075,2124,2075
2017-03-30,13,4,,4380,2217,2163,2217,2163
2017-03-31,13,5,,3468,1730,1738,1730,1738
2017-04-01,13,6,1,648,362,286,362,286
2017-04-02,13,7,1,798,413,385,413,385
2017-04-03,14,1,,3597,1827,1770,1827,1770
2017-04-04,14,2,,3942,2033,1909,2033,1909
2017-04-05,14,3,,4052,2089,1963,2089,1963
2017-04-06,14,4,,4395,2254,2141,2254,2141
2017-04-07,14,5,,3725,1892,1833,1892,1833
2017-04-08,14,6,1,2268,1180,1088,1180,1088
2017-04-09,14,7,1,2536,1281,1255,1281,1255
2017-04-10,15,1,,3998,2057,1941,2057,1941
2017-04-11,15,2,,3784,1902,1882,1902,1882
2017-04-12,15,3,,4409,2227,2182,2227,2182
2017-04-13,15,4,,4150,2109,2041,2109,2041
2017-04-14,15,5,,3576,1838,1738,1838,1738
2017-04-15,15,6,5,1101,561,540,561,540
2017-04-16,15,7,5,1066,525,541,525,541
2017-04-17,16,1,6,1700,879,821,879,821
2017-04-18,16,2,4,2067,1061,1006,1061,1006
2017-04-19,16,3,4,2312,1187,1125,1187,1125
2017-04-20,16,4,4,2394,1224,1170,1224,1170
2017-04-21,16,5,4,2388,1214,1174,1214,1174
2017-04-22,16,6,5,1553,812,741,812,741
2017-04-23,16,7,5,1746,875,871,875,871
2017-04-24,17,1,4,3667,1894,1773,1894,1773
2017-04-25,17,2,4,2655,1388,1267,1388,1267
2017-04-26,17,3,4,1539,813,726,813,726
2017-04-27,17,4,4,1576,811,765,811,765
2017-04-28,17,5,4,1245,617,628,617,628
2017-04-29,17,6,5,1709,861,848,861,848
2017-04-30,17,7,5,1587,804,783,804,783
2017-05-01,18,1,6,1066,540,526,540,526
2017-05-02,18,2,,1797,935,862,935,862
2017-05-03,18,3,,2562,1303,1259,1303,1259
2017-05-04,18,4,,1946,994,952,994,952
2017-05-05,18,5,,2961,1491,1470,1491,1470
2017-05-06,18,6,1,351,183,168,183,168
2017-05-07,18,7,1,601,275,326,275,326
2017-05-08,19,1,2,1173,607,566,607,566
2017-05-09,19,2,,3162,1589,1573,1589,1573
2017-05-10,19,3,,3328,1727,1601,1727,1601
2017-05-11,19,4,,2048,1026,1022,1026,1022
2017-05-12,19,5,,1847,939,908,939,908
2017-05-13,19,6,1,1453,719,734,719,734
2017-05-14,19,7,1,2407,1171,1236,1171,1236
2017-05-15,20,1,,3731,1879,1852,1879,1852
2017-05-16,20,2,,4009,2026,1983,2026,1983
2017-05-17,20,3,,4074,2051,2023,2051,2023
2017-05-18,20,4,,3565,1798,1767,1798,1767
2017-05-19,20,5,,1637,799,838,799,838
2017-05-20,20,6,1,1381,689,692,689,692
2017-05-21,20,7,1,2550,1248,1302,1248,1302
2017-05-22,21,1,,3605,1839,1766,1839,1766
2017-05-23,21,2,,3713,1865,1848,1865,1848
2017-05-24,21,3,,3348,1698,1650,1698,1650
2017-05-25,21,4,2,1942,973,969,973,969
2017-05-26,21,5,,1445,730,715,730,715
2017-05-27,21,6,1,1447,719,728,719,728
2017-05-28,21,7,1,1471,741,730,741,730
2017-05-29,22,1,,3461,1736,1725,1736,1725
2017-05-30,22,2,,3647,1862,1785,1862,1785
2017-05-31,22,3,,3204,1633,1571,1633,1571
2017-06-01,22,4,,3137,1591,1546,1591,1546
2017-06-02,22,5,,3110,1546,1564,1546,1564
2017-06-03,22,6,1,1173,605,568,605,568
2017-06-04,22,7,1,1130,564,566,564,566
2017-06-05,23,1,2,1806,898,908,898,908
2017-06-06,23,2,,1965,1004,961,1004,961
2017-06-07,23,3,,3455,1726,1729,1726,1729
2017-06-08,23,4,,3993,2026,1967,2026,1967
2017-06-09,23,5,,3305,1618,1687,1618,1687
2017-06-10,23,6,1,1699,868,831,868,831
2017-06-11,23,7,1,1691,826,865,826,865
2017-06-12,24,1,,3536,1764,1772,1764,1772
2017-06-13,24,2,,3685,1850,1835,1850,1835
2017-06-14,24,3,,3060,1550,1510,1550,1510
2017-06-15,24,4,,3438,1714,1724,1714,1724
2017-06-16,24,5,,3263,1637,1626,1637,1626
2017-06-17,24,6,1,1460,731,729,731,729
2017-06-18,24,7,1,1617,803,814,803,814
2017-06-19,25,1,,3363,1690,1673,1690,1673
2017-06-20,25,2,,3509,1746,1763,1746,1763
2017-06-21,25,3,,3335,1631,1704,1631,1704
2017-06-22,25,4,,3254,1711,1543,1711,1543
2017-06-23,25,5,,2832,1461,1371,1461,1371
2017-06-24,25,6,1,1119,573,546,573,546
2017-06-25,25,7,1,1375,669,706,669,706
2017-06-26,26,1,,2732,1418,1314,1418,1314
2017-06-27,26,2,,3184,1609,1575,1609,1575
2017-06-28,26,3,,2023,1039,984,1039,984
2017-06-29,26,4,,1777,883,894,883,894
2017-06-30,26,5,,2364,1191,1173,1191,1173
2017-07-01,26,6,1,815,403,412,403,412
2017-07-02,26,7,1,1252,638,614,638,614
2017-07-03,27,1,,3013,1521,1492,1521,1492
2017-07-04,27,2,,3338,1670,1668,1670,1668
2017-07-05,27,3,,3180,1592,1588,1592,1588
2017-07-06,27,4,,3120,1579,1541,1579,1541
2017-07-07,27,5,,2784,1409,1375,1409,1375
2017-07-08,27,6,5,1144,580,564,580,564
2017-07-09,27,7,5,1042,521,521,521,521
2017-07-10,28,1,4,2693,1354,1339,1354,1339
2017-07-11,28,2,4,2944,1461,1483,1461,1483
2017-07-12,28,3,4,3306,1644,1662,1644,1662
2017-07-13,28,4,4,2864,1449,1415,1449,1415
2017-07-14,28,5,6,1179,606,573,606,573
2017-07-15,28,6,5,974,485,489,485,489
2017-07-16,28,7,5,1340,647,693,647,693
2017-07-17,29,1,4,2765,1395,1370,1395,1370
2017-07-18,29,2,4,3136,1587,1549,1587,1549
2017-07-19,29,3,4,2964,1499,1465,1499,1465
2017-07-20,29,4,4,2614,1327,1287,1327,1287
2017-07-21,29,5,4,2254,1168,1086,1168,1086
2017-07-22,29,6,5,882,417,465,417,465
2017-07-23,29,7,5,1486,734,752,734,752
2017-07-24,30,1,4,1674,842,832,842,832
2017-07-25,30,2,4,1579,803,776,803,776
2017-07-26,30,3,4,2563,1318,1245,1318,1245
2017-07-27,30,4,4,2484,1225,1259,1225,1259
2017-07-28,30,5,4,2206,1092,1114,1092,1114
2017-07-29,30,6,5,996,509,487,509,487
2017-07-30,30,7,5,1041,518,523,518,523
2017-07-31,31,1,4,1757,898,859,898,859
2017-08-01,31,2,4,1781,919,862,919,862
2017-08-02,31,3,4,1965,988,977,988,977
2017-08-03,31,4,4,1734,891,843,891,843
2017-08-04,31,5,4,1579,788,791,788,791
2017-08-05,31,6,5,911,462,449,462,449
2017-08-06,31,7,5,1066,519,547,519,547
2017-08-07,32,1,4,1752,891,861,891,861
2017-08-08,32,2,4,660,333,327,333,327
2017-08-09,32,3,4,1658,854,804,854,804
2017-08-10,32,4,4,1387,686,701,686,701
2017-08-11,32,5,4,506,259,247,259,247
2017-08-12,32,6,5,1020,529,491,529,491
2017-08-13,32,7,5,1076,550,526,550,526
2017-08-14,33,1,4,1056,537,519,537,519
2017-08-15,33,2,6,1101,541,560,541,560
2017-08-16,33,3,4,1756,863,893,863,893
2017-08-17,33,4,4,1938,976,962,976,962
2017-08-18,33,5,4,1529,793,736,793,736
2017-08-19,33,6,5,965,505,460,505,460
2017-08-20,33,7,5,1236,615,621,615,621
2017-08-21,34,1,4,2265,1152,1113,1152,1113
2017-08-22,34,2,4,2635,1318,1317,1318,1317
2017-08-23,34,3,4,2638,1336,1302,1336,1302
2017-08-24,34,4,4,2329,1188,1141,1188,1141
2017-08-25,34,5,4,2361,1176,1185,1176,1185
2017-08-26,34,6,5,1094,535,559,535,559
2017-08-27,34,7,5,1403,671,732,671,732
2017-08-28,35,1,4,2826,1433,1393,1433,1393
2017-08-29,35,2,4,3050,1541,1509,1541,1509
2017-08-30,35,3,4,2993,1506,1487,1506,1487
2017-08-31,35,4,4,1181,613,568,613,568
2017-09-01,35,5,4,1910,935,975,935,975
2017-09-02,35,6,5,484,238,246,238,246
2017-09-03,35,7,5,2218,1086,1132,1086,1132
2017-09-04,36,1,,3774,1947,1827,1947,1827
2017-09-05,36,2,,4132,2090,2042,2090,2042
2017-09-06,36,3,,3604,1836,1768,1836,1768
2017-09-07,36,4,,4002,2032,1970,2032,1970
2017-09-08,36,5,,3672,1836,1836,1836,1836
2017-09-09,36,6,1,457,232,225,232,225
2017-09-10,36,7,1,1283,642,641,642,641
2017-09-11,37,1,,3947,2027,1920,2027,1920
2017-09-12,37,2,,3873,1971,1902,1971,1902
2017-09-13,37,3,,3991,2039,1952,2039,1952
2017-09-14,37,4,,3018,1605,1413,1605,1413
2017-09-15,37,5,,3460,1697,1763,1697,1763
2017-09-16,37,6,1,1387,703,684,703,684
2017-09-17,37,7,1,1097,553,544,553,544
2017-09-18,38,1,,3459,1759,1700,1759,1700
2017-09-19,38,2,,2990,1531,1459,1531,1459
2017-09-20,38,3,,4059,2062,1997,2062,1997
2017-09-21,38,4,,4457,2266,2191,2266,2191
2017-09-22,38,5,,3768,1902,1866,1902,1866
2017-09-23,38,6,1,1614,842,772,842,772
2017-09-24,38,7,1,2184,1108,1076,1108,1076
2017-09-25,39,1,,4062,2077,1985,2077,1985
2017-09-26,39,2,,4381,2252,2129,2252,2129
2017-09-27,39,3,,4524,2308,2216,2308,2216
2017-09-28,39,4,,4755,2449,2306,2449,2306
2017-09-29,39,5,,4162,2095,2067,2095,2067
2017-09-30,39,6,1,988,507,481,507,481
2017-10-01,39,7,1,1318,681,637,681,637
2017-10-02,40,1,,3736,1914,1822,1914,1822
2017-10-03,40,2,,3564,1854,1710,1854,1710
2017-10-04,40,3,,4729,2416,2313,2416,2313
2017-10-05,40,4,,4911,2530,2381,2530,2381
2017-10-06,40,5,,3614,1853,1761,1853,1761
2017-10-07,40,6,1,1807,936,871,936,871
2017-10-08,40,7,1,1790,937,853,937,853
2017-10-09,41,1,,4228,2176,2052,2176,2052
2017-10-10,41,2,,5181,2725,2456,2725,2456
2017-10-11,41,3,,4860,2494,2366,2494,2366
2017-10-12,41,4,,4924,2530,2394,2530,2394
2017-10-13,41,5,,4172,2147,2025,2147,2025
2017-10-14,41,6,1,1827,940,887,940,887
2017-10-15,41,7,1,1910,973,937,973,937
2017-10-16,42,1,,4575,2369,2206,2369,2206
2017-10-17,42,2,,4711,2431,2280,2431,2280
2017-10-18,42,3,,4873,2488,2385,2488,2385
2017-10-19,42,4,,4777,2441,2336,2441,2336
2017-10-20,42,5,,4162,2134,2028,2134,2028
2017-10-21,42,6,5,1722,881,841,881,841
2017-10-22,42,7,5,701,354,347,354,347
2017-10-23,43,1,4,3106,1577,1529,1577,1529
2017-10-24,43,2,4,4384,2200,2184,2200,2184
2017-10-25,43,3,4,4351,2235,2116,2235,2116
2017-10-26,43,4,4,4297,2209,2088,2209,2088
2017-10-27,43,5,4,3314,1677,1637,1677,1637
2017-10-28,43,6,5,1031,538,493,538,493
2017-10-29,43,7,5,855,443,412,443,412
2017-10-30,44,1,4,1777,909,868,909,868
2017-10-31,44,2,4,2169,1104,1065,1104,1065
2017-11-01,44,3,6,1183,618,565,618,565
2017-11-02,44,4,4,2073,1034,1039,1034,1039
2017-11-03,44,5,4,2086,1055,1031,1055,1031
2017-11-04,44,6,5,800,394,406,394,406
2017-11-05,44,7,5,428,220,208,220,208
2017-11-06,45,1,,2503,1278,1225,1278,1225
2017-11-07,45,2,,3481,1778,1703,1778,1703
2017-11-08,45,3,,3532,1821,1711,1821,1711
2017-11-09,45,4,,3300,1690,1610,1690,1610
2017-11-10,45,5,,3280,1668,1612,1668,1612
2017-11-11,45,6,3,648,347,301,347,301
2017-11-12,45,7,1,480,221,259,221,259
2017-11-13,46,1,,1974,1022,952,1022,952
2017-11-14,46,2,,3542,1822,1720,1822,1720
2017-11-15,46,3,,3569,1845,1724,1845,1724
2017-11-16,46,4,,3892,2006,1886,2006,1886
2017-11-17,46,5,,3117,1606,1511,1606,1511
2017-11-18,46,6,1,873,446,427,446,427
2017-11-19,46,7,1,1179,610,569,610,569
2017-11-20,47,1,,3579,1841,1738,1841,1738
2017-11-21,47,2,,3937,2012,1925,2012,1925
2017-11-22,47,3,,3883,1973,1910,1973,1910
2017-11-23,47,4,,3823,1946,1877,1946,1877
2017-11-24,47,5,,3346,1671,1675,1671,1675
2017-11-25,47,6,1,528,269,259,269,259
2017-11-26,47,7,1,698,351,347,351,347
2017-11-27,48,1,,3495,1794,1701,1794,1701
2017-11-28,48,2,,3407,1714,1693,1714,1693
2017-11-29,48,3,,3047,1550,1497,1550,1497
2017-11-30,48,4,,3030,1548,1482,1548,1482
2017-12-01,48,5,,1566,802,764,802,764
2017-12-02,48,6,1,474,271,203,271,203
2017-12-03,48,7,1,354,185,169,185,169
2017-12-04,49,1,,2864,1469,1395,1469,1395
2017-12-05,49,2,,3177,1607,1570,1607,1570
2017-12-06,49,3,,2847,1476,1371,1476,1371
2017-12-07,49,4,,2924,1470,1454,1470,1454
2017-12-08,49,5,,1754,896,858,896,858
2017-12-09,49,6,1,486,249,237,249,237
2017-12-10,49,7,1,181,102,79,102,79
2017-12-11,50,1,,1527,796,731,796,731
2017-12-12,50,2,,1920,989,931,989,931
2017-12-13,50,3,,2560,1313,1247,1313,1247
2017-12-14,50,4,,2641,1347,1294,1347,1294
2017-12-15,50,5,,2149,1081,1068,1081,1068
2017-12-16,50,6,1,587,318,269,318,269
2017-12-17,50,7,1,510,242,268,242,268
2017-12-18,51,1,,1222,634,588,634,588
2017-12-19,51,2,,1954,1005,949,1005,949
2017-12-20,51,3,,2238,1155,1083,1155,1083
2017-12-21,51,4,,2282,1156,1126,1156,1126
2017-12-22,51,5,,1701,871,830,871,830
2017-12-23,51,6,5,399,197,202,197,202
2017-12-24,51,7,5,307,159,148,159,148
2017-12-25,52,1,6,113,58,55,58,55
2017-12-26,52,2,4,264,130,134,130,134
2017-12-27,52,3,4,232,123,109,123,109
2017-12-28,52,4,4,386,197,189,197,189
2017-12-29,52,5,4,353,184,169,184,169
2017-12-30,52,6,5,71,42,29,42,29
2017-12-31,52,7,5,352,167,185,167,185
2018-01-01,01,1,6,352,180,172,180,172
2018-01-02,01,2,4,607,311,296,311,296
2018-01-03,01,3,4,714,373,341,373,341
2018-01-04,01,4,4,685,341,344,341,344
2018-01-05,01,5,4,1361,711,650,711,650
2018-01-06,01,6,5,1004,505,499,505,499
2018-01-07,01,7,5,636,329,307,329,307
2018-01-08,02,1,,2668,1343,1325,1343,1325
2018-01-09,02,2,,2312,1183,1129,1183,1129
2018-01-10,02,3,,2740,1386,1354,1386,1354
2018-01-11,02,4,,3102,1601,1501,1601,1501
2018-01-12,02,5,,2654,1376,1278,1376,1278
2018-01-13,02,6,1,1018,520,498,520,498
2018-01-14,02,7,1,786,409,377,409,377
2018-01-15,03,1,,2953,1500,1453,1500,1453
2018-01-16,03,2,,2101,1053,1048,1053,1048
2018-01-17,03,3,,2161,1104,1057,1104,1057
2018-01-18,03,4,,2525,1275,1250,1275,1250
2018-01-19,03,5,,2171,1121,1050,1121,1050
2018-01-20,03,6,1,428,225,203,225,203
2018-01-21,03,7,1,358,181,177,181,177
2018-01-22,04,1,,1504,768,736,768,736
2018-01-23,04,2,,2934,1497,1437,1497,1437
2018-01-24,04,3,,3432,1733,1699,1733,1699
2018-01-25,04,4,,3160,1618,1542,1618,1542
2018-01-26,04,5,,1698,883,815,883,815
2018-01-27,04,6,1,748,370,378,370,378
2018-01-28,04,7,1,819,426,393,426,393
2018-01-29,05,1,,3006,1531,1475,1531,1475
2018-01-30,05,2,,3088,1581,1507,1581,1507
2018-01-31,05,3,,3392,1719,1673,1719,1673
2018-02-01,05,4,,1877,946,931,946,931
2018-02-02,05,5,,2625,1348,1277,1348,1277
2018-02-03,05,6,1,803,415,388,415,388
2018-02-04,05,7,1,842,462,380,462,380
2018-02-05,06,1,,2436,1218,1218,1218,1218
2018-02-06,06,2,,3066,1537,1529,1537,1529
2018-02-07,06,3,,2601,1339,1262,1339,1262
2018-02-08,06,4,,2686,1346,1340,1346,1340
2018-02-09,06,5,,2694,1378,1316,1378,1316
2018-02-10,06,6,5,549,268,281,268,281
2018-02-11,06,7,5,422,222,200,222,200
2018-02-12,07,1,4,1930,980,950,980,950
2018-02-13,07,2,4,2595,1331,1264,1331,1264
2018-02-14,07,3,4,1934,985,949,985,949
2018-02-15,07,4,4,1726,881,845,881,845
2018-02-16,07,5,4,1862,949,913,949,913
2018-02-17,07,6,5,295,162,133,162,133
2018-02-18,07,7,5,459,228,231,228,231
2018-02-19,08,1,4,1736,890,846,890,846
2018-02-20,08,2,4,1798,927,871,927,871
2018-02-21,08,3,4,1509,750,759,750,759
2018-02-22,08,4,4,1570,789,781,789,781
2018-02-23,08,5,4,1406,713,693,713,693
2018-02-24,08,6,5,653,328,325,328,325
2018-02-25,08,7,5,468,250,218,250,218
2018-02-26,09,1,,2299,1171,1128,1171,1128
2018-02-27,09,2,,2367,1201,1166,1201,1166
2018-02-28,09,3,,2262,1159,1103,1159,1103
2018-03-01,09,4,,1802,906,896,906,896
2018-03-02,09,5,,1446,743,703,743,703
2018-03-03,09,6,1,408,212,196,212,196
2018-03-04,09,7,1,1062,552,510,552,510
2018-03-05,10,1,,2624,1342,1282,1342,1282
2018-03-06,10,2,,2806,1445,1361,1445,1361
2018-03-07,10,3,,2857,1466,1391,1466,1391
2018-03-08,10,4,,3487,1772,1715,1772,1715
2018-03-09,10,5,,3140,1619,1521,1619,1521
2018-03-10,10,6,1,1078,549,529,549,529
2018-03-11,10,7,1,921,479,442,479,442
2018-03-12,11,1,,2536,1286,1250,1286,1250
2018-03-13,11,2,,2936,1514,1422,1514,1422
2018-03-14,11,3,,3962,2038,1924,2038,1924
2018-03-15,11,4,,1924,989,935,989,935
2018-03-16,11,5,,2829,1431,1398,1431,1398
2018-03-17,11,6,1,339,170,169,170,169
2018-03-18,11,7,1,920,485,435,485,435
2018-03-19,12,1,,3169,1623,1546,1623,1546
2018-03-20,12,2,,2769,1392,1377,1392,1377
2018-03-21,12,3,,2891,1483,1408,1483,1408
2018-03-22,12,4,,3610,1811,1799,1811,1799
2018-03-23,12,5,,2904,1478,1426,1478,1426
2018-03-24,12,6,1,1644,831,813,831,813
2018-03-25,12,7,1,1105,555,550,555,550
2018-03-26,13,1,,3104,1588,1516,1588,1516
2018-03-27,13,2,,2802,1418,1384,1418,1384
2018-03-28,13,3,,2712,1344,1368,1344,1368
2018-03-29,13,4,,2699,1392,1307,1392,1307
2018-03-30,13,5,,1975,1024,951,1024,951
2018-03-31,13,6,1,919,456,463,456,463
2018-04-01,13,7,1,1068,551,517,551,517
2018-04-02,14,1,2,1470,742,728,742,728
2018-04-03,14,2,,3391,1755,1636,1755,1636
2018-04-04,14,3,,2921,1485,1436,1485,1436
2018-04-05,14,4,,3508,1773,1735,1773,1735
2018-04-06,14,5,,3892,1964,1928,1964,1928
2018-04-07,14,6,5,1770,879,891,879,891
2018-04-08,14,7,5,1941,1000,941,1000,941
2018-04-09,15,1,4,3144,1590,1554,1590,1554
2018-04-10,15,2,4,2439,1233,1206,1233,1206
2018-04-11,15,3,4,3471,1781,1690,1781,1690
2018-04-12,15,4,4,3348,1710,1638,1710,1638
2018-04-13,15,5,4,3000,1544,1456,1544,1456
2018-04-14,15,6,5,1481,759,722,759,722
2018-04-15,15,7,5,2002,1009,993,1009,993
2018-04-16,16,1,4,2523,1293,1230,1293,1230
2018-04-17,16,2,4,3291,1658,1633,1658,1633
2018-04-18,16,3,4,3496,1790,1706,1790,1706
2018-04-19,16,4,4,3476,1746,1730,1746,1730
2018-04-20,16,5,4,3121,1630,1491,1630,1491
2018-04-21,16,6,5,1988,996,992,996,992
2018-04-22,16,7,5,2591,1305,1286,1305,1286
2018-04-23,17,1,,4008,2028,1980,2028,1980
2018-04-24,17,2,,4808,2451,2357,2451,2357
2018-04-25,17,3,,4525,2292,2233,2292,2233
2018-04-26,17,4,,4109,2082,2027,2082,2027
2018-04-27,17,5,,4352,2276,2076,2276,2076
2018-04-28,17,6,1,2303,1145,1158,1145,1158
2018-04-29,17,7,1,1544,782,762,782,762
2018-04-30,18,1,,2627,1335,1292,1335,1292
2018-05-01,18,2,2,1659,853,806,853,806
2018-05-02,18,3,,3293,1685,1608,1685,1608
2018-05-03,18,4,,3218,1611,1607,1611,1607
2018-05-04,18,5,,3385,1677,1708,1677,1708
2018-05-05,18,6,1,2163,1120,1043,1120,1043
2018-05-06,18,7,1,2723,1343,1380,1343,1380
2018-05-07,19,1,,2813,1437,1376,1437,1376
2018-05-08,19,2,2,1958,954,1004,954,1004
2018-05-09,19,3,,2255,1133,1122,1133,1122
2018-05-10,19,4,2,616,321,295,321,295
2018-05-11,19,5,,1884,946,938,946,938
2018-05-12,19,6,1,1711,883,828,883,828
2018-05-13,19,7,1,339,173,166,173,166
2018-05-14,20,1,,2772,1399,1373,1399,1373
2018-05-15,20,2,,3022,1526,1496,1526,1496
2018-05-16,20,3,,3345,1713,1632,1713,1632
2018-05-17,20,4,,3807,1908,1899,1908,1899
2018-05-18,20,5,,3552,1786,1766,1786,1766
2018-05-19,20,6,1,1849,923,926,923,926
2018-05-20,20,7,1,1957,979,978,979,978
2018-05-21,21,1,2,2400,1187,1213,1187,1213
2018-05-22,21,2,,3083,1623,1460,1623,1460
2018-05-23,21,3,,2829,1414,1415,1414,1415
2018-05-24,21,4,,4120,2056,2064,2056,2064
2018-05-25,21,5,,4043,2029,2014,2029,2014
2018-05-26,21,6,1,1879,955,924,955,924
2018-05-27,21,7,1,1404,709,695,709,695
2018-05-28,22,1,,2853,1458,1395,1458,1395
2018-05-29,22,2,,3300,1659,1641,1659,1641
2018-05-30,22,3,,2737,1426,1311,1426,1311
2018-05-31,22,4,,3110,1511,1599,1511,1599
2018-06-01,22,5,,3887,1972,1915,1972,1915
2018-06-02,22,6,1,2071,1007,1064,1007,1064
2018-06-03,22,7,1,1950,1015,935,1015,935
2018-06-04,23,1,,3129,1547,1582,1547,1582
2018-06-05,23,2,,3491,1767,1724,1767,1724
2018-06-06,23,3,,3606,1798,1808,1798,1808
2018-06-07,23,4,,2802,1443,1359,1443,1359
2018-06-08,23,5,,3375,1663,1712,1663,1712
2018-06-09,23,6,1,1770,921,849,921,849
2018-06-10,23,7,1,2191,1115,1076,1115,1076
2018-06-11,24,1,,2271,1128,1143,1128,1143
2018-06-12,24,2,,2979,1530,1449,1530,1449
2018-06-13,24,3,,1542,760,782,760,782
2018-06-14,24,4,,3715,1861,1854,1861,1854
2018-06-15,24,5,,3524,1760,1764,1760,1764
2018-06-16,24,6,1,1870,939,931,939,931
2018-06-17,24,7,1,1496,759,737,759,737
2018-06-18,25,1,,3534,1774,1760,1774,1760
2018-06-19,25,2,,4164,2103,2061,2103,2061
2018-06-20,25,3,,3971,2022,1949,2022,1949
2018-06-21,25,4,,4013,1981,2032,1981,2032
2018-06-22,25,5,,3483,1804,1679,1804,1679
2018-06-23,25,6,1,1881,953,928,953,928
2018-06-24,25,7,1,2001,1017,984,1017,984
2018-06-25,26,1,,3701,1860,1841,1860,1841
2018-06-26,26,2,,4067,2076,1991,2076,1991
2018-06-27,26,3,,3779,1874,1905,1874,1905
2018-06-28,26,4,,3847,1933,1914,1933,1914
2018-06-29,26,5,,3507,1751,1756,1751,1756
2018-06-30,26,6,1,1282,648,634,648,634
2018-07-01,26,7,1,1364,681,683,681,683
2018-07-02,27,1,,3304,1658,1646,1658,1646
2018-07-03,27,2,,3416,1725,1691,1725,1691
2018-07-04,27,3,,3311,1659,1652,1659,1652
2018-07-05,27,4,,2977,1523,1454,1523,1454
2018-07-06,27,5,,2756,1350,1406,1350,1406
2018-07-07,27,6,5,1518,782,736,782,736
2018-07-08,27,7,5,1492,735,757,735,757
2018-07-09,28,1,4,3389,1673,1716,1673,1716
2018-07-10,28,2,4,3442,1693,1749,1693,1749
2018-07-11,28,3,4,3306,1664,1642,1664,1642
2018-07-12,28,4,4,3299,1661,1638,1661,1638
2018-07-13,28,5,4,2975,1484,1491,1484,1491
2018-07-14,28,6,7,1220,584,636,584,636
2018-07-15,28,7,5,1303,651,652,651,652
2018-07-16,29,1,4,2660,1335,1325,1335,1325
2018-07-17,29,2,4,3350,1657,1693,1657,1693
2018-07-18,29,3,4,3227,1607,1620,1607,1620
2018-07-19,29,4,4,3024,1534,1490,1534,1490
2018-07-20,29,5,4,2702,1364,1338,1364,1338
2018-07-21,29,6,5,1134,545,589,545,589
2018-07-22,29,7,5,1584,789,795,789,795
2018-07-23,30,1,4,2833,1424,1409,1424,1409
2018-07-24,30,2,4,3004,1526,1478,1526,1478
2018-07-25,30,3,4,2801,1433,1368,1433,1368
2018-07-26,30,4,4,2650,1329,1321,1329,1321
2018-07-27,30,5,4,2195,1098,1097,1098,1097
2018-07-28,30,6,5,964,471,493,471,493
2018-07-29,30,7,5,1271,635,636,635,636
2018-07-30,31,1,4,2128,1080,1048,1080,1048
2018-07-31,31,2,4,2181,1089,1092,1089,1092
2018-08-01,31,3,4,2099,1070,1029,1070,1029
2018-08-02,31,4,4,1986,1006,980,1006,980
2018-08-03,31,5,4,1677,837,840,837,840
2018-08-04,31,6,5,822,398,424,398,424
2018-08-05,31,7,5,760,390,370,390,370
2018-08-06,32,1,4,1545,785,760,785,760
2018-08-07,32,2,4,1756,873,883,873,883
2018-08-08,32,3,4,1916,983,933,983,933
2018-08-09,32,4,4,986,493,493,493,493
2018-08-10,32,5,4,1756,853,903,853,903
2018-08-11,32,6,5,1159,590,569,590,569
2018-08-12,32,7,5,1160,589,571,589,571
2018-08-13,33,1,4,842,424,418,424,418
2018-08-14,33,2,4,1294,639,655,639,655
2018-08-15,33,3,6,1461,731,730,731,730
2018-08-16,33,4,4,1839,916,923,916,923
2018-08-17,33,5,4,1504,751,753,751,753
2018-08-18,33,6,5,1086,543,543,543,543
2018-08-19,33,7,5,1436,715,721,715,721
2018-08-20,34,1,4,2352,1162,1190,1162,1190
2018-08-21,34,2,4,2662,1353,1309,1353,1309
2018-08-22,34,3,4,2386,1229,1157,1229,1157
2018-08-23,34,4,4,2572,1288,1284,1288,1284
2018-08-24,34,5,4,2237,1095,1142,1095,1142
2018-08-25,34,6,5,1277,617,660,617,660
2018-08-26,34,7,5,1821,913,908,913,908
2018-08-27,35,1,4,3167,1592,1575,1592,1575
2018-08-28,35,2,4,3478,1737,1741,1737,1741
2018-08-29,35,3,4,2688,1377,1311,1377,1311
2018-08-30,35,4,4,2886,1430,1456,1430,1456
2018-08-31,35,5,4,3132,1564,1568,1564,1568
2018-09-01,35,6,5,1210,626,584,626,584
2018-09-02,35,7,5,2243,1109,1134,1109,1134
2018-09-03,36,1,,4077,2071,2006,2071,2006
2018-09-04,36,2,,4596,2347,2249,2347,2249
2018-09-05,36,3,,4590,2314,2276,2314,2276
2018-09-06,36,4,,3268,1680,1588,1680,1588
2018-09-07,36,5,,3714,1878,1836,1878,1836
2018-09-08,36,6,1,1996,1025,971,1025,971
2018-09-09,36,7,1,2374,1164,1210,1164,1210
2018-09-10,37,1,,4605,2292,2313,2292,2313
2018-09-11,37,2,,5070,2594,2476,2594,2476
2018-09-12,37,3,,4992,2504,2488,2504,2488
2018-09-13,37,4,,5341,2740,2601,2740,2601
2018-09-14,37,5,,4202,2074,2128,2074,2128
2018-09-15,37,6,1,1791,904,887,904,887
2018-09-16,37,7,1,2090,1088,1002,1088,1002
2018-09-17,38,1,,5098,2599,2499,2599,2499
2018-09-18,38,2,,5517,2753,2764,2753,2764
2018-09-19,38,3,,5495,2792,2703,2792,2703
2018-09-20,38,4,,5736,2947,2789,2947,2789
2018-09-21,38,5,,4342,2192,2150,2192,2150
2018-09-22,38,6,1,1785,909,876,909,876
2018-09-23,38,7,1,2384,1205,1179,1205,1179
2018-09-24,39,1,,4600,2312,2288,2312,2288
2018-09-25,39,2,,5181,2665,2516,2665,2516
2018-09-26,39,3,,5351,2723,2628,2723,2628
2018-09-27,39,4,,5567,2854,2713,2854,2713
2018-09-28,39,5,,4709,2390,2319,2390,2319
2018-09-29,39,6,1,1937,984,953,984,953
2018-09-30,39,7,1,1268,646,622,646,622
2018-10-01,40,1,,3278,1664,1614,1664,1614
2018-10-02,40,2,,4905,2505,2400,2505,2400
2018-10-03,40,3,,5058,2587,2471,2587,2471
2018-10-04,40,4,,5332,2699,2633,2699,2633
2018-10-05,40,5,,4630,2369,2261,2369,2261
2018-10-06,40,6,1,1894,952,942,952,942
2018-10-07,40,7,1,432,230,202,230,202
2018-10-08,41,1,,4793,2409,2384,2409,2384
2018-10-09,41,2,,5761,2944,2817,2944,2817
2018-10-10,41,3,,5021,2553,2468,2553,2468
2018-10-11,41,4,,4819,2421,2398,2421,2398
2018-10-12,41,5,,4583,2320,2263,2320,2263
2018-10-13,41,6,1,2260,1128,1132,1128,1132
2018-10-14,41,7,1,1780,892,888,892,888
2018-10-15,42,1,,4911,2497,2414,2497,2414
2018-10-16,42,2,,5356,2725,2631,2725,2631
2018-10-17,42,3,,5316,2720,2596,2720,2596
2018-10-18,42,4,,5437,2754,2683,2754,2683
2018-10-19,42,5,,4585,2350,2235,2350,2235
2018-10-20,42,6,5,2064,1036,1028,1036,1028
2018-10-21,42,7,5,1951,1018,933,1018,933
2018-10-22,43,1,4,4265,2208,2057,2208,2057
2018-10-23,43,2,4,4788,2432,2356,2432,2356
2018-10-24,43,3,4,4627,2345,2282,2345,2282
2018-10-25,43,4,4,4590,2341,2249,2341,2249
2018-10-26,43,5,4,3629,1853,1776,1853,1776
2018-10-27,43,6,5,296,167,129,167,129
2018-10-28,43,7,5,657,326,331,326,331
2018-10-29,44,1,4,1001,522,479,522,479
2018-10-30,44,2,4,1977,993,984,993,984
2018-10-31,44,3,4,2102,1068,1034,1068,1034
2018-11-01,44,4,6,586,305,281,305,281
2018-11-02,44,5,4,841,425,416,425,416
2018-11-03,44,6,5,891,450,441,450,441
2018-11-04,44,7,5,1407,697,710,697,710
2018-11-05,45,1,,4312,2221,2091,2221,2091
2018-11-06,45,2,,3850,1974,1876,1974,1876
2018-11-07,45,3,,4240,2169,2071,2169,2071
2018-11-08,45,4,,4383,2211,2172,2211,2172
2018-11-09,45,5,,3962,2003,1959,2003,1959
2018-11-10,45,6,1,1289,647,642,647,642
2018-11-11,45,7,3,1576,825,751,825,751
2018-11-12,46,1,,4741,2431,2310,2431,2310
2018-11-13,46,2,,4932,2573,2359,2573,2359
2018-11-14,46,3,,4966,2531,2435,2531,2435
2018-11-15,46,4,,5014,2568,2446,2568,2446
2018-11-16,46,5,,4021,2064,1957,2064,1957
2018-11-17,46,6,1,1257,642,615,642,615
2018-11-18,46,7,1,1549,778,771,778,771
2018-11-19,47,1,,4003,2068,1935,2068,1935
2018-11-20,47,2,,3995,2062,1933,2062,1933
2018-11-21,47,3,,2373,1223,1150,1223,1150
2018-11-22,47,4,,4168,2129,2039,2129,2039
2018-11-23,47,5,,2899,1506,1393,1506,1393
2018-11-24,47,6,1,1212,600,612,600,612
2018-11-25,47,7,1,859,441,418,441,418
2018-11-26,48,1,,3157,1617,1540,1617,1540
2018-11-27,48,2,,3611,1869,1742,1869,1742
2018-11-28,48,3,,4133,2137,1996,2137,1996
2018-11-29,48,4,,4384,2216,2168,2216,2168
2018-11-30,48,5,,2432,1262,1170,1262,1170
2018-12-01,48,6,1,1006,533,473,533,473
2018-12-02,48,7,1,238,138,100,138,100
2018-12-03,49,1,,2859,1469,1390,1469,1390
2018-12-04,49,2,,3459,1754,1705,1754,1705
2018-12-05,49,3,,4129,2112,2017,2112,2017
2018-12-06,49,4,,2716,1353,1363,1353,1363
2018-12-07,49,5,,3739,1925,1814,1925,1814
2018-12-08,49,6,1,1041,541,500,541,500
2018-12-09,49,7,1,478,251,227,251,227
2018-12-10,50,1,,2489,1299,1190,1299,1190
2018-12-11,50,2,,3823,1955,1868,1955,1868
2018-12-12,50,3,,3509,1784,1725,1784,1725
2018-12-13,50,4,,3504,1778,1726,1778,1726
2018-12-14,50,5,,3085,1575,1510,1575,1510
2018-12-15,50,6,1,834,430,404,430,404
2018-12-16,50,7,1,377,202,175,202,175
2018-12-17,51,1,,2278,1184,1094,1184,1094
2018-12-18,51,2,,3402,1745,1657,1745,1657
2018-12-19,51,3,,2274,1179,1095,1179,1095
2018-12-20,51,4,,2855,1428,1427,1428,1427
2018-12-21,51,5,,1782,920,862,920,862
2018-12-22,51,6,5,434,230,204,230,204
2018-12-23,51,7,5,455,238,217,238,217
2018-12-24,52,1,4,351,177,174,177,174
2018-12-25,52,2,6,308,153,155,153,155
2018-12-26,52,3,4,591,304,287,304,287
2018-12-27,52,4,4,522,249,273,249,273
2018-12-28,52,5,4,445,238,207,238,207
2018-12-29,52,6,5,365,192,173,192,173
2018-12-30,52,7,5,566,303,263,303,263
2018-12-31,01,1,4,442,226,216,226,216
2019-01-01,01,2,6,318,164,154,164,154
2019-01-02,01,3,4,1064,562,502,562,502
2019-01-03,01,4,4,1516,778,738,778,738
2019-01-04,01,5,4,1428,729,699,729,699
2019-01-05,01,6,5,621,318,303,318,303
2019-01-06,01,7,5,520,279,241,279,241
2019-01-07,02,1,,2878,1481,1397,1481,1397
2019-01-08,02,2,,2908,1468,1440,1468,1440
2019-01-09,02,3,,2112,1090,1022,1090,1022
2019-01-10,02,4,,2790,1413,1377,1413,1377
2019-01-11,02,5,,2723,1382,1341,1382,1341
2019-01-12,02,6,1,816,425,391,425,391
2019-01-13,02,7,1,601,320,281,320,281
2019-01-14,03,1,,2036,1064,972,1064,972
2019-01-15,03,2,,3323,1683,1640,1683,1640
2019-01-16,03,3,,3267,1689,1578,1689,1578
2019-01-17,03,4,,2781,1436,1345,1436,1345
2019-01-18,03,5,,2728,1412,1316,1412,1316
2019-01-19,03,6,1,1000,522,478,522,478
2019-01-20,03,7,1,844,454,390,454,390
2019-01-21,04,1,,3170,1632,1538,1632,1538
2019-01-22,04,2,,3275,1689,1586,1689,1586
2019-01-23,04,3,,2172,1125,1047,1125,1047
2019-01-24,04,4,,2358,1187,1171,1187,1171
2019-01-25,04,5,,2408,1219,1189,1219,1189
2019-01-26,04,6,1,816,415,401,415,401
2019-01-27,04,7,1,438,234,204,234,204
2019-01-28,05,1,,2686,1366,1320,1366,1320
2019-01-29,05,2,,2990,1535,1455,1535,1455
2019-01-30,05,3,,2512,1282,1230,1282,1230
2019-01-31,05,4,,2668,1355,1313,1355,1313
2019-02-01,05,5,,1288,672,616,672,616
2019-02-02,05,6,1,592,305,287,305,287
2019-02-03,05,7,1,408,216,192,216,192
2019-02-04,06,1,,2850,1488,1362,1488,1362
2019-02-05,06,2,,3457,1794,1663,1794,1663
2019-02-06,06,3,,3189,1635,1554,1635,1554
2019-02-07,06,4,,2916,1499,1417,1499,1417
2019-02-08,06,5,,2763,1400,1363,1400,1363
2019-02-09,06,6,1,890,464,426,464,426
2019-02-10,06,7,1,626,336,290,336,290
2019-02-11,07,1,,1976,996,980,996,980
2019-02-12,07,2,,3288,1672,1616,1672,1616
2019-02-13,07,3,,3332,1710,1622,1710,1622
2019-02-14,07,4,,3672,1862,1810,1862,1810
2019-02-15,07,5,,3216,1630,1586,1630,1586
2019-02-16,07,6,5,1560,812,748,812,748
2019-02-17,07,7,5,1645,822,823,822,823
2019-02-18,08,1,4,3338,1709,1629,1709,1629
2019-02-19,08,2,4,3564,1831,1733,1831,1733
2019-02-20,08,3,4,3463,1758,1705,1758,1705
2019-02-21,08,4,4,3619,1826,1793,1826,1793
2019-02-22,08,5,4,3099,1583,1516,1583,1516
2019-02-23,08,6,5,1402,716,686,716,686
2019-02-24,08,7,5,1542,809,733,809,733
2019-02-25,09,1,4,2406,1261,1145,1261,1145
2019-02-26,09,2,4,2563,1319,1244,1319,1244
2019-02-27,09,3,4,2515,1293,1222,1293,1222
2019-02-28,09,4,4,2745,1416,1329,1416,1329
2019-03-01,09,5,4,1757,909,848,909,848
2019-03-02,09,6,5,746,390,356,390,356
2019-03-03,09,7,5,1798,934,864,934,864
2019-03-04,10,1,,3049,1553,1496,1553,1496
2019-03-05,10,2,,4221,2155,2066,2155,2066
2019-03-06,10,3,,3655,1916,1739,1916,1739
2019-03-07,10,4,,3439,1733,1706,1733,1706
2019-03-08,10,5,,3565,1835,1730,1835,1730
2019-03-09,10,6,1,1054,552,502,552,502
2019-03-10,10,7,1,1200,631,569,631,569
2019-03-11,11,1,,2645,1371,1274,1371,1274
2019-03-12,11,2,,3954,2015,1939,2015,1939
2019-03-13,11,3,,3156,1607,1549,1607,1549
2019-03-14,11,4,,2561,1314,1247,1314,1247
2019-03-15,11,5,,1691,834,857,834,857
2019-03-16,11,6,1,1875,963,912,963,912
2019-03-17,11,7,1,1373,698,675,698,675
2019-03-18,12,1,,2846,1459,1387,1459,1387
2019-03-19,12,2,,4372,2223,2149,2223,2149
2019-03-20,12,3,,4132,2093,2039,2093,2039
2019-03-21,12,4,,4321,2206,2115,2206,2115
2019-03-22,12,5,,3896,1976,1920,1976,1920
2019-03-23,12,6,1,2038,1020,1018,1020,1018
2019-03-24,12,7,1,2430,1251,1179,1251,1179
2019-03-25,13,1,,3707,1907,1800,1907,1800
2019-03-26,13,2,,4099,2078,2021,2078,2021
2019-03-27,13,3,,4386,2231,2155,2231,2155
2019-03-28,13,4,,4493,2296,2197,2296,2197
2019-03-29,13,5,,3951,2021,1930,2021,1930
2019-03-30,13,6,1,2017,1019,998,1019,998
2019-03-31,13,7,1,2559,1297,1262,1297,1262
2019-04-01,14,1,,4115,2106,2009,2106,2009
2019-04-02,14,2,,4431,2263,2168,2263,2168
2019-04-03,14,3,,2208,1196,1012,1196,1012
2019-04-04,14,4,,2287,1125,1162,1125,1162
2019-04-05,14,5,,3501,1790,1711,1790,1711
2019-04-06,14,6,1,1376,684,692,684,692
2019-04-07,14,7,1,1058,549,509,549,509
2019-04-08,15,1,,3697,1898,1799,1898,1799
2019-04-09,15,2,,4369,2218,2151,2218,2151
2019-04-10,15,3,,3173,1640,1533,1640,1533
2019-04-11,15,4,,3484,1773,1711,1773,1711
2019-04-12,15,5,,3569,1817,1752,1817,1752
2019-04-13,15,6,5,1703,875,828,875,828
2019-04-14,15,7,5,1555,822,733,822,733
2019-04-15,16,1,4,3996,2037,1959,2037,1959
2019-04-16,16,2,4,3028,1529,1499,1529,1499
2019-04-17,16,3,4,4624,2353,2271,2353,2271
2019-04-18,16,4,4,4458,2265,2193,2265,2193
2019-04-19,16,5,4,3562,1821,1741,1821,1741
2019-04-20,16,6,5,1727,896,831,896,831
2019-04-21,16,7,5,1201,617,584,617,584
2019-04-22,17,1,6,1740,900,840,900,840
2019-04-23,17,2,4,2724,1408,1316,1408,1316
2019-04-24,17,3,4,1889,968,921,968,921
2019-04-25,17,4,4,2485,1269,1216,1269,1216
2019-04-26,17,5,4,2054,1046,1008,1046,1008
2019-04-27,17,6,5,1028,523,505,523,505
2019-04-28,17,7,5,494,260,234,260,234
2019-04-29,18,1,,3528,1821,1707,1821,1707
2019-04-30,18,2,,4343,2186,2157,2186,2157
2019-05-01,18,3,2,3615,1867,1748,1867,1748
2019-05-02,18,4,,2881,1486,1395,1486,1395
2019-05-03,18,5,,3030,1544,1486,1544,1486
2019-05-04,18,6,1,1430,701,729,701,729
2019-05-05,18,7,1,583,265,318,265,318
2019-05-06,19,1,,3536,1747,1789,1747,1789
2019-05-07,19,2,,4143,2063,2080,2063,2080
2019-05-08,19,3,2,674,375,299,375,299
2019-05-09,19,4,,2922,1485,1437,1485,1437
2019-05-10,19,5,,3844,1934,1910,1934,1910
2019-05-11,19,6,1,987,498,489,498,489
2019-05-12,19,7,1,1809,895,914,895,914
2019-05-13,20,1,,4114,2112,2002,2112,2002
2019-05-14,20,2,,4614,2354,2260,2354,2260
2019-05-15,20,3,,4496,2260,2236,2260,2236
2019-05-16,20,4,,4560,2325,2235,2325,2235
2019-05-17,20,5,,2719,1370,1349,1370,1349
2019-05-18,20,6,1,1260,630,630,630,630
2019-05-19,20,7,1,576,299,277,299,277
2019-05-20,21,1,,1609,825,784,825,784
2019-05-21,21,2,,3665,1853,1812,1853,1812
2019-05-22,21,3,,4576,2303,2273,2303,2273
2019-05-23,21,4,,4709,2369,2340,2369,2340
2019-05-24,21,5,,4045,2020,2025,2020,2025
2019-05-25,21,6,1,1301,650,651,650,651
2019-05-26,21,7,1,2167,1111,1056,1111,1056
2019-05-27,22,1,,3687,1882,1805,1882,1805
2019-05-28,22,2,,2265,1152,1113,1152,1113
2019-05-29,22,3,,2987,1519,1468,1519,1468
2019-05-30,22,4,6,2269,1132,1137,1132,1137
2019-05-31,22,5,4,2036,1016,1020,1016,1020
2019-06-01,22,6,5,1600,799,801,799,801
2019-06-02,22,7,5,2023,1010,1013,1010,1013
2019-06-03,23,1,,4117,2098,2019,2098,2019
2019-06-04,23,2,,4604,2327,2277,2327,2277
2019-06-05,23,3,,4527,2249,2278,2249,2278
2019-06-06,23,4,,3962,2008,1954,2008,1954
2019-06-07,23,5,,3890,1964,1926,1964,1926
2019-06-08,23,6,1,1885,940,945,940,945
2019-06-09,23,7,1,716,385,331,385,331
2019-06-10,24,1,2,721,383,338,383,338
2019-06-11,24,2,,1652,833,819,833,819
2019-06-12,24,3,,4013,2011,2002,2011,2002
2019-06-13,24,4,,4574,2322,2252,2322,2252
2019-06-14,24,5,,2940,1462,1478,1462,1478
2019-06-15,24,6,1,885,448,437,448,437
2019-06-16,24,7,1,2212,1094,1118,1094,1118
2019-06-17,25,1,,4200,2139,2061,2139,2061
2019-06-18,25,2,,4550,2250,2300,2250,2300
2019-06-19,25,3,,4301,2148,2153,2148,2153
2019-06-20,25,4,,2651,1350,1301,1350,1301
2019-06-21,25,5,,2672,1365,1307,1365,1307
2019-06-22,25,6,1,1440,728,712,728,712
2019-06-23,25,7,1,2273,1152,1121,1152,1121
2019-06-24,26,1,,4118,2079,2039,2079,2039
2019-06-25,26,2,,4278,2175,2103,2175,2103
2019-06-26,26,3,,3785,1919,1866,1919,1866
2019-06-27,26,4,,3575,1790,1785,1790,1785
2019-06-28,26,5,,3071,1541,1530,1541,1530
2019-06-29,26,6,1,1066,524,542,524,542
2019-06-30,26,7,1,894,450,444,450,444
2019-07-01,27,1,,3186,1598,1588,1598,1588
2019-07-02,27,2,,3369,1680,1689,1680,1689
2019-07-03,27,3,,3485,1735,1750,1735,1750
2019-07-04,27,4,,3844,1921,1923,1921,1923
2019-07-05,27,5,,3247,1656,1591,1656,1591
2019-07-06,27,6,5,1199,620,579,620,579
2019-07-07,27,7,5,1283,613,670,613,670
2019-07-08,28,1,4,3731,1831,1900,1831,1900
2019-07-09,28,2,4,2833,1444,1389,1444,1389
2019-07-10,28,3,4,3958,1963,1995,1963,1995
2019-07-11,28,4,4,3613,1839,1774,1839,1774
2019-07-12,28,5,4,3239,1657,1582,1657,1582
2019-07-13,28,6,5,1258,632,626,632,626
2019-07-14,28,7,7,1653,827,826,827,826
2019-07-15,29,1,4,2837,1424,1413,1424,1413
2019-07-16,29,2,4,3777,1894,1883,1894,1883
2019-07-17,29,3,4,3587,1806,1781,1806,1781
2019-07-18,29,4,4,3751,1845,1906,1845,1906
2019-07-19,29,5,4,3172,1608,1564,1608,1564
2019-07-20,29,6,5,1203,600,603,600,603
2019-07-21,29,7,5,1355,684,671,684,671
2019-07-22,30,1,4,2897,1449,1448,1449,1448
2019-07-23,30,2,4,3001,1515,1486,1515,1486
2019-07-24,30,3,4,2630,1338,1292,1338,1292
2019-07-25,30,4,4,2511,1274,1237,1274,1237
2019-07-26,30,5,4,2194,1115,1079,1115,1079
2019-07-27,30,6,5,665,359,306,359,306
2019-07-28,30,7,5,572,282,290,282,290
2019-07-29,31,1,4,2626,1302,1324,1302,1324
2019-07-30,31,2,4,2686,1348,1338,1348,1338
2019-07-31,31,3,4,2547,1279,1268,1279,1268
2019-08-01,31,4,4,2472,1260,1212,1260,1212
2019-08-02,31,5,4,2210,1135,1075,1135,1075
2019-08-03,31,6,5,1242,638,604,638,604
2019-08-04,31,7,5,1271,633,638,633,638
2019-08-05,32,1,4,2089,1050,1039,1050,1039
2019-08-06,32,2,4,2067,1023,1044,1023,1044
2019-08-07,32,3,4,1354,681,673,681,673
2019-08-08,32,4,4,2248,1149,1099,1149,1099
2019-08-09,32,5,4,1750,897,853,897,853
2019-08-10,32,6,5,986,507,479,507,479
2019-08-11,32,7,5,942,490,452,490,452
2019-08-12,33,1,4,996,512,484,512,484
2019-08-13,33,2,4,1944,992,952,992,952
2019-08-14,33,3,4,1848,938,910,938,910
2019-08-15,33,4,6,1216,636,580,636,580
2019-08-16,33,5,4,1402,700,702,700,702
2019-08-17,33,6,5,1154,580,574,580,574
2019-08-18,33,7,5,1278,645,633,645,633
2019-08-19,34,1,4,1796,907,889,907,889
2019-08-20,34,2,4,758,377,381,377,381
2019-08-21,34,3,4,2218,1109,1109,1109,1109
2019-08-22,34,4,4,2832,1445,1387,1445,1387
2019-08-23,34,5,4,2501,1233,1268,1233,1268
2019-08-24,34,6,5,1333,667,666,667,666
2019-08-25,34,7,5,1541,763,778,763,778
2019-08-26,35,1,4,3347,1687,1660,1687,1660
2019-08-27,35,2,4,3616,1823,1793,1823,1793
2019-08-28,35,3,4,3143,1587,1556,1587,1556
2019-08-29,35,4,4,3948,1972,1976,1972,1976
2019-08-30,35,5,4,3362,1681,1681,1681,1681
2019-08-31,35,6,5,1684,852,832,852,832
2019-09-01,35,7,5,1757,904,853,904,853
2019-09-02,36,1,,4051,2044,2007,2044,2007
2019-09-03,36,2,,4990,2481,2509,2481,2509
2019-09-04,36,3,,5129,2586,2543,2586,2543
2019-09-05,36,4,,4676,2375,2301,2375,2301
2019-09-06,36,5,,3934,1972,1962,1972,1962
2019-09-07,36,6,1,1971,1035,936,1035,936
2019-09-08,36,7,1,1162,587,575,587,575
2019-09-09,37,1,,4795,2425,2370,2425,2370
2019-09-10,37,2,,4211,2138,2073,2138,2073
2019-09-11,37,3,,5260,2676,2584,2676,2584
2019-09-12,37,4,,5667,2897,2770,2897,2770
2019-09-13,37,5,,4797,2402,2395,2402,2395
2019-09-14,37,6,1,2217,1121,1096,1121,1096
2019-09-15,37,7,1,2370,1193,1177,1193,1177
2019-09-16,38,1,,5616,2836,2780,2836,2780
2019-09-17,38,2,,5882,2972,2910,2972,2910
2019-09-18,38,3,,5869,2978,2891,2978,2891
2019-09-19,38,4,,5951,3062,2889,3062,2889
2019-09-20,38,5,,4983,2501,2482,2501,2482
2019-09-21,38,6,1,2172,1141,1031,1141,1031
2019-09-22,38,7,1,1752,899,853,899,853
2019-09-23,39,1,,5316,2699,2617,2699,2617
2019-09-24,39,2,,5157,2655,2502,2655,2502
2019-09-25,39,3,,4785,2398,2387,2398,2387
2019-09-26,39,4,,5145,2587,2558,2587,2558
2019-09-27,39,5,,4998,2520,2478,2520,2478
2019-09-28,39,6,1,2422,1269,1153,1269,1153
2019-09-29,39,7,1,2509,1263,1246,1263,1246
2019-09-30,40,1,,5798,2913,2885,2913,2885
2019-10-01,40,2,,5887,3062,2825,3062,2825
2019-10-02,40,3,,4076,2057,2019,2057,2019
2019-10-03,40,4,,5737,2906,2831,2906,2831
2019-10-04,40,5,,4453,2260,2193,2260,2193
2019-10-05,40,6,1,1551,808,743,808,743
2019-10-06,40,7,1,1685,842,843,842,843
2019-10-07,41,1,,5165,2619,2546,2619,2546
2019-10-08,41,2,,6012,3060,2952,3060,2952
2019-10-09,41,3,,3795,1955,1840,1955,1840
2019-10-10,41,4,,5842,2973,2869,2973,2869
2019-10-11,41,5,,5111,2578,2533,2578,2533
2019-10-12,41,6,1,2087,1060,1027,1060,1027
2019-10-13,41,7,1,2697,1338,1359,1338,1359
2019-10-14,42,1,,5829,2912,2917,2912,2917
2019-10-15,42,2,,2502,1271,1231,1271,1231
2019-10-16,42,3,,5495,2825,2670,2825,2670
2019-10-17,42,4,,5510,2833,2677,2833,2677
2019-10-18,42,5,,3968,2011,1957,2011,1957
2019-10-19,42,6,5,1359,697,662,697,662
2019-10-20,42,7,5,1755,923,832,923,832
2019-10-21,43,1,4,2636,1346,1290,1346,1290
2019-10-22,43,2,4,4253,2183,2070,2183,2070
2019-10-23,43,3,4,4610,2392,2218,2392,2218
2019-10-24,43,4,4,4686,2366,2320,2366,2320
2019-10-25,43,5,4,4006,2071,1935,2071,1935
2019-10-26,43,6,5,1609,793,816,793,816
2019-10-27,43,7,5,1700,870,830,870,830
2019-10-28,44,1,4,2554,1286,1268,1286,1268
2019-10-29,44,2,4,2947,1477,1470,1477,1470
2019-10-30,44,3,4,3023,1547,1476,1547,1476
2019-10-31,44,4,4,1348,688,660,688,660
2019-11-01,44,5,6,881,463,418,463,418
2019-11-02,44,6,5,560,295,265,295,265
2019-11-03,44,7,5,383,207,176,207,176
2019-11-04,45,1,4,2835,1447,1388,1447,1388
2019-11-05,45,2,4,4322,2159,2163,2159,2163
2019-11-06,45,3,4,3433,1744,1689,1744,1689
2019-11-07,45,4,4,3177,1647,1530,1647,1530
2019-11-08,45,5,4,3601,1804,1797,1804,1797
2019-11-09,45,6,5,1390,703,687,703,687
2019-11-10,45,7,5,784,399,385,399,385
2019-11-11,46,1,6,1107,573,534,573,534
2019-11-12,46,2,4,4627,2365,2262,2365,2262
2019-11-13,46,3,4,4582,2340,2242,2340,2242
2019-11-14,46,4,4,3090,1627,1463,1627,1463
2019-11-15,46,5,,2737,1385,1352,1385,1352
2019-11-16,46,6,1,1188,598,590,598,590
2019-11-17,46,7,1,597,317,280,317,280
2019-11-18,47,1,,3870,1968,1902,1968,1902
2019-11-19,47,2,,4289,2194,2095,2194,2095
2019-11-20,47,3,,4447,2214,2233,2214,2233
2019-11-21,47,4,,4201,2152,2049,2152,2049
2019-11-22,47,5,,3702,1880,1822,1880,1822
2019-11-23,47,6,1,740,384,356,384,356
2019-11-24,47,7,1,996,495,501,495,501
2019-11-25,48,1,,4255,2175,2080,2175,2080
2019-11-26,48,2,,4736,2400,2336,2400,2336
2019-11-27,48,3,,3101,1591,1510,1591,1510
2019-11-28,48,4,,3440,1734,1706,1734,1706
2019-11-29,48,5,,2603,1348,1255,1348,1255
2019-11-30,48,6,1,1214,614,600,614,600
2019-12-01,48,7,1,247,135,112,135,112
2019-12-02,49,1,,3630,1827,1803,1827,1803
2019-12-03,49,2,,4088,2056,2032,2056,2032
2019-12-04,49,3,,4100,2070,2030,2070,2030
2019-12-05,49,4,,5149,2597,2552,2597,2552
2019-12-06,49,5,,3704,1887,1817,1887,1817
2019-12-07,49,6,1,1357,680,677,680,677
2019-12-08,49,7,1,1308,652,656,652,656
2019-12-09,50,1,,2670,1393,1277,1393,1277
2019-12-10,50,2,,4250,2144,2106,2144,2106
2019-12-11,50,3,,3157,1657,1500,1657,1500
2019-12-12,50,4,,3751,1886,1865,1886,1865
2019-12-13,50,5,,2037,1029,1008,1029,1008
2019-12-14,50,6,1,671,355,316,355,316
2019-12-15,50,7,1,1213,621,592,621,592
2019-12-16,51,1,,3839,1940,1899,1940,1899
2019-12-17,51,2,,4436,2255,2181,2255,2181
2019-12-18,51,3,,4286,2152,2134,2152,2134
2019-12-19,51,4,,4088,2087,2001,2087,2001
2019-12-20,51,5,,1655,830,825,830,825
2019-12-21,51,6,5,823,410,413,410,413
2019-12-22,51,7,5,321,178,143,178,143
2019-12-23,52,1,4,461,240,221,240,221
2019-12-24,52,2,4,267,138,129,138,129
2019-12-25,52,3,6,232,120,112,120,112
2019-12-26,52,4,4,600,299,301,299,301
2019-12-27,52,5,4,349,177,172,177,172
2019-12-28,52,6,5,470,229,241,229,241
2019-12-29,52,7,5,573,303,270,303,270
2019-12-30,01,1,4,868,451,417,451,417
2019-12-31,01,2,4,712,373,339,373,339
2020-01-01,01,3,6,351,172,179,172,179
2020-01-02,01,4,4,899,461,438,461,438
2020-01-03,01,5,4,1021,523,498,523,498
2020-01-04,01,6,5,832,417,415,417,415
2020-01-05,01,7,5,708,378,330,378,330
2020-01-06,02,1,,3504,1804,1700,1804,1700
2020-01-07,02,2,,3774,1932,1842,1932,1842
2020-01-08,02,3,,3391,1723,1668,1723,1668
2020-01-09,02,4,,4286,2231,2055,2231,2055
2020-01-10,02,5,,3217,1616,1601,1616,1601
2020-01-11,02,6,1,1127,579,548,579,548
2020-01-12,02,7,1,1439,756,683,756,683
2020-01-13,03,1,,3684,1858,1826,1858,1826
2020-01-14,03,2,,3993,2031,1962,2031,1962
2020-01-15,03,3,,3802,1927,1875,1927,1875
2020-01-16,03,4,,4164,2107,2057,2107,2057
2020-01-17,03,5,,2624,1382,1242,1382,1242
2020-01-18,03,6,1,979,510,469,510,469
2020-01-19,03,7,1,945,487,458,487,458
2020-01-20,04,1,,3770,1938,1832,1938,1832
2020-01-21,04,2,,3951,2018,1933,2018,1933
2020-01-22,04,3,,3844,1986,1858,1986,1858
2020-01-23,04,4,,3775,1946,1829,1946,1829
2020-01-24,04,5,,3094,1587,1507,1587,1507
2020-01-25,04,6,1,1119,566,553,566,553
2020-01-26,04,7,1,747,379,368,379,368
2020-01-27,05,1,,3412,1739,1673,1739,1673
2020-01-28,05,2,,3108,1585,1523,1585,1523
2020-01-29,05,3,,2829,1417,1412,1417,1412
2020-01-30,05,4,,3388,1752,1636,1752,1636
2020-01-31,05,5,,3436,1714,1722,1714,1722
2020-02-01,05,6,1,916,479,437,479,437
2020-02-02,05,7,1,368,186,182,186,182
2020-02-03,06,1,,3971,2027,1944,2027,1944
2020-02-04,06,2,,2815,1458,1357,1458,1357
2020-02-05,06,3,,3832,1941,1891,1941,1891
2020-02-06,06,4,,4187,2108,2079,2108,2079
2020-02-07,06,5,,3638,1868,1770,1868,1770
2020-02-08,06,6,1,1443,753,690,753,690
2020-02-09,06,7,1,1511,799,712,799,712
2020-02-10,07,1,,3932,1980,1952,1980,1952
2020-02-11,07,2,,3114,1566,1548,1566,1548
2020-02-12,07,3,,4468,2276,2192,2276,2192
2020-02-13,07,4,,3351,1703,1648,1703,1648
2020-02-14,07,5,,3495,1759,1736,1759,1736
2020-02-15,07,6,1,1874,940,934,940,934
2020-02-16,07,7,1,1796,936,860,936,860
2020-02-17,08,1,,3378,1745,1633,1745,1633
2020-02-18,08,2,,4278,2163,2115,2163,2115
2020-02-19,08,3,,3315,1719,1596,1719,1596
2020-02-20,08,4,,4516,2267,2249,2267,2249
2020-02-21,08,5,,3598,1821,1777,1821,1777
2020-02-22,08,6,5,1576,783,793,783,793
2020-02-23,08,7,5,2214,1090,1124,1090,1124
2020-02-24,09,1,4,3265,1686,1579,1686,1579
2020-02-25,09,2,4,2157,1115,1042,1115,1042
2020-02-26,09,3,4,1585,820,765,820,765
2020-02-27,09,4,4,1503,783,720,783,720
2020-02-28,09,5,4,2101,1030,1071,1030,1071
2020-02-29,09,6,5,609,325,284,325,284
2020-03-01,09,7,5,1153,596,557,596,557
2020-03-02,10,1,4,1814,933,881,933,881
2020-03-03,10,2,4,3587,1782,1805,1782,1805
2020-03-04,10,3,4,3770,1919,1851,1919,1851
2020-03-05,10,4,4,2191,1121,1070,1121,1070
2020-03-06,10,5,4,3094,1559,1535,1559,1535
2020-03-07,10,6,5,1435,714,721,714,721
2020-03-08,10,7,5,1934,980,954,980,954
2020-03-09,11,1,,3028,1549,1479,1549,1479
2020-03-10,11,2,,3432,1752,1680,1752,1680
2020-03-11,11,3,,4702,2384,2318,2384,2318
2020-03-12,11,4,,4626,2334,2292,2334,2292
2020-03-13,11,5,,3487,1786,1701,1786,1701
2020-03-14,11,6,1,2191,1083,1108,1083,1108
2020-03-15,11,7,1,3050,1568,1482,1568,1482
2020-03-16,12,1,,2689,1367,1322,1367,1322
2020-03-17,12,2,32,1408,735,673,735,673
2020-03-18,12,3,32,1276,648,628,648,628
2020-03-19,12,4,32,1290,678,612,678,612
2020-03-20,12,5,32,848,427,421,427,421
2020-03-21,12,6,33,509,256,253,256,253
2020-03-22,12,7,33,366,185,181,185,181
2020-03-23,13,1,32,466,229,237,229,237
2020-03-24,13,2,32,401,202,199,202,199
2020-03-25,13,3,32,419,211,208,211,208
2020-03-26,13,4,32,439,221,218,221,218
2020-03-27,13,5,32,420,201,219,201,219
2020-03-28,13,6,33,454,233,221,233,221
2020-03-29,13,7,33,199,91,108,91,108
2020-03-30,14,1,32,341,183,158,183,158
2020-03-31,14,2,32,473,241,232,241,232
2020-04-01,14,3,32,517,248,269,248,269
2020-04-02,14,4,32,502,248,254,248,254
2020-04-03,14,5,32,528,259,269,259,269
2020-04-04,14,6,33,493,233,260,233,260
2020-04-05,14,7,33,426,221,205,221,205
2020-04-06,15,1,32,601,290,311,290,311
2020-04-07,15,2,32,606,316,290,316,290
2020-04-08,15,3,32,601,298,303,298,303
2020-04-09,15,4,32,623,306,317,306,317
2020-04-10,15,5,32,757,379,378,379,378
2020-04-11,15,6,33,559,274,285,274,285
2020-04-12,15,7,33,475,257,218,257,218
2020-04-13,16,1,34,442,223,219,223,219
2020-04-14,16,2,32,701,343,358,343,358
2020-04-15,16,3,32,840,395,445,395,445
2020-04-16,16,4,32,811,400,411,400,411
2020-04-17,16,5,32,797,390,407,390,407
2020-04-18,16,6,37,703,350,353,350,353
2020-04-19,16,7,37,422,227,195,227,195
2020-04-20,17,1,36,698,350,348,350,348
2020-04-21,17,2,36,714,371,343,371,343
2020-04-22,17,3,36,881,454,427,454,427
2020-04-23,17,4,36,918,467,451,467,451
2020-04-24,17,5,36,938,448,490,448,490
2020-04-25,17,6,37,671,349,322,349,322
2020-04-26,17,7,37,558,292,266,292,266
2020-04-27,18,1,36,649,350,299,350,299
2020-04-28,18,2,36,395,207,188,207,188
2020-04-29,18,3,36,1065,541,524,541,524
2020-04-30,18,4,36,422,212,210,212,210
2020-05-01,18,5,38,218,116,102,116,102
2020-05-02,18,6,37,439,215,224,215,224
2020-05-03,18,7,37,893,489,404,489,404
2020-05-04,19,1,32,1124,571,553,571,553
2020-05-05,19,2,32,990,479,511,479,511
2020-05-06,19,3,32,1028,502,526,502,526
2020-05-07,19,4,32,1236,623,613,623,613
2020-05-08,19,5,34,1057,522,535,522,535
2020-05-09,19,6,33,1090,555,535,555,535
2020-05-10,19,7,33,828,428,400,428,400
2020-05-11,20,1,32,1863,948,915,948,915
2020-05-12,20,2,,1843,928,915,928,915
2020-05-13,20,3,,1089,538,551,538,551
2020-05-14,20,4,,1629,838,791,838,791
2020-05-15,20,5,,1420,733,687,733,687
2020-05-16,20,6,1,2322,1167,1155,1167,1155
2020-05-17,20,7,1,3128,1636,1492,1636,1492
2020-05-18,21,1,,2865,1483,1382,1483,1382
2020-05-19,21,2,,2954,1473,1481,1473,1481
2020-05-20,21,3,4,2988,1517,1471,1517,1471
2020-05-21,21,4,6,3052,1535,1517,1535,1517
2020-05-22,21,5,4,2601,1343,1258,1343,1258
2020-05-23,21,6,5,1171,596,575,596,575
2020-05-24,21,7,5,3223,1640,1583,1640,1583
2020-05-25,22,1,,2834,1432,1402,1432,1402
2020-05-26,22,2,,3152,1625,1527,1625,1527
2020-05-27,22,3,,3293,1667,1626,1667,1626
2020-05-28,22,4,,3265,1641,1624,1641,1624
2020-05-29,22,5,,2965,1511,1454,1511,1454
2020-05-30,22,6,1,2749,1406,1343,1406,1343
2020-05-31,22,7,1,2930,1472,1458,1472,1458
2020-06-01,23,1,2,2615,1303,1312,1303,1312
2020-06-02,23,2,,3056,1535,1521,1535,1521
2020-06-03,23,3,,2121,1089,1032,1089,1032
2020-06-04,23,4,,1352,710,642,710,642
2020-06-05,23,5,,1778,914,864,914,864
2020-06-06,23,6,1,2814,1385,1429,1385,1429
2020-06-07,23,7,1,911,456,455,456,455
2020-06-08,24,1,,430,203,227,203,227
2020-06-09,24,2,,1251,630,621,630,621
2020-06-10,24,3,,1348,684,664,684,664
2020-06-11,24,4,,2733,1385,1348,1385,1348
2020-06-12,24,5,,2613,1364,1249,1364,1249
2020-06-13,24,6,1,908,479,429,479,429
2020-06-14,24,7,1,2528,1287,1241,1287,1241
2020-06-15,25,1,,2875,1449,1426,1449,1426
2020-06-16,25,2,,3017,1550,1467,1550,1467
2020-06-17,25,3,,3031,1506,1525,1506,1525
2020-06-18,25,4,,2780,1389,1391,1389,1391
2020-06-19,25,5,,2912,1433,1479,1433,1479
2020-06-20,25,6,1,2311,1167,1144,1167,1144
2020-06-21,25,7,1,2528,1240,1288,1240,1288
2020-06-22,26,1,,3053,1534,1519,1534,1519
2020-06-23,26,2,,3622,1807,1815,1807,1815
2020-06-24,26,3,,3416,1730,1686,1730,1686
2020-06-25,26,4,,3624,1793,1831,1793,1831
2020-06-26,26,5,,3131,1578,1553,1578,1553
2020-06-27,26,6,1,2156,1074,1082,1074,1082
2020-06-28,26,7,1,2225,1120,1105,1120,1105
2020-06-29,27,1,,3430,1700,1730,1700,1730
2020-06-30,27,2,,3852,1913,1939,1913,1939
2020-07-01,27,3,,3185,1627,1558,1627,1558
2020-07-02,27,4,,3621,1833,1788,1833,1788
2020-07-03,27,5,,2928,1490,1438,1490,1438
2020-07-04,27,6,5,2121,1082,1039,1082,1039
2020-07-05,27,7,5,2161,1058,1103,1058,1103
2020-07-06,28,1,4,3374,1687,1687,1687,1687
2020-07-07,28,2,4,3964,1970,1994,1970,1994
2020-07-08,28,3,4,3913,1991,1922,1991,1922
2020-07-09,28,4,4,3865,1957,1908,1957,1908
2020-07-10,28,5,4,2852,1436,1416,1436,1416
2020-07-11,28,6,5,1360,672,688,672,688
2020-07-12,28,7,5,1608,787,821,787,821
2020-07-13,29,1,4,1884,966,918,966,918
2020-07-14,29,2,6,1799,894,905,894,905
2020-07-15,29,3,4,2890,1461,1429,1461,1429
2020-07-16,29,4,4,3141,1543,1598,1543,1598
2020-07-17,29,5,4,2667,1349,1318,1349,1318
2020-07-18,29,6,5,1683,816,867,816,867
2020-07-19,29,7,5,1860,925,935,925,935
2020-07-20,30,1,4,3073,1518,1555,1518,1555
2020-07-21,30,2,4,3173,1583,1590,1583,1590
2020-07-22,30,3,4,2327,1137,1190,1137,1190
2020-07-23,30,4,4,3255,1597,1658,1597,1658
2020-07-24,30,5,4,2568,1289,1279,1289,1279
2020-07-25,30,6,5,1607,798,809,798,809
2020-07-26,30,7,5,1636,827,809,827,809
2020-07-27,31,1,4,2605,1303,1302,1303,1302
2020-07-28,31,2,4,2449,1247,1202,1247,1202
2020-07-29,31,3,4,2616,1310,1306,1310,1306
2020-07-30,31,4,4,2433,1226,1207,1226,1207
2020-07-31,31,5,4,1957,974,983,974,983
2020-08-01,31,6,5,1048,522,526,522,526
2020-08-02,31,7,5,1411,697,714,697,714
2020-08-03,32,1,4,1411,707,704,707,704
2020-08-04,32,2,4,2073,1019,1054,1019,1054
2020-08-05,32,3,4,2205,1103,1102,1103,1102
2020-08-06,32,4,4,2025,992,1033,992,1033
2020-08-07,32,5,4,1771,886,885,886,885
2020-08-08,32,6,5,1265,627,638,627,638
2020-08-09,32,7,5,1093,515,578,515,578
2020-08-10,33,1,4,1573,790,783,790,783
2020-08-11,33,2,4,1984,980,1004,980,1004
2020-08-12,33,3,4,1880,926,954,926,954
2020-08-13,33,4,4,1390,722,668,722,668
2020-08-14,33,5,4,1697,844,853,844,853
2020-08-15,33,6,7,1367,704,663,704,663
2020-08-16,33,7,5,1202,625,577,625,577
2020-08-17,34,1,4,2123,1084,1039,1084,1039
2020-08-18,34,2,4,2554,1301,1253,1301,1253
2020-08-19,34,3,4,2434,1219,1215,1219,1215
2020-08-20,34,4,4,2409,1202,1207,1202,1207
2020-08-21,34,5,4,2067,1039,1028,1039,1028
2020-08-22,34,6,5,1328,685,643,685,643
2020-08-23,34,7,5,1631,815,816,815,816
2020-08-24,35,1,4,2969,1491,1478,1491,1478
2020-08-25,35,2,4,3423,1713,1710,1713,1710
2020-08-26,35,3,4,3454,1733,1721,1733,1721
2020-08-27,35,4,4,3517,1750,1767,1750,1767
2020-08-28,35,5,4,1823,916,907,916,907
2020-08-29,35,6,5,353,182,171,182,171
2020-08-30,35,7,5,1128,582,546,582,546
2020-08-31,36,1,4,3354,1720,1634,1720,1634
2020-09-01,36,2,,4433,2252,2181,2252,2181
2020-09-02,36,3,,4573,2276,2297,2276,2297
2020-09-03,36,4,,4963,2490,2473,2490,2473
2020-09-04,36,5,,4338,2152,2186,2152,2186
2020-09-05,36,6,1,2099,1077,1022,1077,1022
2020-09-06,36,7,1,2045,1023,1022,1023,1022
2020-09-07,37,1,,4605,2305,2300,2305,2300
2020-09-08,37,2,,5507,2717,2790,2717,2790
2020-09-09,37,3,,5240,2579,2661,2579,2661
2020-09-10,37,4,,5189,2577,2612,2577,2612
2020-09-11,37,5,,4492,2236,2256,2236,2256
2020-09-12,37,6,1,2505,1222,1283,1222,1283
2020-09-13,37,7,1,2345,1160,1185,1160,1185
2020-09-14,38,1,,5565,2790,2775,2790,2775
2020-09-15,38,2,,6214,3113,3101,3113,3101
2020-09-16,38,3,,6137,3062,3075,3062,3075
2020-09-17,38,4,,6015,2992,3023,2992,3023
2020-09-18,38,5,,4991,2490,2501,2490,2501
2020-09-19,38,6,1,2110,1106,1004,1106,1004
2020-09-20,38,7,1,1963,990,973,990,973
2020-09-21,39,1,,5097,2545,2552,2545,2552
2020-09-22,39,2,,5115,2566,2549,2566,2549
2020-09-23,39,3,,5918,2980,2938,2980,2938
2020-09-24,39,4,,4586,2291,2295,2291,2295
2020-09-25,39,5,,2825,1438,1387,1438,1387
2020-09-26,39,6,1,859,443,416,443,416
2020-09-27,39,7,1,788,394,394,394,394
2020-09-28,40,1,,4188,2060,2128,2060,2128
2020-09-29,40,2,,5437,2730,2707,2730,2707
2020-09-30,40,3,,5994,3000,2994,3000,2994
2020-10-01,40,4,,4921,2461,2460,2461,2460
2020-10-02,40,5,,2747,1386,1361,1386,1361
2020-10-03,40,6,1,1744,898,846,898,846
2020-10-04,40,7,1,1311,678,633,678,633
2020-10-05,41,1,,4501,2264,2237,2264,2237
2020-10-06,41,2,,3858,1950,1908,1950,1908
2020-10-07,41,3,,5393,2685,2708,2685,2708
2020-10-08,41,4,,5956,2948,3008,2948,3008
2020-10-09,41,5,,4947,2477,2470,2477,2470
2020-10-10,41,6,1,1077,571,506,571,506
2020-10-11,41,7,1,1449,733,716,733,716
2020-10-12,42,1,,4734,2381,2353,2381,2353
2020-10-13,42,2,,5120,2572,2548,2572,2548
2020-10-14,42,3,,4749,2389,2360,2389,2360
2020-10-15,42,4,,4069,2022,2047,2022,2047
2020-10-16,42,5,,3697,1844,1853,1844,1853
2020-10-17,42,6,5,1663,845,818,845,818
2020-10-18,42,7,5,1728,840,888,840,888
2020-10-19,43,1,4,5051,2545,2506,2545,2506
2020-10-20,43,2,4,4923,2471,2452,2471,2452
2020-10-21,43,3,4,4940,2450,2490,2450,2490
2020-10-22,43,4,4,4203,2112,2091,2112,2091
2020-10-23,43,5,4,2421,1231,1190,1231,1190
2020-10-24,43,6,5,1896,977,919,977,919
2020-10-25,43,7,5,1983,999,984,999,984
2020-10-26,44,1,4,1339,686,653,686,653
2020-10-27,44,2,4,2628,1319,1309,1319,1309
2020-10-28,44,3,4,2333,1182,1151,1182,1151
2020-10-29,44,4,4,2623,1348,1275,1348,1275
2020-10-30,44,5,36,1304,663,641,663,641
2020-10-31,44,6,5,843,440,403,440,403
2020-11-01,44,7,39,782,385,397,385,397
2020-11-02,45,1,32,1892,940,952,940,952
2020-11-03,45,2,32,1342,672,670,672,670
2020-11-04,45,3,32,1440,741,699,741,699
2020-11-05,45,4,32,1606,807,799,807,799
2020-11-06,45,5,32,1802,875,927,875,927
2020-11-07,45,6,33,940,473,467,473,467
2020-11-08,45,7,33,803,411,392,411,392
2020-11-09,46,1,32,2136,1069,1067,1069,1067
2020-11-10,46,2,32,2130,1076,1054,1076,1054
2020-11-11,46,3,34,1390,697,693,697,693
2020-11-12,46,4,32,2191,1077,1114,1077,1114
2020-11-13,46,5,32,1972,989,983,989,983
2020-11-14,46,6,33,1449,715,734,715,734
2020-11-15,46,7,33,1121,578,543,578,543
2020-11-16,47,1,32,1722,892,830,892,830
2020-11-17,47,2,32,2044,1028,1016,1028,1016
2020-11-18,47,3,32,2186,1102,1084,1102,1084
2020-11-19,47,4,32,1543,769,774,769,774
2020-11-20,47,5,32,1823,923,900,923,900
2020-11-21,47,6,33,1341,689,652,689,652
2020-11-22,47,7,33,1133,580,553,580,553
2020-11-23,48,1,32,1892,963,929,963,929
2020-11-24,48,2,32,2042,1000,1042,1000,1042
2020-11-25,48,3,32,1906,951,955,951,955
2020-11-26,48,4,32,1834,921,913,921,913
2020-11-27,48,5,32,1908,963,945,963,945
2020-11-28,48,6,33,1895,949,946,949,946
2020-11-29,48,7,33,1227,626,601,626,601
2020-11-30,49,1,32,1726,879,847,55,719,824,128
2020-12-01,49,2,32,1388,705,683,52,563,653,120
2020-12-02,49,3,32,1702,839,863,51,733,788,130
2020-12-03,49,4,32,2178,1121,1057,62,894,1059,163
2020-12-04,49,5,32,978,493,485,24,381,469,104
2020-12-05,49,6,33,435,231,204,14,122,217,82
2020-12-06,49,7,33,622,320,302,34,199,286,103
2020-12-07,50,1,32,1684,853,831,49,670,804,161
2020-12-08,50,2,32,1906,951,955,42,767,909,188
2020-12-09,50,3,32,1497,752,745,41,602,711,143
2020-12-10,50,4,32,1912,954,958,51,778,903,180
2020-12-11,50,5,32,1444,725,719,33,560,692,159
2020-12-12,50,6,33,308,154,154,11,94,143,60
2020-12-13,50,7,33,925,489,436,66,317,423,119
2020-12-14,51,1,32,2242,1113,1129,83,930,1030,199
2020-12-15,51,2,32,1927,987,940,65,743,922,197
2020-12-16,51,3,,2327,1166,1161,92,957,1074,204
2020-12-17,51,4,,2078,1050,1028,83,862,967,166
2020-12-18,51,5,,2037,1034,1003,74,820,960,183
2020-12-19,51,6,5,1070,524,546,51,414,473,132
2020-12-20,51,7,5,399,212,187,29,137,183,50
2020-12-21,52,1,4,864,442,422,35,331,407,91
2020-12-22,52,2,4,1194,590,604,54,478,536,126
2020-12-23,52,3,4,913,482,431,51,322,431,109
2020-12-24,52,4,4,536,279,257,34,201,245,56
2020-12-25,52,5,6,162,83,79,6,50,77,29
2020-12-26,52,6,5,480,253,227,34,168,219,59
2020-12-27,52,7,5,447,223,224,21,164,202,60
2020-12-28,53,1,4,827,409,418,51,324,358,94
2020-12-29,53,2,,793,422,371,43,287,379,84
