date,week,dow,status,total,in,out,101000564,102000564,353244195,353244202
2009-06-17,25,3,,1024,536,488,536,488
2009-06-18,25,4,,1437,717,720,717,720
2009-06-19,25,5,,1122,539,583,539,583
2009-06-20,25,6,,582,296,286,296,286
2009-06-21,25,7,,367,191,176,191,176
2009-06-22,26,1,,1154,582,572,582,572
2009-06-23,26,2,,1295,614,681,614,681
2009-06-24,26,3,,1290,625,665,625,665
2009-06-25,26,4,,1336,687,649,687,649
2009-06-26,26,5,,961,467,494,467,494
2009-06-27,26,6,,527,259,268,259,268
2009-06-28,26,7,,626,301,325,301,325
2009-06-29,27,1,,1311,641,670,641,670
2009-06-30,27,2,,1222,609,613,609,613
2009-07-01,27,3,,1194,578,616,578,616
2009-07-02,27,4,,1298,683,615,683,615
2009-07-03,27,5,,1024,517,507,517,507
2009-07-04,27,6,,499,261,238,261,238
2009-07-05,27,7,,489,222,267,222,267
2009-07-06,28,1,,1032,527,505,527,505
2009-07-07,28,2,,1115,532,583,532,583
2009-07-08,28,3,,902,457,445,457,445
2009-07-09,28,4,,1191,590,601,590,601
2009-07-10,28,5,,892,435,457,435,457
2009-07-11,28,6,,474,231,243,231,243
2009-07-12,28,7,,406,193,213,193,213
2009-07-13,29,1,,698,372,326,372,326
2009-07-14,29,2,,495,254,241,254,241
2009-07-15,29,3,,954,491,463,491,463
2009-07-16,29,4,,997,511,486,511,486
2009-07-17,29,5,,516,282,234,282,234
2009-07-18,29,6,,280,153,127,153,127
2009-07-19,29,7,,583,303,280,303,280
2009-07-20,30,1,,985,490,495,490,495
2009-07-21,30,2,,981,464,517,464,517
2009-07-22,30,3,,789,414,375,414,375
2009-07-23,30,4,,742,390,352,390,352
2009-07-24,30,5,,780,390,390,390,390
2009-07-25,30,6,,555,265,290,265,290
2009-07-26,30,7,,470,215,255,215,255
2009-07-27,31,1,,923,459,464,459,464
2009-07-28,31,2,,923,451,472,451,472
2009-07-29,31,3,,877,459,418,459,418
2009-07-30,31,4,,896,439,457,439,457
2009-07-31,31,5,,790,408,382,408,382
2009-08-01,31,6,,396,210,186,210,186
2009-08-02,31,7,,440,218,222,218,222
2009-08-03,32,1,,609,312,297,312,297
2009-08-04,32,2,,836,431,405,431,405
2009-08-05,32,3,,888,437,451,437,451
2009-08-06,32,4,,778,399,379,399,379
2009-08-07,32,5,,696,358,338,358,338
2009-08-08,32,6,,414,201,213,201,213
2009-08-09,32,7,,239,122,117,122,117
2009-08-10,33,1,,454,240,214,240,214
2009-08-11,33,2,,822,413,409,413,409
2009-08-12,33,3,,737,385,352,385,352
2009-08-13,33,4,,696,349,347,349,347
2009-08-14,33,5,,642,312,330,312,330
2009-08-15,33,6,,380,193,187,193,187
2009-08-16,33,7,,380,162,218,162,218
2009-08-17,34,1,,690,355,335,355,335
2009-08-18,34,2,,787,411,376,411,376
2009-08-19,34,3,,757,385,372,385,372
2009-08-20,34,4,,763,394,369,394,369
2009-08-21,34,5,,713,361,352,361,352
2009-08-22,34,6,,449,228,221,228,221
2009-08-23,34,7,,455,209,246,209,246
2009-08-24,35,1,,947,467,480,467,480
2009-08-25,35,2,,692,352,340,352,340
2009-08-26,35,3,,809,437,372,437,372
2009-08-27,35,4,,1014,518,496,518,496
2009-08-28,35,5,,904,460,444,460,444
2009-08-29,35,6,,488,255,233,255,233
2009-08-30,35,7,,682,319,363,319,363
2009-08-31,36,1,,1169,596,573,596,573
2009-09-01,36,2,,1362,685,677,685,677
2009-09-02,36,3,,1007,500,507,500,507
2009-09-03,36,4,,1333,710,623,710,623
2009-09-04,36,5,,1101,557,544,557,544
2009-09-05,36,6,,575,298,277,298,277
2009-09-06,36,7,,722,369,353,369,353
2009-09-07,37,1,,1441,758,683,758,683
2009-09-08,37,2,,1532,798,734,798,734
2009-09-09,37,3,,1640,816,824,816,824
2009-09-10,37,4,,1547,804,743,804,743
2009-09-11,37,5,,1295,649,646,649,646
2009-09-12,37,6,,675,312,363,312,363
2009-09-13,37,7,,765,352,413,352,413
2009-09-14,38,1,,1216,624,592,624,592
2009-09-15,38,2,,1220,615,605,615,605
2009-09-16,38,3,,941,495,446,495,446
2009-09-17,38,4,,1412,732,680,732,680
2009-09-18,38,5,,1241,602,639,602,639
2009-09-19,38,6,,644,368,276,368,276
2009-09-20,38,7,,486,226,260,226,260
2009-09-21,39,1,,1446,694,752,694,752
2009-09-22,39,2,,1565,769,796,769,796
2009-09-23,39,3,,1681,785,896,785,896
2009-09-24,39,4,,1661,830,831,830,831
2009-09-25,39,5,,1423,665,758,665,758
2009-09-26,39,6,,686,322,364,322,364
2009-09-27,39,7,,691,307,384,307,384
2009-09-28,40,1,,1529,733,796,733,796
2009-09-29,40,2,,1751,863,888,863,888
2009-09-30,40,3,,1616,786,830,786,830
2009-10-01,40,4,,1734,811,923,811,923
2009-10-02,40,5,,1919,979,940,979,940
2009-10-03,40,6,,739,367,372,367,372
2009-10-04,40,7,,825,364,461,364,461
2009-10-05,41,1,,1419,716,703,716,703
2009-10-06,41,2,,1507,743,764,743,764
2009-10-07,41,3,,1537,750,787,750,787
2009-10-08,41,4,,924,456,468,456,468
2009-10-09,41,5,,1129,523,606,523,606
2009-10-10,41,6,,399,200,199,200,199
2009-10-11,41,7,,642,306,336,306,336
2009-10-12,42,1,,918,492,426,492,426
2009-10-13,42,2,,1444,719,725,719,725
2009-10-14,42,3,,1411,728,683,728,683
2009-10-15,42,4,,1190,570,620,570,620
2009-10-16,42,5,,1033,519,514,519,514
2009-10-17,42,6,,468,214,254,214,254
2009-10-18,42,7,,408,206,202,206,202
2009-10-19,43,1,,1248,583,665,583,665
2009-10-20,43,2,,1151,560,591,560,591
2009-10-21,43,3,,1030,488,542,488,542
2009-10-22,43,4,,1174,578,596,578,596
2009-10-23,43,5,,809,424,385,424,385
2009-10-24,43,6,,510,210,300,210,300
2009-10-25,43,7,,423,203,220,203,220
2009-10-26,44,1,,848,427,421,427,421
2009-10-27,44,2,,916,443,473,443,473
2009-10-28,44,3,,907,467,440,467,440
2009-10-29,44,4,,978,486,492,486,492
2009-10-30,44,5,,817,391,426,391,426
2009-10-31,44,6,,428,230,198,230,198
2009-11-01,44,7,,535,240,295,240,295
2009-11-02,45,1,,456,230,226,230,226
2009-11-03,45,2,,529,249,280,249,280
2009-11-04,45,3,,656,342,314,342,314
2009-11-05,45,4,,1017,481,536,481,536
2009-11-06,45,5,,896,464,432,464,432
2009-11-07,45,6,,258,139,119,139,119
2009-11-08,45,7,,308,129,179,129,179
2009-11-09,46,1,,858,403,455,403,455
2009-11-10,46,2,,989,501,488,501,488
2009-11-11,46,3,,646,396,250,396,250
2009-11-12,46,4,,1021,501,520,501,520
2009-11-13,46,5,,1108,532,576,532,576
2009-11-14,46,6,,571,232,339,232,339
2009-11-15,46,7,,512,208,304,208,304
2009-11-16,47,1,,1249,653,596,653,596
2009-11-17,47,2,,1219,562,657,562,657
2009-11-18,47,3,,1297,624,673,624,673
2009-11-19,47,4,,1347,655,692,655,692
2009-11-20,47,5,,1382,687,695,687,695
2009-11-21,47,6,,637,309,328,309,328
2009-11-22,47,7,,202,89,113,89,113
2009-11-23,48,1,,1059,518,541,518,541
2009-11-24,48,2,,923,453,470,453,470
2009-11-25,48,3,,1245,582,663,582,663
2009-11-26,48,4,,1078,498,580,498,580
2009-11-27,48,5,,988,457,531,457,531
2009-11-28,48,6,,539,277,262,277,262
2009-11-29,48,7,,258,102,156,102,156
2009-11-30,49,1,,521,263,258,263,258
2009-12-01,49,2,,808,396,412,396,412
2009-12-02,49,3,,1082,508,574,508,574
2009-12-03,49,4,,855,439,416,439,416
2009-12-04,49,5,,671,359,312,359,312
2009-12-05,49,6,,355,201,154,201,154
2009-12-06,49,7,,209,109,100,109,100
2009-12-07,50,1,,780,344,436,344,436
2009-12-08,50,2,,936,471,465,471,465
2009-12-09,50,3,,1049,506,543,506,543
2009-12-10,50,4,,1017,514,503,514,503
2009-12-11,50,5,,981,453,528,453,528
2009-12-12,50,6,,316,166,150,166,150
2009-12-13,50,7,,190,91,99,91,99
2009-12-14,51,1,,915,433,482,433,482
2009-12-15,51,2,,845,415,430,415,430
2009-12-16,51,3,,765,383,382,383,382
2009-12-17,51,4,,743,361,382,361,382
2009-12-18,51,5,,596,285,311,285,311
2009-12-19,51,6,,135,50,85,50,85
2009-12-20,51,7,,52,31,21,31,21
2009-12-21,52,1,,254,133,121,133,121
2009-12-22,52,2,,311,157,154,157,154
2009-12-23,52,3,,278,148,130,148,130
2009-12-24,52,4,,183,85,98,85,98
2009-12-25,52,5,,92,54,38,54,38
2009-12-26,52,6,,169,88,81,88,81
2009-12-27,52,7,,172,88,84,88,84
2009-12-28,53,1,,149,67,82,67,82
2009-12-29,53,2,,288,116,172,116,172
2009-12-30,53,3,,216,91,125,91,125
2009-12-31,53,4,,226,104,122,104,122
2010-01-01,53,5,,36,17,19,17,19
2010-01-02,53,6,,186,94,92,94,92
2010-01-03,53,7,,218,112,106,112,106
2010-01-04,01,1,,397,189,208,189,208
2010-01-05,01,2,,493,261,232,261,232
2010-01-06,01,3,,668,324,344,324,344
2010-01-07,01,4,,718,370,348,370,348
2010-01-08,01,5,,280,137,143,137,143
2010-01-09,01,6,,97,53,44,53,44
2010-01-10,01,7,,77,32,45,32,45
2010-01-11,02,1,,598,275,323,275,323
2010-01-12,02,2,,563,276,287,276,287
2010-01-13,02,3,,427,211,216,211,216
2010-01-14,02,4,,566,289,277,289,277
2010-01-15,02,5,,570,249,321,249,321
2010-01-16,02,6,,242,127,115,127,115
2010-01-17,02,7,,215,93,122,93,122
2010-01-18,03,1,,792,384,408,384,408
2010-01-19,03,2,,828,394,434,394,434
2010-01-20,03,3,,682,330,352,330,352
2010-01-21,03,4,,742,367,375,367,375
2010-01-22,03,5,,732,342,390,342,390
2010-01-23,03,6,,279,144,135,144,135
2010-01-24,03,7,,223,96,127,96,127
2010-01-25,04,1,,605,308,297,308,297
2010-01-26,04,2,,731,364,367,364,367
2010-01-27,04,3,,663,331,332,331,332
2010-01-28,04,4,,740,349,391,349,391
2010-01-29,04,5,,702,311,391,311,391
2010-01-30,04,6,,272,144,128,144,128
2010-01-31,04,7,,207,101,106,101,106
2010-02-01,05,1,,728,353,375,353,375
2010-02-02,05,2,,710,331,379,331,379
2010-02-03,05,3,,893,453,440,453,440
2010-02-04,05,4,,776,378,398,378,398
2010-02-05,05,5,,481,231,250,231,250
2010-02-06,05,6,,216,82,134,82,134
2010-02-07,05,7,,222,106,116,106,116
2010-02-08,06,1,,854,433,421,433,421
2010-02-09,06,2,,598,288,310,288,310
2010-02-10,06,3,,602,279,323,279,323
2010-02-11,06,4,,523,252,271,252,271
2010-02-12,06,5,,404,218,186,218,186
2010-02-13,06,6,,193,96,97,96,97
2010-02-14,06,7,,121,67,54,67,54
2010-02-15,07,1,,528,258,270,258,270
2010-02-16,07,2,,587,283,304,283,304
2010-02-17,07,3,,352,159,193,159,193
2010-02-18,07,4,,488,243,245,243,245
2010-02-19,07,5,,181,94,87,94,87
2010-02-20,07,6,,349,167,182,167,182
2010-02-21,07,7,,259,125,134,125,134
2010-02-22,08,1,,705,358,347,358,347
2010-02-23,08,2,,519,248,271,248,271
2010-02-24,08,3,,448,228,220,228,220
2010-02-25,08,4,,591,293,298,293,298
2010-02-26,08,5,,535,267,268,267,268
2010-02-27,08,6,,320,161,159,161,159
2010-02-28,08,7,,353,160,193,160,193
2010-03-01,09,1,,1043,520,523,520,523
2010-03-02,09,2,,1123,541,582,541,582
2010-03-03,09,3,,718,349,369,349,369
2010-03-04,09,4,,741,376,365,376,365
2010-03-05,09,5,,825,425,400,425,400
2010-03-06,09,6,,402,204,198,204,198
2010-03-07,09,7,,98,44,54,44,54
2010-03-08,10,1,,764,378,386,378,386
2010-03-09,10,2,,816,411,405,411,405
2010-03-10,10,3,,738,376,362,376,362
2010-03-11,10,4,,789,399,390,399,390
2010-03-12,10,5,,736,372,364,372,364
2010-03-13,10,6,,378,185,193,185,193
2010-03-14,10,7,,374,191,183,191,183
2010-03-15,11,1,,949,475,474,475,474
2010-03-16,11,2,,1032,538,494,538,494
2010-03-17,11,3,,1062,509,553,509,553
2010-03-18,11,4,,0,0,0,0,0
2010-03-19,11,5,,992,487,505,487,505
2010-03-20,11,6,,500,245,255,245,255
2010-03-21,11,7,,279,142,137,142,137
2010-03-22,12,1,,937,478,459,478,459
2010-03-23,12,2,,1258,623,635,623,635
2010-03-24,12,3,,1182,597,585,597,585
2010-03-25,12,4,,1152,593,559,593,559
2010-03-26,12,5,,520,271,249,271,249
2010-03-27,12,6,,208,110,98,110,98
2010-03-28,12,7,,340,158,182,158,182
2010-03-29,13,1,,1112,563,549,563,549
2010-03-30,13,2,,799,401,398,401,398
2010-03-31,13,3,,894,435,459,435,459
2010-04-01,13,4,,701,355,346,355,346
2010-04-02,13,5,,986,480,506,480,506
2010-04-03,13,6,,355,180,175,180,175
2010-04-04,13,7,,293,146,147,146,147
2010-04-05,14,1,,532,242,290,242,290
2010-04-06,14,2,,1179,591,588,591,588
2010-04-07,14,3,,698,347,351,347,351
2010-04-08,14,4,,770,389,381,389,381
2010-04-09,14,5,,0,0,0,0,0
2010-04-10,14,6,,429,226,203,226,203
2010-04-11,14,7,,550,257,293,257,293
2010-04-12,15,1,,486,256,230,256,230
2010-04-13,15,2,,598,293,305,293,305
2010-04-14,15,3,,814,404,410,404,410
2010-04-15,15,4,,772,355,417,355,417
2010-04-16,15,5,,652,343,309,343,309
2010-04-17,15,6,,494,232,262,232,262
2010-04-18,15,7,,734,286,448,286,448
2010-04-19,16,1,,966,504,462,504,462
2010-04-20,16,2,,1055,527,528,527,528
2010-04-21,16,3,,1113,564,549,564,549
2010-04-22,16,4,,1135,577,558,577,558
2010-04-23,16,5,,860,423,437,423,437
2010-04-24,16,6,,602,293,309,293,309
2010-04-25,16,7,,861,401,460,401,460
2010-04-26,17,1,,1235,601,634,601,634
2010-04-27,17,2,,1456,730,726,730,726
2010-04-28,17,3,,1492,712,780,712,780
2010-04-29,17,4,,1545,765,780,765,780
2010-04-30,17,5,,1237,618,619,618,619
2010-05-01,17,6,,308,154,154,154,154
2010-05-02,17,7,,262,123,139,123,139
2010-05-03,18,1,,904,455,449,455,449
2010-05-04,18,2,,743,383,360,383,360
2010-05-05,18,3,,508,258,250,258,250
2010-05-06,18,4,,899,454,445,454,445
2010-05-07,18,5,,1265,626,639,626,639
2010-05-08,18,6,,550,287,263,287,263
2010-05-09,18,7,,30,26,4,26,4
2010-05-10,19,1,,704,385,319,385,319
2010-05-11,19,2,,886,438,448,438,448
2010-05-12,19,3,,705,367,338,367,338
2010-05-13,19,4,,325,169,156,169,156
2010-05-14,19,5,,330,186,144,186,144
2010-05-15,19,6,,211,107,104,107,104
2010-05-16,19,7,,373,186,187,186,187
2010-05-17,20,1,,2,1,1,1,1
2010-05-18,20,2,,0,0,0,0,0
2010-05-19,20,3,,0,0,0,0,0
2010-05-20,20,4,,1305,686,619,686,619
2010-05-21,20,5,,1,0,1,0,1
2010-05-22,20,6,,0,0,0,0,0
2010-05-23,20,7,,0,0,0,0,0
2010-05-24,21,1,,0,0,0,0,0
2010-05-25,21,2,,0,0,0,0,0
2010-05-26,21,3,,1189,590,599,590,599
2010-05-27,21,4,,1098,558,540,558,540
2010-05-28,21,5,,1301,687,614,687,614
2010-05-29,21,6,,914,462,452,462,452
2010-05-30,21,7,,290,127,163,127,163
2010-05-31,22,1,,666,340,326,340,326
2010-06-01,22,2,,1256,639,617,639,617
2010-06-02,22,3,,1113,562,551,562,551
2010-06-03,22,4,,1411,696,715,696,715
2010-06-04,22,5,,1653,824,829,824,829
2010-06-05,22,6,,793,387,406,387,406
2010-06-06,22,7,,436,202,234,202,234
2010-06-07,23,1,,999,503,496,503,496
2010-06-08,23,2,,1352,653,699,653,699
2010-06-09,23,3,,4,0,4,0,4
2010-06-10,23,4,,1238,642,596,642,596
2010-06-11,23,5,,1528,803,725,803,725
2010-06-12,23,6,,792,392,400,392,400
2010-06-13,23,7,,714,339,375,339,375
2010-06-14,24,1,,967,538,429,538,429
2010-06-15,24,2,,439,253,186,253,186
2010-06-16,24,3,,456,241,215,241,215
2010-06-17,24,4,,597,320,277,320,277
2010-06-18,24,5,,939,541,398,541,398
2010-06-19,24,6,,353,187,166,187,166
2010-06-20,24,7,,168,93,75,93,75
2010-06-21,25,1,,689,392,297,392,297
2010-06-22,25,2,,992,551,441,551,441
2010-06-23,25,3,,1049,573,476,573,476
2010-06-24,25,4,,1164,655,509,655,509
2010-06-25,25,5,,1063,562,501,562,501
2010-06-26,25,6,,534,243,291,243,291
2010-06-27,25,7,,627,289,338,289,338
2010-06-28,26,1,,1055,565,490,565,490
2010-06-29,26,2,,1186,624,562,624,562
2010-06-30,26,3,,1067,555,512,555,512
2010-07-01,26,4,,1183,625,558,625,558
2010-07-02,26,5,,1091,569,522,569,522
2010-07-03,26,6,,510,269,241,269,241
2010-07-04,26,7,,468,235,233,235,233
2010-07-05,27,1,,1077,610,467,610,467
2010-07-06,27,2,,1084,580,504,580,504
2010-07-07,27,3,,1102,566,536,566,536
2010-07-08,27,4,,1108,573,535,573,535
2010-07-09,27,5,,1020,504,516,504,516
2010-07-10,27,6,,413,201,212,201,212
2010-07-11,27,7,,468,209,259,209,259
2010-07-12,28,1,,796,414,382,414,382
2010-07-13,28,2,,898,485,413,485,413
2010-07-14,28,3,,464,232,232,232,232
2010-07-15,28,4,,840,390,450,390,450
2010-07-16,28,5,,789,391,398,391,398
2010-07-17,28,6,,379,197,182,197,182
2010-07-18,28,7,,440,195,245,195,245
2010-07-19,29,1,,876,422,454,422,454
2010-07-20,29,2,,1090,581,509,581,509
2010-07-21,29,3,,916,475,441,475,441
2010-07-22,29,4,,707,349,358,349,358
2010-07-23,29,5,,555,275,280,275,280
2010-07-24,29,6,,435,206,229,206,229
2010-07-25,29,7,,454,237,217,237,217
2010-07-26,30,1,,785,399,386,399,386
2010-07-27,30,2,,820,430,390,430,390
2010-07-28,30,3,,885,423,462,423,462
2010-07-29,30,4,,534,283,251,283,251
2010-07-30,30,5,,799,417,382,417,382
2010-07-31,30,6,,512,271,241,271,241
2010-08-01,30,7,,357,162,195,162,195
2010-08-02,31,1,,482,243,239,243,239
2010-08-03,31,2,,478,241,237,241,237
2010-08-04,31,3,,697,351,346,351,346
2010-08-05,31,4,,319,170,149,170,149
2010-08-06,31,5,,661,332,329,332,329
2010-08-07,31,6,,487,238,249,238,249
2010-08-08,31,7,,419,216,203,216,203
2010-08-09,32,1,,619,310,309,310,309
2010-08-10,32,2,,749,384,365,384,365
2010-08-11,32,3,,709,347,362,347,362
2010-08-12,32,4,,638,336,302,336,302
2010-08-13,32,5,,606,326,280,326,280
2010-08-14,32,6,,266,126,140,126,140
2010-08-15,32,7,,176,86,90,86,90
2010-08-16,33,1,,461,232,229,232,229
2010-08-17,33,2,,807,377,430,377,430
2010-08-18,33,3,,696,368,328,368,328
2010-08-19,33,4,,793,406,387,406,387
2010-08-20,33,5,,369,174,195,174,195
2010-08-21,33,6,,485,268,217,268,217
2010-08-22,33,7,,389,169,220,169,220
2010-08-23,34,1,,823,421,402,421,402
2010-08-24,34,2,,694,341,353,341,353
2010-08-25,34,3,,926,476,450,476,450
2010-08-26,34,4,,916,455,461,455,461
2010-08-27,34,5,,745,375,370,375,370
2010-08-28,34,6,,400,173,227,173,227
2010-08-29,34,7,,531,239,292,239,292
2010-08-30,35,1,,833,413,420,413,420
2010-08-31,35,2,,1104,553,551,553,551
2010-09-01,35,3,,2,2,0,2,0
2010-09-02,35,4,,1293,626,667,626,667
2010-09-03,35,5,,1124,550,574,550,574
2010-09-04,35,6,,699,349,350,349,350
2010-09-05,35,7,,664,291,373,291,373
2010-09-06,36,1,,1276,656,620,656,620
2010-09-07,36,2,,747,389,358,389,358
2010-09-08,36,3,,1101,568,533,568,533
2010-09-09,36,4,,1246,620,626,620,626
2010-09-10,36,5,,1137,573,564,573,564
2010-09-11,36,6,,619,324,295,324,295
2010-09-12,36,7,,718,332,386,332,386
2010-09-13,37,1,,1230,634,596,634,596
2010-09-14,37,2,,1426,715,711,715,711
2010-09-15,37,3,,1434,737,697,737,697
2010-09-16,37,4,,1273,700,573,700,573
2010-09-17,37,5,,786,394,392,394,392
2010-09-18,37,6,,204,100,104,100,104
2010-09-19,37,7,,519,270,249,270,249
2010-09-20,38,1,,1383,715,668,715,668
2010-09-21,38,2,,1548,790,758,790,758
2010-09-22,38,3,,1432,724,708,724,708
2010-09-23,38,4,,1533,781,752,781,752
2010-09-24,38,5,,817,425,392,425,392
2010-09-25,38,6,,199,105,94,105,94
2010-09-26,38,7,,310,153,157,153,157
2010-09-27,39,1,,1171,591,580,591,580
2010-09-28,39,2,,1353,703,650,703,650
2010-09-29,39,3,,1253,642,611,642,611
2010-09-30,39,4,,1230,617,613,617,613
2010-10-01,39,5,,1220,626,594,626,594
2010-10-02,39,6,,654,322,332,322,332
2010-10-03,39,7,,546,239,307,239,307
2010-10-04,40,1,,917,476,441,476,441
2010-10-05,40,2,,1077,541,536,541,536
2010-10-06,40,3,,1362,696,666,696,666
2010-10-07,40,4,,1707,835,872,835,872
2010-10-08,40,5,,1425,686,739,686,739
2010-10-09,40,6,,679,334,345,334,345
2010-10-10,40,7,,462,226,236,226,236
2010-10-11,41,1,,988,516,472,516,472
2010-10-12,41,2,,1452,759,693,759,693
2010-10-13,41,3,,1318,678,640,678,640
2010-10-14,41,4,,1262,650,612,650,612
2010-10-15,41,5,,1081,563,518,563,518
2010-10-16,41,6,,340,184,156,184,156
2010-10-17,41,7,,175,87,88,87,88
2010-10-18,42,1,,1017,506,511,506,511
2010-10-19,42,2,,1266,647,619,647,619
2010-10-20,42,3,,979,520,459,520,459
2010-10-21,42,4,,1313,660,653,660,653
2010-10-22,42,5,,1158,593,565,593,565
2010-10-23,42,6,,453,225,228,225,228
2010-10-24,42,7,,75,34,41,34,41
2010-10-25,43,1,,393,204,189,204,189
2010-10-26,43,2,,653,343,310,343,310
2010-10-27,43,3,,775,398,377,398,377
2010-10-28,43,4,,856,448,408,448,408
2010-10-29,43,5,,807,430,377,430,377
2010-10-30,43,6,,298,160,138,160,138
2010-10-31,43,7,,169,76,93,76,93
2010-11-01,44,1,,319,160,159,160,159
2010-11-02,44,2,,662,352,310,352,310
2010-11-03,44,3,,1046,525,521,525,521
2010-11-04,44,4,,1246,636,610,636,610
2010-11-05,44,5,,1165,568,597,568,597
2010-11-06,44,6,,604,317,287,317,287
2010-11-07,44,7,,211,101,110,101,110
2010-11-08,45,1,,903,460,443,460,443
2010-11-09,45,2,,911,472,439,472,439
2010-11-10,45,3,,786,411,375,411,375
2010-11-11,45,4,,477,240,237,240,237
2010-11-12,45,5,,352,186,166,186,166
2010-11-13,45,6,,528,246,282,246,282
2010-11-14,45,7,,429,206,223,206,223
2010-11-15,46,1,,558,281,277,281,277
2010-11-16,46,2,,543,280,263,280,263
2010-11-17,46,3,,995,525,470,525,470
2010-11-18,46,4,,848,442,406,442,406
2010-11-19,46,5,,1042,516,526,516,526
2010-11-20,46,6,,356,181,175,181,175
2010-11-21,46,7,,487,246,241,246,241
2010-11-22,47,1,,739,372,367,372,367
2010-11-23,47,2,,870,438,432,438,432
2010-11-24,47,3,,972,484,488,484,488
2010-11-25,47,4,,910,457,453,457,453
2010-11-26,47,5,,639,319,320,319,320
2010-11-27,47,6,,248,132,116,132,116
2010-11-28,47,7,,224,112,112,112,112
2010-11-29,48,1,,917,463,454,463,454
2010-11-30,48,2,,847,432,415,432,415
2010-12-01,48,3,,442,233,209,233,209
2010-12-02,48,4,,622,333,289,333,289
2010-12-03,48,5,,504,263,241,263,241
2010-12-04,48,6,,177,92,85,92,85
2010-12-05,48,7,,97,49,48,49,48
2010-12-06,49,1,,559,290,269,290,269
2010-12-07,49,2,,863,441,422,441,422
2010-12-08,49,3,,829,436,393,436,393
2010-12-09,49,4,,745,405,340,405,340
2010-12-10,49,5,,689,342,347,342,347
2010-12-11,49,6,,292,153,139,153,139
2010-12-12,49,7,,146,71,75,71,75
2010-12-13,50,1,,762,384,378,384,378
2010-12-14,50,2,,753,393,360,393,360
2010-12-15,50,3,,643,327,316,327,316
2010-12-16,50,4,,2,2,0,2,0
2010-12-17,50,5,,2,1,1,1,1
2010-12-18,50,6,,0,0,0,0,0
2010-12-19,50,7,,0,0,0,0,0
2010-12-20,51,1,,413,230,183,230,183
2010-12-21,51,2,,410,216,194,216,194
2010-12-22,51,3,,402,219,183,219,183
2010-12-23,51,4,,268,143,125,143,125
2010-12-24,51,5,,119,53,66,53,66
2010-12-25,51,6,,35,11,24,11,24
2010-12-26,51,7,,34,15,19,15,19
2010-12-27,52,1,,156,74,82,74,82
2010-12-28,52,2,,198,97,101,97,101
2010-12-29,52,3,,273,138,135,138,135
2010-12-30,52,4,,290,141,149,141,149
2010-12-31,52,5,,191,95,96,95,96
2011-01-01,52,6,,90,40,50,40,50
2011-01-02,52,7,,137,61,76,61,76
2011-01-03,01,1,,676,353,323,353,323
2011-01-04,01,2,,775,395,380,395,380
2011-01-05,01,3,,676,345,331,345,331
2011-01-06,01,4,,562,283,279,283,279
2011-01-07,01,5,,704,365,339,365,339
2011-01-08,01,6,,510,251,259,251,259
2011-01-09,01,7,,181,92,89,92,89
2011-01-10,02,1,,608,307,301,307,301
2011-01-11,02,2,,660,334,326,334,326
2011-01-12,02,3,,678,345,333,345,333
2011-01-13,02,4,,850,440,410,440,410
2011-01-14,02,5,,826,414,412,414,412
2011-01-15,02,6,,478,233,245,233,245
2011-01-16,02,7,,456,214,242,214,242
2011-01-17,03,1,,871,435,436,435,436
2011-01-18,03,2,,924,458,466,458,466
2011-01-19,03,3,,789,420,369,420,369
2011-01-20,03,4,,823,424,399,424,399
2011-01-21,03,5,,762,365,397,365,397
2011-01-22,03,6,,264,122,142,122,142
2011-01-23,03,7,,209,92,117,92,117
2011-01-24,04,1,,794,411,383,411,383
2011-01-25,04,2,,795,397,398,397,398
2011-01-26,04,3,,792,394,398,394,398
2011-01-27,04,4,,856,442,414,442,414
2011-01-28,04,5,,791,388,403,388,403
2011-01-29,04,6,,404,184,220,184,220
2011-01-30,04,7,,191,85,106,85,106
2011-01-31,05,1,,800,388,412,388,412
2011-02-01,05,2,,853,417,436,417,436
2011-02-02,05,3,,721,363,358,363,358
2011-02-03,05,4,,824,413,411,413,411
2011-02-04,05,5,,873,425,448,425,448
2011-02-05,05,6,,442,219,223,219,223
2011-02-06,05,7,,449,230,219,230,219
2011-02-07,06,1,,998,518,480,518,480
2011-02-08,06,2,,1077,516,561,516,561
2011-02-09,06,3,,1005,514,491,514,491
2011-02-10,06,4,,1036,524,512,524,512
2011-02-11,06,5,,924,480,444,480,444
2011-02-12,06,6,,396,180,216,180,216
2011-02-13,06,7,,507,217,290,217,290
2011-02-14,07,1,,856,430,426,430,426
2011-02-15,07,2,,839,443,396,443,396
2011-02-16,07,3,,866,437,429,437,429
2011-02-17,07,4,,332,156,176,156,176
2011-02-18,07,5,,0,0,0,0,0
2011-02-19,07,6,,0,0,0,0,0
2011-02-20,07,7,,0,0,0,0,0
2011-02-21,08,1,,0,0,0,0,0
2011-02-22,08,2,,0,0,0,0,0
2011-02-23,08,3,,921,474,447,474,447
2011-02-24,08,4,,898,451,447,451,447
2011-02-25,08,5,,830,419,411,419,411
2011-02-26,08,6,,388,187,201,187,201
2011-02-27,08,7,,93,46,47,46,47
2011-02-28,09,1,,469,220,249,220,249
2011-03-01,09,2,,600,302,298,302,298
2011-03-02,09,3,,567,289,278,289,278
2011-03-03,09,4,,752,371,381,371,381
2011-03-04,09,5,,605,292,313,292,313
2011-03-05,09,6,,438,211,227,211,227
2011-03-06,09,7,,369,193,176,193,176
2011-03-07,10,1,,792,406,386,406,386
2011-03-08,10,2,,884,462,422,462,422
2011-03-09,10,3,,884,442,442,442,442
2011-03-10,10,4,,927,450,477,450,477
2011-03-11,10,5,,860,421,439,421,439
2011-03-12,10,6,,324,161,163,161,163
2011-03-13,10,7,,336,151,185,151,185
2011-03-14,11,1,,1187,581,606,581,606
2011-03-15,11,2,,1079,555,524,555,524
2011-03-16,11,3,,883,462,421,462,421
2011-03-17,11,4,,497,244,253,244,253
2011-03-18,11,5,,881,458,423,458,423
2011-03-19,11,6,,171,84,87,84,87
2011-03-20,11,7,,400,196,204,196,204
2011-03-21,12,1,,1071,535,536,535,536
2011-03-22,12,2,,1234,622,612,622,612
2011-03-23,12,3,,1201,599,602,599,602
2011-03-24,12,4,,1268,626,642,626,642
2011-03-25,12,5,,1186,615,571,615,571
2011-03-26,12,6,,716,331,385,331,385
2011-03-27,12,7,,207,95,112,95,112
2011-03-28,13,1,,808,408,400,408,400
2011-03-29,13,2,,1074,553,521,553,521
2011-03-30,13,3,,967,498,469,498,469
2011-03-31,13,4,,1034,524,510,524,510
2011-04-01,13,5,,1083,551,532,551,532
2011-04-02,13,6,,867,419,448,419,448
2011-04-03,13,7,,743,355,388,355,388
2011-04-04,14,1,,807,415,392,415,392
2011-04-05,14,2,,1313,678,635,678,635
2011-04-06,14,3,,1418,709,709,709,709
2011-04-07,14,4,,1407,704,703,704,703
2011-04-08,14,5,,1252,646,606,646,606
2011-04-09,14,6,,717,352,365,352,365
2011-04-10,14,7,,868,388,480,388,480
2011-04-11,15,1,,1399,724,675,724,675
2011-04-12,15,2,,1033,511,522,511,522
2011-04-13,15,3,,1292,671,621,671,621
2011-04-14,15,4,,1223,606,617,606,617
2011-04-15,15,5,,1155,591,564,591,564
2011-04-16,15,6,,680,322,358,322,358
2011-04-17,15,7,,765,344,421,344,421
2011-04-18,16,1,,1324,685,639,685,639
2011-04-19,16,2,,1429,735,694,735,694
2011-04-20,16,3,,1385,692,693,692,693
2011-04-21,16,4,,1398,716,682,716,682
2011-04-22,16,5,,1191,598,593,598,593
2011-04-23,16,6,,363,168,195,168,195
2011-04-24,16,7,,484,226,258,226,258
2011-04-25,17,1,,468,219,249,219,249
2011-04-26,17,2,,888,435,453,435,453
2011-04-27,17,3,,945,452,493,452,493
2011-04-28,17,4,,710,352,358,352,358
2011-04-29,17,5,,661,344,317,344,317
2011-04-30,17,6,,613,290,323,290,323
2011-05-01,17,7,,699,315,384,315,384
2011-05-02,18,1,,921,490,431,490,431
2011-05-03,18,2,,893,486,407,486,407
2011-05-04,18,3,,1150,564,586,564,586
2011-05-05,18,4,,1207,639,568,639,568
2011-05-06,18,5,,1180,580,600,580,600
2011-05-07,18,6,,645,285,360,285,360
2011-05-08,18,7,,770,373,397,373,397
2011-05-09,19,1,,1415,724,691,724,691
2011-05-10,19,2,,1432,721,711,721,711
2011-05-11,19,3,,1397,718,679,718,679
2011-05-12,19,4,,1311,665,646,665,646
2011-05-13,19,5,,1328,649,679,649,679
2011-05-14,19,6,,363,190,173,190,173
2011-05-15,19,7,,342,173,169,173,169
2011-05-16,20,1,,1315,670,645,670,645
2011-05-17,20,2,,1605,829,776,829,776
2011-05-18,20,3,,1481,731,750,731,750
2011-05-19,20,4,,1462,754,708,754,708
2011-05-20,20,5,,1239,621,618,621,618
2011-05-21,20,6,,701,338,363,338,363
2011-05-22,20,7,,726,345,381,345,381
2011-05-23,21,1,,1349,689,660,689,660
2011-05-24,21,2,,1520,781,739,781,739
2011-05-25,21,3,,1408,710,698,710,698
2011-05-26,21,4,,1415,723,692,723,692
2011-05-27,21,5,,1020,481,539,481,539
2011-05-28,21,6,,830,400,430,400,430
2011-05-29,21,7,,637,301,336,301,336
2011-05-30,22,1,,1358,678,680,678,680
2011-05-31,22,2,,756,387,369,387,369
2011-06-01,22,3,,484,248,236,248,236
2011-06-02,22,4,,319,138,181,138,181
2011-06-03,22,5,,712,364,348,364,348
2011-06-04,22,6,,494,253,241,253,241
2011-06-05,22,7,,388,198,190,198,190
2011-06-06,23,1,,1191,600,591,600,591
2011-06-07,23,2,,965,510,455,510,455
2011-06-08,23,3,,825,435,390,435,390
2011-06-09,23,4,,1343,662,681,662,681
2011-06-10,23,5,,1137,574,563,574,563
2011-06-11,23,6,,537,266,271,266,271
2011-06-12,23,7,,694,318,376,318,376
2011-06-13,24,1,,798,368,430,368,430
2011-06-14,24,2,,1372,708,664,708,664
2011-06-15,24,3,,1300,668,632,668,632
2011-06-16,24,4,,993,493,500,493,500
2011-06-17,24,5,,829,434,395,434,395
2011-06-18,24,6,,423,228,195,228,195
2011-06-19,24,7,,682,329,353,329,353
2011-06-20,25,1,,1358,675,683,675,683
2011-06-21,25,2,,1360,687,673,687,673
2011-06-22,25,3,,954,453,501,453,501
2011-06-23,25,4,,937,438,499,438,499
2011-06-24,25,5,,1122,566,556,566,556
2011-06-25,25,6,,643,321,322,321,322
2011-06-26,25,7,,541,247,294,247,294
2011-06-27,26,1,,1268,640,628,640,628
2011-06-28,26,2,,1318,664,654,664,654
2011-06-29,26,3,,760,370,390,370,390
2011-06-30,26,4,,1214,597,617,597,617
2011-07-01,26,5,,1194,591,603,591,603
2011-07-02,26,6,,529,263,266,263,266
2011-07-03,26,7,,534,274,260,274,260
2011-07-04,27,1,,1009,515,494,515,494
2011-07-05,27,2,,1132,573,559,573,559
2011-07-06,27,3,,1243,650,593,650,593
2011-07-07,27,4,,1035,515,520,515,520
2011-07-08,27,5,,941,478,463,478,463
2011-07-09,27,6,,560,282,278,282,278
2011-07-10,27,7,,467,232,235,232,235
2011-07-11,28,1,,1031,515,516,515,516
2011-07-12,28,2,,997,498,499,498,499
2011-07-13,28,3,,397,204,193,204,193
2011-07-14,28,4,,370,185,185,185,185
2011-07-15,28,5,,625,325,300,325,300
2011-07-16,28,6,,447,212,235,212,235
2011-07-17,28,7,,97,46,51,46,51
2011-07-18,29,1,,857,437,420,437,420
2011-07-19,29,2,,382,202,180,202,180
2011-07-20,29,3,,426,228,198,228,198
2011-07-21,29,4,,736,367,369,367,369
2011-07-22,29,5,,797,430,367,430,367
2011-07-23,29,6,,880,521,359,521,359
2011-07-24,29,7,,433,231,202,231,202
2011-07-25,30,1,,757,392,365,392,365
2011-07-26,30,2,,834,409,425,409,425
2011-07-27,30,3,,585,297,288,297,288
2011-07-28,30,4,,737,368,369,368,369
2011-07-29,30,5,,686,336,350,336,350
2011-07-30,30,6,,446,229,217,229,217
2011-07-31,30,7,,464,232,232,232,232
2011-08-01,31,1,,755,399,356,399,356
2011-08-02,31,2,,864,437,427,437,427
2011-08-03,31,3,,789,398,391,398,391
2011-08-04,31,4,,819,412,407,412,407
2011-08-05,31,5,,688,344,344,344,344
2011-08-06,31,6,,427,209,218,209,218
2011-08-07,31,7,,291,134,157,134,157
2011-08-08,32,1,,677,343,334,343,334
2011-08-09,32,2,,711,351,360,351,360
2011-08-10,32,3,,800,394,406,394,406
2011-08-11,32,4,,787,392,395,392,395
2011-08-12,32,5,,643,316,327,316,327
2011-08-13,32,6,,417,210,207,210,207
2011-08-14,32,7,,331,158,173,158,173
2011-08-15,33,1,,408,193,215,193,215
2011-08-16,33,2,,743,389,354,389,354
2011-08-17,33,3,,729,372,357,372,357
2011-08-18,33,4,,761,384,377,384,377
2011-08-19,33,5,,620,314,306,314,306
2011-08-20,33,6,,414,206,208,206,208
2011-08-21,33,7,,315,151,164,151,164
2011-08-22,34,1,,775,401,374,401,374
2011-08-23,34,2,,866,453,413,453,413
2011-08-24,34,3,,794,401,393,401,393
2011-08-25,34,4,,831,421,410,421,410
2011-08-26,34,5,,633,354,279,354,279
2011-08-27,34,6,,433,240,193,240,193
2011-08-28,34,7,,484,222,262,222,262
2011-08-29,35,1,,1024,518,506,518,506
2011-08-30,35,2,,1172,610,562,610,562
2011-08-31,35,3,,1209,593,616,593,616
2011-09-01,35,4,,1141,567,574,567,574
2011-09-02,35,5,,1160,595,565,595,565
2011-09-03,35,6,,492,243,249,243,249
2011-09-04,35,7,,432,206,226,206,226
2011-09-05,36,1,,1129,585,544,585,544
2011-09-06,36,2,,1457,726,731,726,731
2011-09-07,36,3,,1303,662,641,662,641
2011-09-08,36,4,,1460,730,730,730,730
2011-09-09,36,5,,1288,636,652,636,652
2011-09-10,36,6,,583,279,304,279,304
2011-09-11,36,7,,608,263,345,263,345
2011-09-12,37,1,,1430,719,711,719,711
2011-09-13,37,2,,1595,780,815,780,815
2011-09-14,37,3,,1208,589,619,589,619
2011-09-15,37,4,,1536,770,766,770,766
2011-09-16,37,5,,1352,664,688,664,688
2011-09-17,37,6,,489,228,261,228,261
2011-09-18,37,7,,268,131,137,131,137
2011-09-19,38,1,,529,278,251,278,251
2011-09-20,38,2,,1454,716,738,716,738
2011-09-21,38,3,,1560,779,781,779,781
2011-09-22,38,4,,1508,762,746,762,746
2011-09-23,38,5,,1312,640,672,640,672
2011-09-24,38,6,,562,271,291,271,291
2011-09-25,38,7,,605,277,328,277,328
2011-09-26,39,1,,1513,735,778,735,778
2011-09-27,39,2,,1527,786,741,786,741
2011-09-28,39,3,,1608,810,798,810,798
2011-09-29,39,4,,1571,791,780,791,780
2011-09-30,39,5,,1423,744,679,744,679
2011-10-01,39,6,,689,335,354,335,354
2011-10-02,39,7,,711,327,384,327,384
2011-10-03,40,1,,1442,736,706,736,706
2011-10-04,40,2,,1589,786,803,786,803
2011-10-05,40,3,,1525,757,768,757,768
2011-10-06,40,4,,1519,754,765,754,765
2011-10-07,40,5,,967,479,488,479,488
2011-10-08,40,6,,237,130,107,130,107
2011-10-09,40,7,,366,166,200,166,200
2011-10-10,41,1,,871,465,406,465,406
2011-10-11,41,2,,1403,706,697,706,697
2011-10-12,41,3,,1440,727,713,727,713
2011-10-13,41,4,,1428,701,727,701,727
2011-10-14,41,5,,1252,631,621,631,621
2011-10-15,41,6,,616,310,306,310,306
2011-10-16,41,7,,556,255,301,255,301
2011-10-17,42,1,,1433,711,722,711,722
2011-10-18,42,2,,1520,727,793,727,793
2011-10-19,42,3,,874,433,441,433,441
2011-10-20,42,4,,1272,647,625,647,625
2011-10-21,42,5,,1185,597,588,597,588
2011-10-22,42,6,,626,319,307,319,307
2011-10-23,42,7,,430,197,233,197,233
2011-10-24,43,1,,834,441,393,441,393
2011-10-25,43,2,,531,269,262,269,262
2011-10-26,43,3,,839,412,427,412,427
2011-10-27,43,4,,852,422,430,422,430
2011-10-28,43,5,,739,397,342,397,342
2011-10-29,43,6,,415,203,212,203,212
2011-10-30,43,7,,417,213,204,213,204
2011-10-31,44,1,,615,291,324,291,324
2011-11-01,44,2,,488,247,241,247,241
2011-11-02,44,3,,1016,508,508,508,508
2011-11-03,44,4,,1131,583,548,583,548
2011-11-04,44,5,,495,258,237,258,237
2011-11-05,44,6,,237,129,108,129,108
2011-11-06,44,7,,370,181,189,181,189
2011-11-07,45,1,,1195,612,583,612,583
2011-11-08,45,2,,1134,583,551,583,551
2011-11-09,45,3,,1247,630,617,630,617
2011-11-10,45,4,,1365,667,698,667,698
2011-11-11,45,5,,514,227,287,227,287
2011-11-12,45,6,,527,266,261,266,261
2011-11-13,45,7,,490,238,252,238,252
2011-11-14,46,1,,1225,630,595,630,595
2011-11-15,46,2,,1195,614,581,614,581
2011-11-16,46,3,,1134,584,550,584,550
2011-11-17,46,4,,1214,632,582,632,582
2011-11-18,46,5,,1021,525,496,525,496
2011-11-19,46,6,,455,232,223,232,223
2011-11-20,46,7,,363,183,180,183,180
2011-11-21,47,1,,1119,570,549,570,549
2011-11-22,47,2,,1238,645,593,645,593
2011-11-23,47,3,,1132,571,561,571,561
2011-11-24,47,4,,1144,579,565,579,565
2011-11-25,47,5,,945,490,455,490,455
2011-11-26,47,6,,377,196,181,196,181
2011-11-27,47,7,,324,146,178,146,178
2011-11-28,48,1,,980,507,473,507,473
2011-11-29,48,2,,1080,561,519,561,519
2011-11-30,48,3,,1083,535,548,535,548
2011-12-01,48,4,,1119,554,565,554,565
2011-12-02,48,5,,927,472,455,472,455
2011-12-03,48,6,,306,159,147,159,147
2011-12-04,48,7,,195,101,94,101,94
2011-12-05,49,1,,544,278,266,278,266
2011-12-06,49,2,,756,389,367,389,367
2011-12-07,49,3,,521,272,249,272,249
2011-12-08,49,4,,933,475,458,475,458
2011-12-09,49,5,,869,453,416,453,416
2011-12-10,49,6,,345,179,166,179,166
2011-12-11,49,7,,386,182,204,182,204
2011-12-12,50,1,,528,265,263,265,263
2011-12-13,50,2,,827,416,411,416,411
2011-12-14,50,3,,730,374,356,374,356
2011-12-15,50,4,,821,423,398,423,398
2011-12-16,50,5,,446,231,215,231,215
2011-12-17,50,6,,169,88,81,88,81
2011-12-18,50,7,,91,42,49,42,49
2011-12-19,51,1,,428,217,211,217,211
2011-12-20,51,2,,302,168,134,168,134
2011-12-21,51,3,,315,159,156,159,156
2011-12-22,51,4,,363,180,183,180,183
2011-12-23,51,5,,312,169,143,169,143
2011-12-24,51,6,,108,47,61,47,61
2011-12-25,51,7,,108,55,53,55,53
2011-12-26,52,1,,228,105,123,105,123
2011-12-27,52,2,,272,132,140,132,140
2011-12-28,52,3,,288,140,148,140,148
2011-12-29,52,4,,242,114,128,114,128
2011-12-30,52,5,,82,39,43,39,43
2011-12-31,52,6,,34,16,18,16,18
2012-01-01,52,7,,159,81,78,81,78
2012-01-02,01,1,,254,120,134,120,134
2012-01-03,01,2,,764,388,376,388,376
2012-01-04,01,3,,485,245,240,245,240
2012-01-05,01,4,,483,241,242,241,242
2012-01-06,01,5,,519,276,243,276,243
2012-01-07,01,6,,236,118,118,118,118
2012-01-08,01,7,,193,97,96,97,96
2012-01-09,02,1,,898,453,445,453,445
2012-01-10,02,2,,939,474,465,474,465
2012-01-11,02,3,,844,429,415,429,415
2012-01-12,02,4,,920,459,461,459,461
2012-01-13,02,5,,767,378,389,378,389
2012-01-14,02,6,,265,136,129,136,129
2012-01-15,02,7,,241,111,130,111,130
2012-01-16,03,1,,816,406,410,406,410
2012-01-17,03,2,,913,448,465,448,465
2012-01-18,03,3,,809,401,408,401,408
2012-01-19,03,4,,878,430,448,430,448
2012-01-20,03,5,,435,222,213,222,213
2012-01-21,03,6,,214,97,117,97,117
2012-01-22,03,7,,272,141,131,141,131
2012-01-23,04,1,,886,441,445,441,445
2012-01-24,04,2,,991,509,482,509,482
2012-01-25,04,3,,832,412,420,412,420
2012-01-26,04,4,,1038,506,532,506,532
2012-01-27,04,5,,774,413,361,413,361
2012-01-28,04,6,,372,189,183,189,183
2012-01-29,04,7,,220,102,118,102,118
2012-01-30,05,1,,781,399,382,399,382
2012-01-31,05,2,,470,237,233,237,233
2012-02-01,05,3,,599,293,306,293,306
2012-02-02,05,4,,648,333,315,333,315
2012-02-03,05,5,,468,235,233,235,233
2012-02-04,05,6,,167,94,73,94,73
2012-02-05,05,7,,112,59,53,59,53
2012-02-06,06,1,,596,290,306,290,306
2012-02-07,06,2,,577,280,297,280,297
2012-02-08,06,3,,0,0,0,0,0
2012-02-09,06,4,,0,0,0,0,0
2012-02-10,06,5,,0,0,0,0,0
2012-02-11,06,6,,0,0,0,0,0
2012-02-12,06,7,,0,0,0,0,0
2012-02-13,07,1,,0,0,0,0,0
2012-02-14,07,2,,0,0,0,0,0
2012-02-15,07,3,,0,0,0,0,0
2012-02-16,07,4,,476,261,215,261,215
2012-02-17,07,5,,533,254,279,254,279
2012-02-18,07,6,,379,178,201,178,201
2012-02-19,07,7,,188,92,96,92,96
2012-02-20,08,1,,742,428,314,428,314
2012-02-21,08,2,,738,362,376,362,376
2012-02-22,08,3,,765,394,371,394,371
2012-02-23,08,4,,775,369,406,369,406
2012-02-24,08,5,,782,389,393,389,393
2012-02-25,08,6,,368,171,197,171,197
2012-02-26,08,7,,347,163,184,163,184
2012-02-27,09,1,,1133,539,594,539,594
2012-02-28,09,2,,1061,538,523,538,523
2012-02-29,09,3,,1132,533,599,533,599
2012-03-01,09,4,,1204,616,588,616,588
2012-03-02,09,5,,1143,570,573,570,573
2012-03-03,09,6,,747,364,383,364,383
2012-03-04,09,7,,522,247,275,247,275
2012-03-05,10,1,,782,398,384,398,384
2012-03-06,10,2,,1031,519,512,519,512
2012-03-07,10,3,,1050,514,536,514,536
2012-03-08,10,4,,757,377,380,377,380
2012-03-09,10,5,,977,513,464,513,464
2012-03-10,10,6,,666,325,341,325,341
2012-03-11,10,7,,620,302,318,302,318
2012-03-12,11,1,,1142,586,556,586,556
2012-03-13,11,2,,1259,647,612,647,612
2012-03-14,11,3,,1228,599,629,599,629
2012-03-15,11,4,,1361,690,671,690,671
2012-03-16,11,5,,1121,548,573,548,573
2012-03-17,11,6,,678,318,360,318,360
2012-03-18,11,7,,155,61,94,61,94
2012-03-19,12,1,,853,420,433,420,433
2012-03-20,12,2,,1188,577,611,577,611
2012-03-21,12,3,,1152,553,599,553,599
2012-03-22,12,4,,1250,631,619,631,619
2012-03-23,12,5,,1122,580,542,580,542
2012-03-24,12,6,,678,326,352,326,352
2012-03-25,12,7,,762,377,385,377,385
2012-03-26,13,1,,1318,663,655,663,655
2012-03-27,13,2,,1455,743,712,743,712
2012-03-28,13,3,,1374,697,677,697,677
2012-03-29,13,4,,1454,713,741,713,741
2012-03-30,13,5,,1258,658,600,658,600
2012-03-31,13,6,,765,383,382,383,382
2012-04-01,13,7,,592,290,302,290,302
2012-04-02,14,1,,1341,653,688,653,688
2012-04-03,14,2,,1223,620,603,620,603
2012-04-04,14,3,,804,405,399,405,399
2012-04-05,14,4,,908,463,445,463,445
2012-04-06,14,5,,950,464,486,464,486
2012-04-07,14,6,,399,211,188,211,188
2012-04-08,14,7,,276,145,131,145,131
2012-04-09,15,1,,519,249,270,249,270
2012-04-10,15,2,,719,356,363,356,363
2012-04-11,15,3,,560,274,286,274,286
2012-04-12,15,4,,616,310,306,310,306
2012-04-13,15,5,,595,299,296,299,296
2012-04-14,15,6,,207,104,103,104,103
2012-04-15,15,7,,235,120,115,120,115
2012-04-16,16,1,,453,227,226,227,226
2012-04-17,16,2,,769,369,400,369,400
2012-04-18,16,3,,738,378,360,378,360
2012-04-19,16,4,,539,258,281,258,281
2012-04-20,16,5,,737,377,360,377,360
2012-04-21,16,6,,386,197,189,197,189
2012-04-22,16,7,,570,261,309,261,309
2012-04-23,17,1,,992,500,492,500,492
2012-04-24,17,2,,703,354,349,354,349
2012-04-25,17,3,,932,454,478,454,478
2012-04-26,17,4,,1116,534,582,534,582
2012-04-27,17,5,,1218,622,596,622,596
2012-04-28,17,6,,626,279,347,279,347
2012-04-29,17,7,,528,250,278,250,278
2012-04-30,18,1,,645,316,329,316,329
2012-05-01,18,2,,860,400,460,400,460
2012-05-02,18,3,,780,395,385,395,385
2012-05-03,18,4,,1224,634,590,634,590
2012-05-04,18,5,,9,6,3,6,3
2012-05-05,18,6,,448,225,223,225,223
2012-05-06,18,7,,702,327,375,327,375
2012-05-07,19,1,,1059,516,543,516,543
2012-05-08,19,2,,598,304,294,304,294
2012-05-09,19,3,,965,486,479,486,479
2012-05-10,19,4,,1440,698,742,698,742
2012-05-11,19,5,,1322,661,661,661,661
2012-05-12,19,6,,501,251,250,251,250
2012-05-13,19,7,,506,234,272,234,272
2012-05-14,20,1,,1296,674,622,674,622
2012-05-15,20,2,,1349,671,678,671,678
2012-05-16,20,3,,1008,505,503,505,503
2012-05-17,20,4,,665,316,349,316,349
2012-05-18,20,5,,502,242,260,242,260
2012-05-19,20,6,,546,260,286,260,286
2012-05-20,20,7,,489,246,243,246,243
2012-05-21,21,1,,545,271,274,271,274
2012-05-22,21,2,,470,226,244,226,244
2012-05-23,21,3,,929,469,460,469,460
2012-05-24,21,4,,1232,615,617,615,617
2012-05-25,21,5,,1135,530,605,530,605
2012-05-26,21,6,,647,327,320,327,320
2012-05-27,21,7,,366,172,194,172,194
2012-05-28,22,1,,860,412,448,412,448
2012-05-29,22,2,,1420,714,706,714,706
2012-05-30,22,3,,1568,742,826,742,826
2012-05-31,22,4,,1415,695,720,695,720
2012-06-01,22,5,,1443,675,768,675,768
2012-06-02,22,6,,625,292,333,292,333
2012-06-03,22,7,,353,190,163,190,163
2012-06-04,23,1,,743,370,373,370,373
2012-06-05,23,2,,1486,745,741,745,741
2012-06-06,23,3,,920,456,464,456,464
2012-06-07,23,4,,1367,696,671,696,671
2012-06-08,23,5,,840,404,436,404,436
2012-06-09,23,6,,642,322,320,322,320
2012-06-10,23,7,,450,235,215,235,215
2012-06-11,24,1,,1059,520,539,520,539
2012-06-12,24,2,,916,446,470,446,470
2012-06-13,24,3,,927,464,463,464,463
2012-06-14,24,4,,1366,661,705,661,705
2012-06-15,24,5,,1324,658,666,658,666
2012-06-16,24,6,,760,384,376,384,376
2012-06-17,24,7,,668,316,352,316,352
2012-06-18,25,1,,1254,635,619,635,619
2012-06-19,25,2,,1216,627,589,627,589
2012-06-20,25,3,,919,468,451,468,451
2012-06-21,25,4,,1250,617,633,617,633
2012-06-22,25,5,,1223,630,593,630,593
2012-06-23,25,6,,725,356,369,356,369
2012-06-24,25,7,,636,304,332,304,332
2012-06-25,26,1,,1071,594,477,594,477
2012-06-26,26,2,,1361,698,663,698,663
2012-06-27,26,3,,1223,604,619,604,619
2012-06-28,26,4,,1296,668,628,668,628
2012-06-29,26,5,,1193,600,593,600,593
2012-06-30,26,6,,522,252,270,252,270
2012-07-01,26,7,,193,107,86,107,86
2012-07-02,27,1,,500,256,244,256,244
2012-07-03,27,2,,1117,550,567,550,567
2012-07-04,27,3,,1151,567,584,567,584
2012-07-05,27,4,,886,473,413,473,413
2012-07-06,27,5,,806,439,367,439,367
2012-07-07,27,6,,325,247,78,247,78
2012-07-08,27,7,,236,178,58,178,58
2012-07-09,28,1,,519,471,48,471,48
2012-07-10,28,2,,524,470,54,470,54
2012-07-11,28,3,,471,425,46,425,46
2012-07-12,28,4,,508,446,62,446,62
2012-07-13,28,5,,375,325,50,325,50
2012-07-14,28,6,,208,164,44,164,44
2012-07-15,28,7,,238,196,42,196,42
2012-07-16,29,1,,488,442,46,442,46
2012-07-17,29,2,,562,507,55,507,55
2012-07-18,29,3,,508,456,52,456,52
2012-07-19,29,4,,513,461,52,461,52
2012-07-20,29,5,,404,371,33,371,33
2012-07-21,29,6,,230,190,40,190,40
2012-07-22,29,7,,255,204,51,204,51
2012-07-23,30,1,,466,429,37,429,37
2012-07-24,30,2,,477,437,40,437,40
2012-07-25,30,3,,466,422,44,422,44
2012-07-26,30,4,,454,400,54,400,54
2012-07-27,30,5,,430,386,44,386,44
2012-07-28,30,6,,220,173,47,173,47
2012-07-29,30,7,,247,199,48,199,48
2012-07-30,31,1,,425,390,35,390,35
2012-07-31,31,2,,462,408,54,408,54
2012-08-01,31,3,,435,394,41,394,41
2012-08-02,31,4,,423,368,55,368,55
2012-08-03,31,5,,409,366,43,366,43
2012-08-04,31,6,,246,199,47,199,47
2012-08-05,31,7,,170,139,31,139,31
2012-08-06,32,1,,293,258,35,258,35
2012-08-07,32,2,,676,460,216,460,216
2012-08-08,32,3,,812,417,395,417,395
2012-08-09,32,4,,765,395,370,395,370
2012-08-10,32,5,,673,359,314,359,314
2012-08-11,32,6,,436,232,204,232,204
2012-08-12,32,7,,418,188,230,188,230
2012-08-13,33,1,,675,346,329,346,329
2012-08-14,33,2,,692,361,331,361,331
2012-08-15,33,3,,495,267,228,267,228
2012-08-16,33,4,,672,342,330,342,330
2012-08-17,33,5,,642,337,305,337,305
2012-08-18,33,6,,402,203,199,203,199
2012-08-19,33,7,,332,175,157,175,157
2012-08-20,34,1,,742,369,373,369,373
2012-08-21,34,2,,837,419,418,419,418
2012-08-22,34,3,,771,387,384,387,384
2012-08-23,34,4,,850,433,417,433,417
2012-08-24,34,5,,767,378,389,378,389
2012-08-25,34,6,,367,182,185,182,185
2012-08-26,34,7,,444,226,218,226,218
2012-08-27,35,1,,1056,526,530,526,530
2012-08-28,35,2,,979,486,493,486,493
2012-08-29,35,3,,941,474,467,474,467
2012-08-30,35,4,,433,225,208,225,208
2012-08-31,35,5,,447,220,227,220,227
2012-09-01,35,6,,187,102,85,102,85
2012-09-02,35,7,,486,223,263,223,263
2012-09-03,36,1,,1030,530,500,530,500
2012-09-04,36,2,,1265,633,632,633,632
2012-09-05,36,3,,1172,601,571,601,571
2012-09-06,36,4,,1452,729,723,729,723
2012-09-07,36,5,,1359,698,661,698,661
2012-09-08,36,6,,682,357,325,357,325
2012-09-09,36,7,,764,363,401,363,401
2012-09-10,37,1,,1508,761,747,761,747
2012-09-11,37,2,,1618,800,818,800,818
2012-09-12,37,3,,704,352,352,352,352
2012-09-13,37,4,,1427,715,712,715,712
2012-09-14,37,5,,1360,702,658,702,658
2012-09-15,37,6,,669,329,340,329,340
2012-09-16,37,7,,657,334,323,334,323
2012-09-17,38,1,,1609,833,776,833,776
2012-09-18,38,2,,1475,741,734,741,734
2012-09-19,38,3,,1052,523,529,523,529
2012-09-20,38,4,,1562,766,796,766,796
2012-09-21,38,5,,1356,674,682,674,682
2012-09-22,38,6,,550,301,249,301,249
2012-09-23,38,7,,672,326,346,326,346
2012-09-24,39,1,,545,277,268,277,268
2012-09-25,39,2,,1415,709,706,709,706
2012-09-26,39,3,,896,449,447,449,447
2012-09-27,39,4,,1283,662,621,662,621
2012-09-28,39,5,,1374,719,655,719,655
2012-09-29,39,6,,259,132,127,132,127
2012-09-30,39,7,,477,224,253,224,253
2012-10-01,40,1,,1279,658,621,658,621
2012-10-02,40,2,,1602,799,803,799,803
2012-10-03,40,3,,1468,750,718,750,718
2012-10-04,40,4,,1476,759,717,759,717
2012-10-05,40,5,,1461,756,705,756,705
2012-10-06,40,6,,718,388,330,388,330
2012-10-07,40,7,,443,204,239,204,239
2012-10-08,41,1,,1267,642,625,642,625
2012-10-09,41,2,,1019,510,509,510,509
2012-10-10,41,3,,1208,628,580,628,580
2012-10-11,41,4,,1429,726,703,726,703
2012-10-12,41,5,,982,504,478,504,478
2012-10-13,41,6,,706,354,352,354,352
2012-10-14,41,7,,457,229,228,229,228
2012-10-15,42,1,,927,452,475,452,475
2012-10-16,42,2,,1349,672,677,672,677
2012-10-17,42,3,,1192,585,607,585,607
2012-10-18,42,4,,1386,704,682,704,682
2012-10-19,42,5,,1303,679,624,679,624
2012-10-20,42,6,,806,425,381,425,381
2012-10-21,42,7,,679,348,331,348,331
2012-10-22,43,1,,1263,648,615,648,615
2012-10-23,43,2,,1501,757,744,757,744
2012-10-24,43,3,,1379,694,685,694,685
2012-10-25,43,4,,1484,746,738,746,738
2012-10-26,43,5,,905,452,453,452,453
2012-10-27,43,6,,166,89,77,89,77
2012-10-28,43,7,,74,42,32,42,32
2012-10-29,44,1,,534,266,268,266,268
2012-10-30,44,2,,685,352,333,352,333
2012-10-31,44,3,,508,259,249,259,249
2012-11-01,44,4,,373,169,204,169,204
2012-11-02,44,5,,516,249,267,249,267
2012-11-03,44,6,,378,199,179,199,179
2012-11-04,44,7,,226,118,108,118,108
2012-11-05,45,1,,738,363,375,363,375
2012-11-06,45,2,,856,417,439,417,439
2012-11-07,45,3,,983,515,468,515,468
2012-11-08,45,4,,1051,521,530,521,530
2012-11-09,45,5,,954,472,482,472,482
2012-11-10,45,6,,191,99,92,99,92
2012-11-11,45,7,,181,94,87,94,87
2012-11-12,46,1,,1023,529,494,529,494
2012-11-13,46,2,,1306,664,642,664,642
2012-11-14,46,3,,1196,609,587,609,587
2012-11-15,46,4,,1248,632,616,632,616
2012-11-16,46,5,,1085,560,525,560,525
2012-11-17,46,6,,440,226,214,226,214
2012-11-18,46,7,,505,240,265,240,265
2012-11-19,47,1,,1176,593,583,593,583
2012-11-20,47,2,,1200,608,592,608,592
2012-11-21,47,3,,1124,566,558,566,558
2012-11-22,47,4,,1226,626,600,626,600
2012-11-23,47,5,,1119,589,530,589,530
2012-11-24,47,6,,470,227,243,227,243
2012-11-25,47,7,,401,222,179,222,179
2012-11-26,48,1,,939,468,471,468,471
2012-11-27,48,2,,518,253,265,253,265
2012-11-28,48,3,,517,266,251,266,251
2012-11-29,48,4,,691,349,342,349,342
2012-11-30,48,5,,808,404,404,404,404
2012-12-01,48,6,,315,166,149,166,149
2012-12-02,48,7,,161,75,86,75,86
2012-12-03,49,1,,690,342,348,342,348
2012-12-04,49,2,,635,325,310,325,310
2012-12-05,49,3,,714,363,351,363,351
2012-12-06,49,4,,807,411,396,411,396
2012-12-07,49,5,,565,286,279,286,279
2012-12-08,49,6,,168,82,86,82,86
2012-12-09,49,7,,202,100,102,100,102
2012-12-10,50,1,,493,250,243,250,243
2012-12-11,50,2,,727,371,356,371,356
2012-12-12,50,3,,706,360,346,360,346
2012-12-13,50,4,,747,379,368,379,368
2012-12-14,50,5,,722,387,335,387,335
2012-12-15,50,6,,310,165,145,165,145
2012-12-16,50,7,,257,129,128,129,128
2012-12-17,51,1,,702,339,363,339,363
2012-12-18,51,2,,693,351,342,351,342
2012-12-19,51,3,,736,369,367,369,367
2012-12-20,51,4,,624,317,307,317,307
2012-12-21,51,5,,604,315,289,315,289
2012-12-22,51,6,,198,110,88,110,88
2012-12-23,51,7,,189,97,92,97,92
2012-12-24,52,1,,210,112,98,112,98
2012-12-25,52,2,,105,53,52,53,52
2012-12-26,52,3,,271,139,132,139,132
2012-12-27,52,4,,200,105,95,105,95
2012-12-28,52,5,,331,177,154,177,154
2012-12-29,52,6,,244,135,109,135,109
2012-12-30,52,7,,245,117,128,117,128
2012-12-31,01,1,,267,125,142,125,142
2013-01-01,01,2,,101,49,52,49,52
2013-01-02,01,3,,370,196,174,196,174
2013-01-03,01,4,,575,278,297,278,297
2013-01-04,01,5,,567,290,277,290,277
2013-01-05,01,6,,229,118,111,118,111
2013-01-06,01,7,,287,138,149,138,149
2013-01-07,02,1,,902,465,437,465,437
2013-01-08,02,2,,987,510,477,510,477
2013-01-09,02,3,,864,435,429,435,429
2013-01-10,02,4,,801,415,386,415,386
2013-01-11,02,5,,466,228,238,228,238
2013-01-12,02,6,,293,161,132,161,132
2013-01-13,02,7,,219,105,114,105,114
2013-01-14,03,1,,649,342,307,342,307
2013-01-15,03,2,,599,301,298,301,298
2013-01-16,03,3,,537,270,267,270,267
2013-01-17,03,4,,433,221,212,221,212
2013-01-18,03,5,,503,260,243,260,243
2013-01-19,03,6,,179,89,90,89,90
2013-01-20,03,7,,125,66,59,66,59
2013-01-21,04,1,,736,364,372,364,372
2013-01-22,04,2,,861,448,413,448,413
2013-01-23,04,3,,783,407,376,407,376
2013-01-24,04,4,,859,439,420,439,420
2013-01-25,04,5,,808,402,406,402,406
2013-01-26,04,6,,348,167,181,167,181
2013-01-27,04,7,,246,120,126,120,126
2013-01-28,05,1,,786,385,401,385,401
2013-01-29,05,2,,905,444,461,444,461
2013-01-30,05,3,,919,472,447,472,447
2013-01-31,05,4,,893,439,454,439,454
2013-02-01,05,5,,674,333,341,333,341
2013-02-02,05,6,,184,92,92,92,92
2013-02-03,05,7,,216,115,101,115,101
2013-02-04,06,1,,498,256,242,256,242
2013-02-05,06,2,,737,370,367,370,367
2013-02-06,06,3,,544,278,266,278,266
2013-02-07,06,4,,652,336,316,336,316
2013-02-08,06,5,,685,362,323,362,323
2013-02-09,06,6,,227,116,111,116,111
2013-02-10,06,7,,172,85,87,85,87
2013-02-11,07,1,,284,141,143,141,143
2013-02-12,07,2,,372,186,186,186,186
2013-02-13,07,3,,535,278,257,278,257
2013-02-14,07,4,,696,356,340,356,340
2013-02-15,07,5,,558,293,265,293,265
2013-02-16,07,6,,388,202,186,202,186
2013-02-17,07,7,,375,164,211,164,211
2013-02-18,08,1,,799,407,392,407,392
2013-02-19,08,2,,927,466,461,466,461
2013-02-20,08,3,,893,459,434,459,434
2013-02-21,08,4,,781,396,385,396,385
2013-02-22,08,5,,690,338,352,338,352
2013-02-23,08,6,,166,83,83,83,83
2013-02-24,08,7,,84,42,42,42,42
2013-02-25,09,1,,377,188,189,188,189
2013-02-26,09,2,,497,255,242,255,242
2013-02-27,09,3,,565,286,279,286,279
2013-02-28,09,4,,670,343,327,343,327
2013-03-01,09,5,,556,277,279,277,279
2013-03-02,09,6,,303,155,148,155,148
2013-03-03,09,7,,391,173,218,173,218
2013-03-04,10,1,,801,402,399,402,399
2013-03-05,10,2,,773,407,366,407,366
2013-03-06,10,3,,788,395,393,395,393
2013-03-07,10,4,,740,371,369,371,369
2013-03-08,10,5,,425,221,204,221,204
2013-03-09,10,6,,480,243,237,243,237
2013-03-10,10,7,,597,286,311,286,311
2013-03-11,11,1,,990,512,478,512,478
2013-03-12,11,2,,988,507,481,507,481
2013-03-13,11,3,,772,397,375,397,375
2013-03-14,11,4,,759,391,368,391,368
2013-03-15,11,5,,785,404,381,404,381
2013-03-16,11,6,,414,203,211,203,211
2013-03-17,11,7,,223,106,117,106,117
2013-03-18,12,1,,438,236,202,236,202
2013-03-19,12,2,,1022,513,509,513,509
2013-03-20,12,3,,782,396,386,396,386
2013-03-21,12,4,,1109,564,545,564,545
2013-03-22,12,5,,1023,526,497,526,497
2013-03-23,12,6,,484,238,246,238,246
2013-03-24,12,7,,209,115,94,115,94
2013-03-25,13,1,,872,451,421,451,421
2013-03-26,13,2,,991,511,480,511,480
2013-03-27,13,3,,1100,553,547,553,547
2013-03-28,13,4,,437,235,202,235,202
2013-03-29,13,5,,589,305,284,305,284
2013-03-30,13,6,,226,119,107,119,107
2013-03-31,13,7,,205,100,105,100,105
2013-04-01,14,1,,367,179,188,179,188
2013-04-02,14,2,,1076,553,523,553,523
2013-04-03,14,3,,1065,563,502,563,502
2013-04-04,14,4,,999,500,499,500,499
2013-04-05,14,5,,855,440,415,440,415
2013-04-06,14,6,,368,189,179,189,179
2013-04-07,14,7,,366,187,179,187,179
2013-04-08,15,1,,920,455,465,455,465
2013-04-09,15,2,,805,405,400,405,400
2013-04-10,15,3,,1203,586,617,586,617
2013-04-11,15,4,,953,490,463,490,463
2013-04-12,15,5,,927,460,467,460,467
2013-04-13,15,6,,702,337,365,337,365
2013-04-14,15,7,,811,406,405,406,405
2013-04-15,16,1,,1384,704,680,704,680
2013-04-16,16,2,,1539,794,745,794,745
2013-04-17,16,3,,1627,815,812,815,812
2013-04-18,16,4,,1468,713,755,713,755
2013-04-19,16,5,,476,242,234,242,234
2013-04-20,16,6,,281,152,129,152,129
2013-04-21,16,7,,381,179,202,179,202
2013-04-22,17,1,,750,384,366,384,366
2013-04-23,17,2,,1026,518,508,518,508
2013-04-24,17,3,,1094,540,554,540,554
2013-04-25,17,4,,1126,568,558,568,558
2013-04-26,17,5,,506,240,266,240,266
2013-04-27,17,6,,101,52,49,52,49
2013-04-28,17,7,,306,150,156,150,156
2013-04-29,18,1,,472,247,225,247,225
2013-04-30,18,2,,641,323,318,323,318
2013-05-01,18,3,,504,249,255,249,255
2013-05-02,18,4,,802,408,394,408,394
2013-05-03,18,5,,552,272,280,272,280
2013-05-04,18,6,,500,245,255,245,255
2013-05-05,18,7,,579,285,294,285,294
2013-05-06,19,1,,902,470,432,470,432
2013-05-07,19,2,,1182,606,576,606,576
2013-05-08,19,3,,760,387,373,387,373
2013-05-09,19,4,,407,213,194,213,194
2013-05-10,19,5,,447,236,211,236,211
2013-05-11,19,6,,452,230,222,230,222
2013-05-12,19,7,,528,243,285,243,285
2013-05-13,20,1,,1465,740,725,740,725
2013-05-14,20,2,,1475,761,714,761,714
2013-05-15,20,3,,804,409,395,409,395
2013-05-16,20,4,,531,272,259,272,259
2013-05-17,20,5,,714,371,343,371,343
2013-05-18,20,6,,369,181,188,181,188
2013-05-19,20,7,,330,161,169,161,169
2013-05-20,21,1,,839,401,438,401,438
2013-05-21,21,2,,1138,559,579,559,579
2013-05-22,21,3,,776,392,384,392,384
2013-05-23,21,4,,1042,519,523,519,523
2013-05-24,21,5,,765,400,365,400,365
2013-05-25,21,6,,307,165,142,165,142
2013-05-26,21,7,,435,203,232,203,232
2013-05-27,22,1,,1365,687,678,687,678
2013-05-28,22,2,,862,437,425,437,425
2013-05-29,22,3,,800,432,368,432,368
2013-05-30,22,4,,914,461,453,461,453
2013-05-31,22,5,,827,432,395,432,395
2013-06-01,22,6,,308,155,153,155,153
2013-06-02,22,7,,455,212,243,212,243
2013-06-03,23,1,,1236,633,603,633,603
2013-06-04,23,2,,1333,683,650,683,650
2013-06-05,23,3,,1353,692,661,692,661
2013-06-06,23,4,,1513,811,702,811,702
2013-06-07,23,5,,1363,668,695,668,695
2013-06-08,23,6,,576,292,284,292,284
2013-06-09,23,7,,526,273,253,273,253
2013-06-10,24,1,,1157,589,568,589,568
2013-06-11,24,2,,1465,736,729,736,729
2013-06-12,24,3,,1483,730,753,730,753
2013-06-13,24,4,,1436,729,707,729,707
2013-06-14,24,5,,1105,560,545,560,545
2013-06-15,24,6,,813,426,387,426,387
2013-06-16,24,7,,643,346,297,346,297
2013-06-17,25,1,,1352,693,659,693,659
2013-06-18,25,2,,1475,743,732,743,732
2013-06-19,25,3,,1400,717,683,717,683
2013-06-20,25,4,,1200,615,585,615,585
2013-06-21,25,5,,1210,628,582,628,582
2013-06-22,25,6,,684,324,360,324,360
2013-06-23,25,7,,615,292,323,292,323
2013-06-24,26,1,,782,407,375,407,375
2013-06-25,26,2,,1396,699,697,699,697
2013-06-26,26,3,,1250,640,610,640,610
2013-06-27,26,4,,1194,623,571,623,571
2013-06-28,26,5,,1122,574,548,574,548
2013-06-29,26,6,,235,110,125,110,125
2013-06-30,26,7,,759,357,402,357,402
2013-07-01,27,1,,1347,684,663,684,663
2013-07-02,27,2,,1430,754,676,754,676
2013-07-03,27,3,,821,415,406,415,406
2013-07-04,27,4,,1160,619,541,619,541
2013-07-05,27,5,,1197,622,575,622,575
2013-07-06,27,6,,563,283,280,283,280
2013-07-07,27,7,,546,266,280,266,280
2013-07-08,28,1,,1085,555,530,555,530
2013-07-09,28,2,,1114,583,531,583,531
2013-07-10,28,3,,1058,540,518,540,518
2013-07-11,28,4,,1154,585,569,585,569
2013-07-12,28,5,,1109,557,552,557,552
2013-07-13,28,6,,540,276,264,276,264
2013-07-14,28,7,,516,265,251,265,251
2013-07-15,29,1,,1061,530,531,530,531
2013-07-16,29,2,,1172,597,575,597,575
2013-07-17,29,3,,1003,519,484,519,484
2013-07-18,29,4,,794,398,396,398,396
2013-07-19,29,5,,929,488,441,488,441
2013-07-20,29,6,,575,280,295,280,295
2013-07-21,29,7,,505,247,258,247,258
2013-07-22,30,1,,868,427,441,427,441
2013-07-23,30,2,,1066,515,551,515,551
2013-07-24,30,3,,1093,569,524,569,524
2013-07-25,30,4,,1036,532,504,532,504
2013-07-26,30,5,,909,479,430,479,430
2013-07-27,30,6,,424,224,200,224,200
2013-07-28,30,7,,336,168,168,168,168
2013-07-29,31,1,,382,189,193,189,193
2013-07-30,31,2,,1043,508,535,508,535
2013-07-31,31,3,,971,489,482,489,482
2013-08-01,31,4,,906,468,438,468,438
2013-08-02,31,5,,817,430,387,430,387
2013-08-03,31,6,,492,256,236,256,236
2013-08-04,31,7,,403,202,201,202,201
2013-08-05,32,1,,763,386,377,386,377
2013-08-06,32,2,,786,398,388,398,388
2013-08-07,32,3,,332,171,161,171,161
2013-08-08,32,4,,495,247,248,247,248
2013-08-09,32,5,,634,338,296,338,296
2013-08-10,32,6,,445,216,229,216,229
2013-08-11,32,7,,462,223,239,223,239
2013-08-12,33,1,,722,380,342,380,342
2013-08-13,33,2,,738,365,373,365,373
2013-08-14,33,3,,717,374,343,374,343
2013-08-15,33,4,,437,200,237,200,237
2013-08-16,33,5,,576,311,265,311,265
2013-08-17,33,6,,437,231,206,231,206
2013-08-18,33,7,,410,208,202,208,202
2013-08-19,34,1,,784,394,390,394,390
2013-08-20,34,2,,929,476,453,476,453
2013-08-21,34,3,,963,483,480,483,480
2013-08-22,34,4,,923,461,462,461,462
2013-08-23,34,5,,957,500,457,500,457
2013-08-24,34,6,,356,189,167,189,167
2013-08-25,34,7,,491,225,266,225,266
2013-08-26,35,1,,936,450,486,450,486
2013-08-27,35,2,,950,472,478,472,478
2013-08-28,35,3,,1052,527,525,527,525
2013-08-29,35,4,,1118,587,531,587,531
2013-08-30,35,5,,978,495,483,495,483
2013-08-31,35,6,,656,335,321,335,321
2013-09-01,35,7,,691,352,339,352,339
2013-09-02,36,1,,1327,667,660,667,660
2013-09-03,36,2,,1438,720,718,720,718
2013-09-04,36,3,,1407,700,707,700,707
2013-09-05,36,4,,1548,771,777,771,777
2013-09-06,36,5,,1392,699,693,699,693
2013-09-07,36,6,,625,321,304,321,304
2013-09-08,36,7,,268,131,137,131,137
2013-09-09,37,1,,1390,706,684,706,684
2013-09-10,37,2,,1517,773,744,773,744
2013-09-11,37,3,,1503,745,758,745,758
2013-09-12,37,4,,1484,721,763,721,763
2013-09-13,37,5,,1363,677,686,677,686
2013-09-14,37,6,,702,366,336,366,336
2013-09-15,37,7,,895,739,156,739,156
2013-09-16,38,1,,1030,519,511,519,511
2013-09-17,38,2,,1199,597,602,597,602
2013-09-18,38,3,,969,492,477,492,477
2013-09-19,38,4,,1330,681,649,681,649
2013-09-20,38,5,,1288,649,639,649,639
2013-09-21,38,6,,752,389,363,389,363
2013-09-22,38,7,,792,390,402,390,402
2013-09-23,39,1,,1490,742,748,742,748
2013-09-24,39,2,,1629,827,802,827,802
2013-09-25,39,3,,1618,826,792,826,792
2013-09-26,39,4,,1543,779,764,779,764
2013-09-27,39,5,,1456,729,727,729,727
2013-09-28,39,6,,712,375,337,375,337
2013-09-29,39,7,,299,143,156,143,156
2013-09-30,40,1,,1077,545,532,545,532
2013-10-01,40,2,,1621,806,815,806,815
2013-10-02,40,3,,1612,835,777,835,777
2013-10-03,40,4,,1674,814,860,814,860
2013-10-04,40,5,,1202,626,576,626,576
2013-10-05,40,6,,400,208,192,208,192
2013-10-06,40,7,,430,234,196,234,196
2013-10-07,41,1,,1267,654,613,654,613
2013-10-08,41,2,,1391,708,683,708,683
2013-10-09,41,3,,1356,701,655,701,655
2013-10-10,41,4,,1061,542,519,542,519
2013-10-11,41,5,,1029,530,499,530,499
2013-10-12,41,6,,474,234,240,234,240
2013-10-13,41,7,,384,212,172,212,172
2013-10-14,42,1,,912,470,442,470,442
2013-10-15,42,2,,940,476,464,476,464
2013-10-16,42,3,,1140,583,557,583,557
2013-10-17,42,4,,1327,682,645,682,645
2013-10-18,42,5,,1341,696,645,696,645
2013-10-19,42,6,,610,321,289,321,289
2013-10-20,42,7,,218,107,111,107,111
2013-10-21,43,1,,1175,570,605,570,605
2013-10-22,43,2,,1208,626,582,626,582
2013-10-23,43,3,,811,399,412,399,412
2013-10-24,43,4,,1307,678,629,678,629
2013-10-25,43,5,,1121,562,559,562,559
2013-10-26,43,6,,620,326,294,326,294
2013-10-27,43,7,,307,150,157,150,157
2013-10-28,44,1,,961,489,472,489,472
2013-10-29,44,2,,757,392,365,392,365
2013-10-30,44,3,,795,378,417,378,417
2013-10-31,44,4,,807,440,367,440,367
2013-11-01,44,5,,448,231,217,231,217
2013-11-02,44,6,,348,181,167,181,167
2013-11-03,44,7,,320,165,155,165,155
2013-11-04,45,1,,599,305,294,305,294
2013-11-05,45,2,,902,460,442,460,442
2013-11-06,45,3,,970,510,460,510,460
2013-11-07,45,4,,1325,688,637,688,637
2013-11-08,45,5,,1169,604,565,604,565
2013-11-09,45,6,,512,258,254,258,254
2013-11-10,45,7,,153,74,79,74,79
2013-11-11,46,1,,502,267,235,267,235
2013-11-12,46,2,,1277,635,642,635,642
2013-11-13,46,3,,1104,561,543,561,543
2013-11-14,46,4,,1145,575,570,575,570
2013-11-15,46,5,,755,391,364,391,364
2013-11-16,46,6,,486,253,233,253,233
2013-11-17,46,7,,345,162,183,162,183
2013-11-18,47,1,,1148,587,561,587,561
2013-11-19,47,2,,921,474,447,474,447
2013-11-20,47,3,,694,352,342,352,342
2013-11-21,47,4,,753,392,361,392,361
2013-11-22,47,5,,846,430,416,430,416
2013-11-23,47,6,,331,178,153,178,153
2013-11-24,47,7,,259,121,138,121,138
2013-11-25,48,1,,959,457,502,457,502
2013-11-26,48,2,,1090,557,533,557,533
2013-11-27,48,3,,1079,542,537,542,537
2013-11-28,48,4,,1014,499,515,499,515
2013-11-29,48,5,,930,483,447,483,447
2013-11-30,48,6,,220,110,110,110,110
2013-12-01,48,7,,211,119,92,119,92
2013-12-02,49,1,,941,476,465,476,465
2013-12-03,49,2,,1074,541,533,541,533
2013-12-04,49,3,,1029,509,520,509,520
2013-12-05,49,4,,923,443,480,443,480
2013-12-06,49,5,,942,481,461,481,461
2013-12-07,49,6,,341,166,175,166,175
2013-12-08,49,7,,291,131,160,131,160
2013-12-09,50,1,,961,502,459,502,459
2013-12-10,50,2,,958,474,484,474,484
2013-12-11,50,3,,1019,528,491,528,491
2013-12-12,50,4,,946,474,472,474,472
2013-12-13,50,5,,905,478,427,478,427
2013-12-14,50,6,,436,224,212,224,212
2013-12-15,50,7,,276,132,144,132,144
2013-12-16,51,1,,935,483,452,483,452
2013-12-17,51,2,,964,465,499,465,499
2013-12-18,51,3,,980,485,495,485,495
2013-12-19,51,4,,642,327,315,327,315
2013-12-20,51,5,,415,223,192,223,192
2013-12-21,51,6,,369,181,188,181,188
2013-12-22,51,7,,299,138,161,138,161
2013-12-23,52,1,,413,201,212,201,212
2013-12-24,52,2,,231,116,115,116,115
2013-12-25,52,3,,84,50,34,50,34
2013-12-26,52,4,,134,72,62,72,62
2013-12-27,52,5,,344,160,184,160,184
2013-12-28,52,6,,193,95,98,95,98
2013-12-29,52,7,,201,103,98,103,98
2013-12-30,01,1,,353,191,162,191,162
2013-12-31,01,2,,334,165,169,165,169
2014-01-01,01,3,,211,110,101,110,101
2014-01-02,01,4,,264,130,134,130,134
2014-01-03,01,5,,244,128,116,128,116
2014-01-04,01,6,,92,43,49,43,49
2014-01-05,01,7,,353,167,186,167,186
2014-01-06,02,1,,914,483,431,483,431
2014-01-07,02,2,,1119,566,553,566,553
2014-01-08,02,3,,1088,555,533,555,533
2014-01-09,02,4,,1102,582,520,582,520
2014-01-10,02,5,,1055,539,516,539,516
2014-01-11,02,6,,403,209,194,209,194
2014-01-12,02,7,,417,184,233,184,233
2014-01-13,03,1,,660,347,313,347,313
2014-01-14,03,2,,852,445,407,445,407
2014-01-15,03,3,,968,491,477,491,477
2014-01-16,03,4,,758,395,363,395,363
2014-01-17,03,5,,634,332,302,332,302
2014-01-18,03,6,,375,185,190,185,190
2014-01-19,03,7,,229,108,121,108,121
2014-01-20,04,1,,614,322,292,322,292
2014-01-21,04,2,,951,480,471,480,471
2014-01-22,04,3,,1012,507,505,507,505
2014-01-23,04,4,,869,430,439,430,439
2014-01-24,04,5,,834,412,422,412,422
2014-01-25,04,6,,517,264,253,264,253
2014-01-26,04,7,,286,139,147,139,147
2014-01-27,05,1,,815,416,399,416,399
2014-01-28,05,2,,1036,529,507,529,507
2014-01-29,05,3,,702,346,356,346,356
2014-01-30,05,4,,806,404,402,404,402
2014-01-31,05,5,,878,442,436,442,436
2014-02-01,05,6,,372,195,177,195,177
2014-02-02,05,7,,226,122,104,122,104
2014-02-03,06,1,,944,478,466,478,466
2014-02-04,06,2,,979,489,490,489,490
2014-02-05,06,3,,636,328,308,328,308
2014-02-06,06,4,,1008,500,508,500,508
2014-02-07,06,5,,447,229,218,229,218
2014-02-08,06,6,,354,194,160,194,160
2014-02-09,06,7,,399,202,197,202,197
2014-02-10,07,1,,693,345,348,345,348
2014-02-11,07,2,,970,506,464,506,464
2014-02-12,07,3,,1093,547,546,547,546
2014-02-13,07,4,,0,0,0,0,0
2014-02-14,07,5,,839,420,419,420,419
2014-02-15,07,6,,488,253,235,253,235
2014-02-16,07,7,,387,322,65,322,65
2014-02-17,08,1,,966,493,473,493,473
2014-02-18,08,2,,1004,518,486,518,486
2014-02-19,08,3,,1011,517,494,517,494
2014-02-20,08,4,,1094,539,555,539,555
2014-02-21,08,5,,495,250,245,250,245
2014-02-22,08,6,,527,278,249,278,249
2014-02-23,08,7,,602,299,303,299,303
2014-02-24,09,1,,1127,588,539,588,539
2014-02-25,09,2,,1196,612,584,612,584
2014-02-26,09,3,,472,239,233,239,233
2014-02-27,09,4,,872,440,432,440,432
2014-02-28,09,5,,613,319,294,319,294
2014-03-01,09,6,,248,127,121,127,121
2014-03-02,09,7,,406,214,192,214,192
2014-03-03,10,1,,357,182,175,182,175
2014-03-04,10,2,,435,223,212,223,212
2014-03-05,10,3,,674,334,340,334,340
2014-03-06,10,4,,769,386,383,386,383
2014-03-07,10,5,,715,367,348,367,348
2014-03-08,10,6,,534,275,259,275,259
2014-03-09,10,7,,569,291,278,291,278
2014-03-10,11,1,,1063,534,529,534,529
2014-03-11,11,2,,948,466,482,466,482
2014-03-12,11,3,,1099,560,539,560,539
2014-03-13,11,4,,1171,632,539,632,539
2014-03-14,11,5,,918,446,472,446,472
2014-03-15,11,6,,564,287,277,287,277
2014-03-16,11,7,,601,270,331,270,331
2014-03-17,12,1,,1350,696,654,696,654
2014-03-18,12,2,,1585,806,779,806,779
2014-03-19,12,3,,1424,736,688,736,688
2014-03-20,12,4,,1410,712,698,712,698
2014-03-21,12,5,,1260,651,609,651,609
2014-03-22,12,6,,238,127,111,127,111
2014-03-23,12,7,,170,88,82,88,82
2014-03-24,13,1,,705,352,353,352,353
2014-03-25,13,2,,1078,537,541,537,541
2014-03-26,13,3,,1187,601,586,601,586
2014-03-27,13,4,,1238,616,622,616,622
2014-03-28,13,5,,1235,622,613,622,613
2014-03-29,13,6,,722,378,344,378,344
2014-03-30,13,7,,630,326,304,326,304
2014-03-31,14,1,,1277,663,614,663,614
2014-04-01,14,2,,1534,770,764,770,764
2014-04-02,14,3,,1461,762,699,762,699
2014-04-03,14,4,,1238,642,596,642,596
2014-04-04,14,5,,1063,539,524,539,524
2014-04-05,14,6,,453,227,226,227,226
2014-04-06,14,7,,744,390,354,390,354
2014-04-07,15,1,,1467,729,738,729,738
2014-04-08,15,2,,989,508,481,508,481
2014-04-09,15,3,,1522,774,748,774,748
2014-04-10,15,4,,1632,848,784,848,784
2014-04-11,15,5,,1473,707,766,707,766
2014-04-12,15,6,,966,483,483,483,483
2014-04-13,15,7,,732,347,385,347,385
2014-04-14,16,1,,1523,778,745,778,745
2014-04-15,16,2,,1592,797,795,797,795
2014-04-16,16,3,,1588,791,797,791,797
2014-04-17,16,4,,1467,762,705,762,705
2014-04-18,16,5,,1127,560,567,560,567
2014-04-19,16,6,,533,272,261,272,261
2014-04-20,16,7,,304,151,153,151,153
2014-04-21,17,1,,354,170,184,170,184
2014-04-22,17,2,,1187,626,561,626,561
2014-04-23,17,3,,1342,669,673,669,673
2014-04-24,17,4,,1582,807,775,807,775
2014-04-25,17,5,,1004,515,489,515,489
2014-04-26,17,6,,605,300,305,300,305
2014-04-27,17,7,,469,210,259,210,259
2014-04-28,18,1,,670,365,305,365,305
2014-04-29,18,2,,1017,516,501,516,501
2014-04-30,18,3,,568,265,303,265,303
2014-05-01,18,4,,545,273,272,273,272
2014-05-02,18,5,,202,112,90,112,90
2014-05-03,18,6,,189,101,88,101,88
2014-05-04,18,7,,479,240,239,240,239
2014-05-05,19,1,,1080,548,532,548,532
2014-05-06,19,2,,1021,516,505,516,505
2014-05-07,19,3,,497,251,246,251,246
2014-05-08,19,4,,664,342,322,342,322
2014-05-09,19,5,,829,425,404,425,404
2014-05-10,19,6,,589,284,305,284,305
2014-05-11,19,7,,399,187,212,187,212
2014-05-12,20,1,,1187,591,596,591,596
2014-05-13,20,2,,935,489,446,489,446
2014-05-14,20,3,,1160,587,573,587,573
2014-05-15,20,4,,1246,611,635,611,635
2014-05-16,20,5,,1192,601,591,601,591
2014-05-17,20,6,,838,427,411,427,411
2014-05-18,20,7,,833,393,440,393,440
2014-05-19,21,1,,1331,680,651,680,651
2014-05-20,21,2,,1459,742,717,742,717
2014-05-21,21,3,,1321,676,645,676,645
2014-05-22,21,4,,1069,535,534,535,534
2014-05-23,21,5,,1294,674,620,674,620
2014-05-24,21,6,,897,442,455,442,455
2014-05-25,21,7,,568,252,316,252,316
2014-05-26,22,1,,944,479,465,479,465
2014-05-27,22,2,,897,464,433,464,433
2014-05-28,22,3,,1161,585,576,585,576
2014-05-29,22,4,,683,348,335,348,335
2014-05-30,22,5,,742,362,380,362,380
2014-05-31,22,6,,590,301,289,301,289
2014-06-01,22,7,,686,333,353,333,353
2014-06-02,23,1,,1338,674,664,674,664
2014-06-03,23,2,,1599,810,789,810,789
2014-06-04,23,3,,924,472,452,472,452
2014-06-05,23,4,,1563,785,778,785,778
2014-06-06,23,5,,1416,722,694,722,694
2014-06-07,23,6,,724,371,353,371,353
2014-06-08,23,7,,607,299,308,299,308
2014-06-09,24,1,,607,293,314,293,314
2014-06-10,24,2,,1234,625,609,625,609
2014-06-11,24,3,,1395,662,733,662,733
2014-06-12,24,4,,1463,745,718,745,718
2014-06-13,24,5,,1257,635,622,635,622
2014-06-14,24,6,,715,349,366,349,366
2014-06-15,24,7,,395,208,187,208,187
2014-06-16,25,1,,1229,648,581,648,581
2014-06-17,25,2,,1198,600,598,600,598
2014-06-18,25,3,,923,482,441,482,441
2014-06-19,25,4,,1383,711,672,711,672
2014-06-20,25,5,,1369,704,665,704,665
2014-06-21,25,6,,669,351,318,351,318
2014-06-22,25,7,,574,282,292,282,292
2014-06-23,26,1,,1214,650,564,650,564
2014-06-24,26,2,,1168,611,557,611,557
2014-06-25,26,3,,1199,621,578,621,578
2014-06-26,26,4,,1498,778,720,778,720
2014-06-27,26,5,,1164,616,548,616,548
2014-06-28,26,6,,577,316,261,316,261
2014-06-29,26,7,,318,159,159,159,159
2014-06-30,27,1,,1026,534,492,534,492
2014-07-01,27,2,,1368,708,660,708,660
2014-07-02,27,3,,963,500,463,500,463
2014-07-03,27,4,,1397,706,691,706,691
2014-07-04,27,5,,988,531,457,531,457
2014-07-05,27,6,,660,345,315,345,315
2014-07-06,27,7,,558,282,276,282,276
2014-07-07,28,1,,770,405,365,405,365
2014-07-08,28,2,,585,304,281,304,281
2014-07-09,28,3,,408,209,199,209,199
2014-07-10,28,4,,406,228,178,228,178
2014-07-11,28,5,,733,396,337,396,337
2014-07-12,28,6,,323,176,147,176,147
2014-07-13,28,7,,433,231,202,231,202
2014-07-14,29,1,,387,210,177,210,177
2014-07-15,29,2,,1133,572,561,572,561
2014-07-16,29,3,,1061,530,531,530,531
2014-07-17,29,4,,1070,566,504,566,504
2014-07-18,29,5,,1164,615,549,615,549
2014-07-19,29,6,,546,296,250,296,250
2014-07-20,29,7,,247,136,111,136,111
2014-07-21,30,1,,390,209,181,209,181
2014-07-22,30,2,,537,278,259,278,259
2014-07-23,30,3,,841,422,419,422,419
2014-07-24,30,4,,927,459,468,459,468
2014-07-25,30,5,,850,437,413,437,413
2014-07-26,30,6,,500,260,240,260,240
2014-07-27,30,7,,478,255,223,255,223
2014-07-28,31,1,,671,357,314,357,314
2014-07-29,31,2,,304,163,141,163,141
2014-07-30,31,3,,581,296,285,296,285
2014-07-31,31,4,,911,476,435,476,435
2014-08-01,31,5,,809,433,376,433,376
2014-08-02,31,6,,403,207,196,207,196
2014-08-03,31,7,,412,208,204,208,204
2014-08-04,32,1,,670,350,320,350,320
2014-08-05,32,2,,847,468,379,468,379
2014-08-06,32,3,,820,432,388,432,388
2014-08-07,32,4,,755,410,345,410,345
2014-08-08,32,5,,669,360,309,360,309
2014-08-09,32,6,,458,247,211,247,211
2014-08-10,32,7,,478,243,235,243,235
2014-08-11,33,1,,566,319,247,319,247
2014-08-12,33,2,,638,326,312,326,312
2014-08-13,33,3,,433,232,201,232,201
2014-08-14,33,4,,643,342,301,342,301
2014-08-15,33,5,,289,158,131,158,131
2014-08-16,33,6,,458,234,224,234,224
2014-08-17,33,7,,506,252,254,252,254
2014-08-18,34,1,,793,408,385,408,385
2014-08-19,34,2,,554,299,255,299,255
2014-08-20,34,3,,808,425,383,425,383
2014-08-21,34,4,,924,493,431,493,431
2014-08-22,34,5,,797,430,367,430,367
2014-08-23,34,6,,429,208,221,208,221
2014-08-24,34,7,,470,254,216,254,216
2014-08-25,35,1,,973,501,472,501,472
2014-08-26,35,2,,450,244,206,244,206
2014-08-27,35,3,,920,476,444,476,444
2014-08-28,35,4,,1121,571,550,571,550
2014-08-29,35,5,,855,430,425,430,425
2014-08-30,35,6,,589,323,266,323,266
2014-08-31,35,7,,657,322,335,322,335
2014-09-01,36,1,,1165,625,540,625,540
2014-09-02,36,2,,1352,720,632,720,632
2014-09-03,36,3,,1342,706,636,706,636
2014-09-04,36,4,,1446,754,692,754,692
2014-09-05,36,5,,1266,674,592,674,592
2014-09-06,36,6,,660,343,317,343,317
2014-09-07,36,7,,615,315,300,315,300
2014-09-08,37,1,,1481,783,698,783,698
2014-09-09,37,2,,1180,608,572,608,572
2014-09-10,37,3,,1398,764,634,764,634
2014-09-11,37,4,,1478,752,726,752,726
2014-09-12,37,5,,1373,721,652,721,652
2014-09-13,37,6,,646,332,314,332,314
2014-09-14,37,7,,786,376,410,376,410
2014-09-15,38,1,,1420,727,693,727,693
2014-09-16,38,2,,1579,808,771,808,771
2014-09-17,38,3,,1353,714,639,714,639
2014-09-18,38,4,,1003,533,470,533,470
2014-09-19,38,5,,1074,567,507,567,507
2014-09-20,38,6,,642,336,306,336,306
2014-09-21,38,7,,514,260,254,260,254
2014-09-22,39,1,,1406,732,674,732,674
2014-09-23,39,2,,1526,808,718,808,718
2014-09-24,39,3,,1061,548,513,548,513
2014-09-25,39,4,,1353,693,660,693,660
2014-09-26,39,5,,1344,707,637,707,637
2014-09-27,39,6,,733,406,327,406,327
2014-09-28,39,7,,617,313,304,313,304
2014-09-29,40,1,,1395,736,659,736,659
2014-09-30,40,2,,955,496,459,496,459
2014-10-01,40,3,,1430,711,719,711,719
2014-10-02,40,4,,1598,835,763,835,763
2014-10-03,40,5,,1394,704,690,704,690
2014-10-04,40,6,,671,348,323,348,323
2014-10-05,40,7,,325,167,158,167,158
2014-10-06,41,1,,1406,701,705,701,705
2014-10-07,41,2,,1297,659,638,659,638
2014-10-08,41,3,,1464,735,729,735,729
2014-10-09,41,4,,1428,730,698,730,698
2014-10-10,41,5,,1048,526,522,526,522
2014-10-11,41,6,,526,266,260,266,260
2014-10-12,41,7,,532,237,295,237,295
2014-10-13,42,1,,963,475,488,475,488
2014-10-14,42,2,,1377,696,681,696,681
2014-10-15,42,3,,1441,724,717,724,717
2014-10-16,42,4,,1411,722,689,722,689
2014-10-17,42,5,,1360,680,680,680,680
2014-10-18,42,6,,753,390,363,390,363
2014-10-19,42,7,,615,274,341,274,341
2014-10-20,43,1,,1251,632,619,632,619
2014-10-21,43,2,,1148,571,577,571,577
2014-10-22,43,3,,681,344,337,344,337
2014-10-23,43,4,,1011,517,494,517,494
2014-10-24,43,5,,949,476,473,476,473
2014-10-25,43,6,,514,283,231,283,231
2014-10-26,43,7,,520,273,247,273,247
2014-10-27,44,1,,896,452,444,452,444
2014-10-28,44,2,,883,444,439,444,439
2014-10-29,44,3,,843,432,411,432,411
2014-10-30,44,4,,933,462,471,462,471
2014-10-31,44,5,,865,417,448,417,448
2014-11-01,44,6,,523,236,287,236,287
2014-11-02,44,7,,552,256,296,256,296
2014-11-03,45,1,,1276,620,656,620,656
2014-11-04,45,2,,680,332,348,332,348
2014-11-05,45,3,,573,284,289,284,289
2014-11-06,45,4,,1050,532,518,532,518
2014-11-07,45,5,,1151,574,577,574,577
2014-11-08,45,6,,522,256,266,256,266
2014-11-09,45,7,,274,133,141,133,141
2014-11-10,46,1,,452,240,212,240,212
2014-11-11,46,2,,456,232,224,232,224
2014-11-12,46,3,,745,374,371,374,371
2014-11-13,46,4,,1263,631,632,631,632
2014-11-14,46,5,,979,506,473,506,473
2014-11-15,46,6,,167,78,89,78,89
2014-11-16,46,7,,389,196,193,196,193
2014-11-17,47,1,,619,325,294,325,294
2014-11-18,47,2,,1027,514,513,514,513
2014-11-19,47,3,,1113,558,555,558,555
2014-11-20,47,4,,1220,603,617,603,617
2014-11-21,47,5,,1108,555,553,555,553
2014-11-22,47,6,,548,276,272,276,272
2014-11-23,47,7,,423,193,230,193,230
2014-11-24,48,1,,1196,604,592,604,592
2014-11-25,48,2,,1244,617,627,617,627
2014-11-26,48,3,,929,484,445,484,445
2014-11-27,48,4,,1238,619,619,619,619
2014-11-28,48,5,,1117,562,555,562,555
2014-11-29,48,6,,482,239,243,239,243
2014-11-30,48,7,,216,112,104,112,104
2014-12-01,49,1,,596,305,291,305,291
2014-12-02,49,2,,1025,514,511,514,511
2014-12-03,49,3,,955,476,479,476,479
2014-12-04,49,4,,896,460,436,460,436
2014-12-05,49,5,,885,452,433,452,433
2014-12-06,49,6,,274,142,132,142,132
2014-12-07,49,7,,180,76,104,76,104
2014-12-08,50,1,,972,496,476,496,476
2014-12-09,50,2,,937,471,466,471,466
2014-12-10,50,3,,924,481,443,481,443
2014-12-11,50,4,,996,515,481,515,481
2014-12-12,50,5,,985,504,481,504,481
2014-12-13,50,6,,391,201,190,201,190
2014-12-14,50,7,,263,125,138,125,138
2014-12-15,51,1,,1030,522,508,522,508
2014-12-16,51,2,,969,485,484,485,484
2014-12-17,51,3,,735,368,367,368,367
2014-12-18,51,4,,768,380,388,380,388
2014-12-19,51,5,,893,446,447,446,447
2014-12-20,51,6,,392,202,190,202,190
2014-12-21,51,7,,292,151,141,151,141
2014-12-22,52,1,,85,20,65,20,65
2014-12-23,52,2,,441,269,172,269,172
2014-12-24,52,3,,246,114,132,114,132
2014-12-25,52,4,,111,56,55,56,55
2014-12-26,52,5,,256,124,132,124,132
2014-12-27,52,6,,42,22,20,22,20
2014-12-28,52,7,,45,21,24,21,24
2014-12-29,01,1,,186,96,90,96,90
2014-12-30,01,2,,189,94,95,94,95
2014-12-31,01,3,,193,94,99,94,99
2015-01-01,01,4,,117,68,49,68,49
2015-01-02,01,5,,246,128,118,128,118
2015-01-03,01,6,,247,124,123,124,123
2015-01-04,01,7,,125,54,71,54,71
2015-01-05,02,1,,1018,530,488,530,488
2015-01-06,02,2,,1019,515,504,515,504
2015-01-07,02,3,,774,411,363,411,363
2015-01-08,02,4,,882,426,456,426,456
2015-01-09,02,5,,903,433,470,433,470
2015-01-10,02,6,,405,207,198,207,198
2015-01-11,02,7,,260,135,125,135,125
2015-01-12,03,1,,962,465,497,465,497
2015-01-13,03,2,,1057,517,540,517,540
2015-01-14,03,3,,952,468,484,468,484
2015-01-15,03,4,,1069,520,549,520,549
2015-01-16,03,5,,683,338,345,338,345
2015-01-17,03,6,,185,84,101,84,101
2015-01-18,03,7,,320,164,156,164,156
2015-01-19,04,1,,871,435,436,435,436
2015-01-20,04,2,,634,325,309,325,309
2015-01-21,04,3,,857,422,435,422,435
2015-01-22,04,4,,965,494,471,494,471
2015-01-23,04,5,,740,375,365,375,365
2015-01-24,04,6,,270,138,132,138,132
2015-01-25,04,7,,165,86,79,86,79
2015-01-26,05,1,,903,465,438,465,438
2015-01-27,05,2,,878,449,429,449,429
2015-01-28,05,3,,929,463,466,463,466
2015-01-29,05,4,,649,320,329,320,329
2015-01-30,05,5,,683,351,332,351,332
2015-01-31,05,6,,279,144,135,144,135
2015-02-01,05,7,,70,37,33,37,33
2015-02-02,06,1,,448,248,200,248,200
2015-02-03,06,2,,781,380,401,380,401
2015-02-04,06,3,,528,265,263,265,263
2015-02-05,06,4,,574,285,289,285,289
2015-02-06,06,5,,559,283,276,283,276
2015-02-07,06,6,,184,98,86,98,86
2015-02-08,06,7,,146,80,66,80,66
2015-02-09,07,1,,635,316,319,316,319
2015-02-10,07,2,,661,327,334,327,334
2015-02-11,07,3,,627,302,325,302,325
2015-02-12,07,4,,829,413,416,413,416
2015-02-13,07,5,,688,348,340,348,340
2015-02-14,07,6,,242,121,121,121,121
2015-02-15,07,7,,187,100,87,100,87
2015-02-16,08,1,,728,375,353,375,353
2015-02-17,08,2,,760,380,380,380,380
2015-02-18,08,3,,752,372,380,372,380
2015-02-19,08,4,,775,389,386,389,386
2015-02-20,08,5,,680,346,334,346,334
2015-02-21,08,6,,255,130,125,130,125
2015-02-22,08,7,,155,82,73,82,73
2015-02-23,09,1,,698,360,338,360,338
2015-02-24,09,2,,783,391,392,391,392
2015-02-25,09,3,,727,360,367,360,367
2015-02-26,09,4,,727,364,363,364,363
2015-02-27,09,5,,553,279,274,279,274
2015-02-28,09,6,,383,184,199,184,199
2015-03-01,09,7,,130,69,61,69,61
2015-03-02,10,1,,638,327,311,327,311
2015-03-03,10,2,,1072,535,537,535,537
2015-03-04,10,3,,765,393,372,393,372
2015-03-05,10,4,,1088,537,551,537,551
2015-03-06,10,5,,1025,523,502,523,502
2015-03-07,10,6,,501,244,257,244,257
2015-03-08,10,7,,481,231,250,231,250
2015-03-09,11,1,,1039,524,515,524,515
2015-03-10,11,2,,886,458,428,458,428
2015-03-11,11,3,,1204,554,650,554,650
2015-03-12,11,4,,1483,750,733,750,733
2015-03-13,11,5,,1031,528,503,528,503
2015-03-14,11,6,,275,154,121,154,121
2015-03-15,11,7,,321,150,171,150,171
2015-03-16,12,1,,1164,608,556,608,556
2015-03-17,12,2,,1257,619,638,619,638
2015-03-18,12,3,,1233,620,613,620,613
2015-03-19,12,4,,1233,631,602,631,602
2015-03-20,12,5,,1067,540,527,540,527
2015-03-21,12,6,,331,171,160,171,160
2015-03-22,12,7,,234,112,122,112,122
2015-03-23,13,1,,1155,592,563,592,563
2015-03-24,13,2,,1275,649,626,649,626
2015-03-25,13,3,,614,314,300,314,300
2015-03-26,13,4,,988,517,471,517,471
2015-03-27,13,5,,1004,516,488,516,488
2015-03-28,13,6,,590,297,293,297,293
2015-03-29,13,7,,336,166,170,166,170
2015-03-30,14,1,,478,257,221,257,221
2015-03-31,14,2,,963,495,468,495,468
2015-04-01,14,3,,1040,504,536,504,536
2015-04-02,14,4,,1105,572,533,572,533
2015-04-03,14,5,,1075,517,558,517,558
2015-04-04,14,6,,217,110,107,110,107
2015-04-05,14,7,,189,95,94,95,94
2015-04-06,15,1,,549,269,280,269,280
2015-04-07,15,2,,1316,640,676,640,676
2015-04-08,15,3,,1285,657,628,657,628
2015-04-09,15,4,,1361,663,698,663,698
2015-04-10,15,5,,1234,640,594,640,594
2015-04-11,15,6,,745,366,379,366,379
2015-04-12,15,7,,651,321,330,321,330
2015-04-13,16,1,,1059,541,518,541,518
2015-04-14,16,2,,1146,609,537,609,537
2015-04-15,16,3,,575,247,328,247,328
2015-04-16,16,4,,820,423,397,423,397
2015-04-17,16,5,,509,264,245,264,245
2015-04-18,16,6,,459,226,233,226,233
2015-04-19,16,7,,379,169,210,169,210
2015-04-20,17,1,,928,478,450,478,450
2015-04-21,17,2,,1145,582,563,582,563
2015-04-22,17,3,,451,214,237,214,237
2015-04-23,17,4,,0,0,0,0,0
2015-04-24,17,5,,0,0,0,0,0
2015-04-25,17,6,,0,0,0,0,0
2015-04-26,17,7,,0,0,0,0,0
2015-04-27,18,1,,735,327,408,327,408
2015-04-28,18,2,,1004,524,480,524,480
2015-04-29,18,3,,1247,625,622,625,622
2015-04-30,18,4,,0,0,0,0,0
2015-05-01,18,5,,0,0,0,0,0
2015-05-02,18,6,,0,0,0,0,0
2015-05-03,18,7,,0,0,0,0,0
2015-05-04,19,1,,0,0,0,0,0
2015-05-05,19,2,,0,0,0,0,0
2015-05-06,19,3,,0,0,0,0,0
2015-05-07,19,4,,0,0,0,0,0
2015-05-08,19,5,,0,0,0,0,0
2015-05-09,19,6,,0,0,0,0,0
2015-05-10,19,7,,0,0,0,0,0
2015-05-11,20,1,,0,0,0,0,0
2015-05-12,20,2,,0,0,0,0,0
2015-05-13,20,3,,0,0,0,0,0
2015-05-14,20,4,,0,0,0,0,0
2015-05-15,20,5,,0,0,0,0,0
2015-05-16,20,6,,0,0,0,0,0
2015-05-17,20,7,,0,0,0,0,0
2015-05-18,21,1,,0,0,0,0,0
2015-05-19,21,2,,0,0,0,0,0
2015-05-20,21,3,,0,0,0,0,0
2015-05-21,21,4,,0,0,0,0,0
2015-05-22,21,5,,0,0,0,0,0
2015-05-23,21,6,,0,0,0,0,0
2015-05-24,21,7,,0,0,0,0,0
2015-05-25,22,1,,0,0,0,0,0
2015-05-26,22,2,,0,0,0,0,0
2015-05-27,22,3,,0,0,0,0,0
2015-05-28,22,4,,0,0,0,0,0
2015-05-29,22,5,,0,0,0,0,0
2015-05-30,22,6,,0,0,0,0,0
2015-05-31,22,7,,0,0,0,0,0
2015-06-01,23,1,,0,0,0,0,0
2015-06-02,23,2,,0,0,0,0,0
2015-06-03,23,3,,0,0,0,0,0
2015-06-04,23,4,,0,0,0,0,0
2015-06-05,23,5,,0,0,0,0,0
2015-06-06,23,6,,0,0,0,0,0
2015-06-07,23,7,,0,0,0,0,0
2015-06-08,24,1,,0,0,0,0,0
2015-06-09,24,2,,0,0,0,0,0
2015-06-10,24,3,,0,0,0,0,0
2015-06-11,24,4,,0,0,0,0,0
2015-06-12,24,5,,0,0,0,0,0
2015-06-13,24,6,,0,0,0,0,0
2015-06-14,24,7,,0,0,0,0,0
2015-06-15,25,1,,0,0,0,0,0
2015-06-16,25,2,,0,0,0,0,0
2015-06-17,25,3,,0,0,0,0,0
2015-06-18,25,4,,0,0,0,0,0
2015-06-19,25,5,,0,0,0,0,0
2015-06-20,25,6,,0,0,0,0,0
2015-06-21,25,7,,0,0,0,0,0
2015-06-22,26,1,,0,0,0,0,0
2015-06-23,26,2,,0,0,0,0,0
2015-06-24,26,3,,0,0,0,0,0
2015-06-25,26,4,,0,0,0,0,0
2015-06-26,26,5,,0,0,0,0,0
2015-06-27,26,6,,0,0,0,0,0
2015-06-28,26,7,,0,0,0,0,0
2015-06-29,27,1,,0,0,0,0,0
2015-06-30,27,2,,0,0,0,0,0
2015-07-01,27,3,,0,0,0,0,0
2015-07-02,27,4,,0,0,0,0,0
2015-07-03,27,5,,0,0,0,0,0
2015-07-04,27,6,,0,0,0,0,0
2015-07-05,27,7,,0,0,0,0,0
2015-07-06,28,1,,0,0,0,0,0
2015-07-07,28,2,,0,0,0,0,0
2015-07-08,28,3,,0,0,0,0,0
2015-07-09,28,4,,0,0,0,0,0
2015-07-10,28,5,,0,0,0,0,0
2015-07-11,28,6,,0,0,0,0,0
2015-07-12,28,7,,0,0,0,0,0
2015-07-13,29,1,,0,0,0,0,0
2015-07-14,29,2,,0,0,0,0,0
2015-07-15,29,3,,0,0,0,0,0
2015-07-16,29,4,,0,0,0,0,0
2015-07-17,29,5,,0,0,0,0,0
2015-07-18,29,6,,0,0,0,0,0
2015-07-19,29,7,,0,0,0,0,0
2015-07-20,30,1,,0,0,0,0,0
2015-07-21,30,2,,0,0,0,0,0
2015-07-22,30,3,,0,0,0,0,0
2015-07-23,30,4,,0,0,0,0,0
2015-07-24,30,5,,0,0,0,0,0
2015-07-25,30,6,,0,0,0,0,0
2015-07-26,30,7,,0,0,0,0,0
2015-07-27,31,1,,0,0,0,0,0
2015-07-28,31,2,,0,0,0,0,0
2015-07-29,31,3,,0,0,0,0,0
2015-07-30,31,4,,0,0,0,0,0
2015-07-31,31,5,,0,0,0,0,0
2015-08-01,31,6,,0,0,0,0,0
2015-08-02,31,7,,0,0,0,0,0
2015-08-03,32,1,,0,0,0,0,0
2015-08-04,32,2,,0,0,0,0,0
2015-08-05,32,3,,0,0,0,0,0
2015-08-06,32,4,,0,0,0,0,0
2015-08-07,32,5,,0,0,0,0,0
2015-08-08,32,6,,0,0,0,0,0
2015-08-09,32,7,,0,0,0,0,0
2015-08-10,33,1,,0,0,0,0,0
2015-08-11,33,2,,0,0,0,0,0
2015-08-12,33,3,,0,0,0,0,0
2015-08-13,33,4,,375,207,168,207,168
2015-08-14,33,5,,479,264,215,264,215
2015-08-15,33,6,,243,122,121,122,121
2015-08-16,33,7,,286,150,136,150,136
2015-08-17,34,1,,767,399,368,399,368
2015-08-18,34,2,,890,470,420,470,420
2015-08-19,34,3,,939,494,445,494,445
2015-08-20,34,4,,957,489,468,489,468
2015-08-21,34,5,,800,424,376,424,376
2015-08-22,34,6,,452,251,201,251,201
2015-08-23,34,7,,328,155,173,155,173
2015-08-24,35,1,,406,224,182,224,182
2015-08-25,35,2,,1023,545,478,545,478
2015-08-26,35,3,,1072,569,503,569,503
2015-08-27,35,4,,1087,588,499,588,499
2015-08-28,35,5,,1013,563,450,563,450
2015-08-29,35,6,,570,290,280,290,280
2015-08-30,35,7,,606,316,290,316,290
2015-08-31,36,1,,1242,634,608,634,608
2015-09-01,36,2,,829,431,398,431,398
2015-09-02,36,3,,1199,649,550,649,550
2015-09-03,36,4,,1275,652,623,652,623
2015-09-04,36,5,,1321,691,630,691,630
2015-09-05,36,6,,560,275,285,275,285
2015-09-06,36,7,,675,347,328,347,328
2015-09-07,37,1,,1381,707,674,707,674
2015-09-08,37,2,,1617,840,777,840,777
2015-09-09,37,3,,1590,805,785,805,785
2015-09-10,37,4,,1575,779,796,779,796
2015-09-11,37,5,,1470,743,727,743,727
2015-09-12,37,6,,718,392,326,392,326
2015-09-13,37,7,,539,252,287,252,287
2015-09-14,38,1,,1179,634,545,634,545
2015-09-15,38,2,,1518,779,739,779,739
2015-09-16,38,3,,1291,668,623,668,623
2015-09-17,38,4,,821,421,400,421,400
2015-09-18,38,5,,1092,573,519,573,519
2015-09-19,38,6,,591,297,294,297,294
2015-09-20,38,7,,578,303,275,303,275
2015-09-21,39,1,,1564,822,742,822,742
2015-09-22,39,2,,1571,821,750,821,750
2015-09-23,39,3,,904,462,442,462,442
2015-09-24,39,4,,1562,821,741,821,741
2015-09-25,39,5,,1388,721,667,721,667
2015-09-26,39,6,,681,340,341,340,341
2015-09-27,39,7,,684,322,362,322,362
2015-09-28,40,1,,1411,741,670,741,670
2015-09-29,40,2,,1521,800,721,800,721
2015-09-30,40,3,,1557,813,744,813,744
2015-10-01,40,4,,1566,827,739,827,739
2015-10-02,40,5,,1257,680,577,680,577
2015-10-03,40,6,,405,209,196,209,196
2015-10-04,40,7,,550,268,282,268,282
2015-10-05,41,1,,1246,651,595,651,595
2015-10-06,41,2,,1117,574,543,574,543
2015-10-07,41,3,,1105,597,508,597,508
2015-10-08,41,4,,1558,774,784,774,784
2015-10-09,41,5,,1368,715,653,715,653
2015-10-10,41,6,,544,273,271,273,271
2015-10-11,41,7,,615,316,299,316,299
2015-10-12,42,1,,1111,580,531,580,531
2015-10-13,42,2,,981,539,442,539,442
2015-10-14,42,3,,1228,655,573,655,573
2015-10-15,42,4,,1208,630,578,630,578
2015-10-16,42,5,,1167,620,547,620,547
2015-10-17,42,6,,574,302,272,302,272
2015-10-18,42,7,,393,195,198,195,198
2015-10-19,43,1,,829,347,482,347,482
2015-10-20,43,2,,959,435,524,435,524
2015-10-21,43,3,,897,456,441,456,441
2015-10-22,43,4,,1088,516,572,516,572
2015-10-23,43,5,,901,451,450,451,450
2015-10-24,43,6,,458,224,234,224,234
2015-10-25,43,7,,466,215,251,215,251
2015-10-26,44,1,,819,421,398,421,398
2015-10-27,44,2,,864,422,442,422,442
2015-10-28,44,3,,512,265,247,265,247
2015-10-29,44,4,,791,389,402,389,402
2015-10-30,44,5,,842,457,385,457,385
2015-10-31,44,6,,479,238,241,238,241
2015-11-01,44,7,,462,224,238,224,238
2015-11-02,45,1,,1384,703,681,703,681
2015-11-03,45,2,,1215,644,571,644,571
2015-11-04,45,3,,1297,677,620,677,620
2015-11-05,45,4,,1485,757,728,757,728
2015-11-06,45,5,,1338,670,668,670,668
2015-11-07,45,6,,623,302,321,302,321
2015-11-08,45,7,,621,308,313,308,313
2015-11-09,46,1,,1341,684,657,684,657
2015-11-10,46,2,,1345,680,665,680,665
2015-11-11,46,3,,556,243,313,243,313
2015-11-12,46,4,,1408,694,714,694,714
2015-11-13,46,5,,1213,637,576,637,576
2015-11-14,46,6,,519,250,269,250,269
2015-11-15,46,7,,505,235,270,235,270
2015-11-16,47,1,,1381,697,684,697,684
2015-11-17,47,2,,1441,732,709,732,709
2015-11-18,47,3,,1408,708,700,708,700
2015-11-19,47,4,,1420,725,695,725,695
2015-11-20,47,5,,965,490,475,490,475
2015-11-21,47,6,,203,100,103,100,103
2015-11-22,47,7,,230,112,118,112,118
2015-11-23,48,1,,1099,569,530,569,530
2015-11-24,48,2,,1232,611,621,611,621
2015-11-25,48,3,,615,318,297,318,297
2015-11-26,48,4,,952,476,476,476,476
2015-11-27,48,5,,944,479,465,479,465
2015-11-28,48,6,,319,170,149,170,149
2015-11-29,48,7,,124,64,60,64,60
2015-11-30,49,1,,1172,596,576,596,576
2015-12-01,49,2,,1258,640,618,640,618
2015-12-02,49,3,,1147,579,568,579,568
2015-12-03,49,4,,1264,627,637,627,637
2015-12-04,49,5,,1036,534,502,534,502
2015-12-05,49,6,,351,193,158,193,158
2015-12-06,49,7,,322,153,169,153,169
2015-12-07,50,1,,1160,595,565,595,565
2015-12-08,50,2,,1202,589,613,589,613
2015-12-09,50,3,,923,470,453,470,453
2015-12-10,50,4,,1242,639,603,639,603
2015-12-11,50,5,,1060,530,530,530,530
2015-12-12,50,6,,458,232,226,232,226
2015-12-13,50,7,,314,154,160,154,160
2015-12-14,51,1,,1152,588,564,588,564
2015-12-15,51,2,,1178,597,581,597,581
2015-12-16,51,3,,1139,577,562,577,562
2015-12-17,51,4,,1168,599,569,599,569
2015-12-18,51,5,,1005,524,481,524,481
2015-12-19,51,6,,401,208,193,208,193
2015-12-20,51,7,,349,176,173,176,173
2015-12-21,52,1,,455,225,230,225,230
2015-12-22,52,2,,544,277,267,277,267
2015-12-23,52,3,,498,251,247,251,247
2015-12-24,52,4,,326,168,158,168,158
2015-12-25,52,5,,182,95,87,95,87
2015-12-26,52,6,,222,103,119,103,119
2015-12-27,52,7,,211,100,111,100,111
2015-12-28,53,1,,418,191,227,191,227
2015-12-29,53,2,,255,127,128,127,128
2015-12-30,53,3,,325,178,147,178,147
2015-12-31,53,4,,219,117,102,117,102
2016-01-01,53,5,,184,73,111,73,111
2016-01-02,53,6,,91,38,53,38,53
2016-01-03,53,7,,248,112,136,112,136
2016-01-04,01,1,,814,406,408,406,408
2016-01-05,01,2,,1130,561,569,561,569
2016-01-06,01,3,,924,485,439,485,439
2016-01-07,01,4,,634,333,301,333,301
2016-01-08,01,5,,841,434,407,434,407
2016-01-09,01,6,,169,81,88,81,88
2016-01-10,01,7,,280,135,145,135,145
2016-01-11,02,1,,727,371,356,371,356
2016-01-12,02,2,,961,512,449,512,449
2016-01-13,02,3,,981,500,481,500,481
2016-01-14,02,4,,739,375,364,375,364
2016-01-15,02,5,,865,437,428,437,428
2016-01-16,02,6,,160,78,82,78,82
2016-01-17,02,7,,235,99,136,99,136
2016-01-18,03,1,,952,489,463,489,463
2016-01-19,03,2,,996,505,491,505,491
2016-01-20,03,3,,1026,533,493,533,493
2016-01-21,03,4,,1053,543,510,543,510
2016-01-22,03,5,,1013,505,508,505,508
2016-01-23,03,6,,428,210,218,210,218
2016-01-24,03,7,,404,192,212,192,212
2016-01-25,04,1,,1129,561,568,561,568
2016-01-26,04,2,,1223,618,605,618,605
2016-01-27,04,3,,1150,578,572,578,572
2016-01-28,04,4,,1169,586,583,586,583
2016-01-29,04,5,,1110,578,532,578,532
2016-01-30,04,6,,595,294,301,294,301
2016-01-31,04,7,,136,66,70,66,70
2016-02-01,05,1,,1029,532,497,532,497
2016-02-02,05,2,,1248,648,600,648,600
2016-02-03,05,3,,685,358,327,358,327
2016-02-04,05,4,,1079,554,525,554,525
2016-02-05,05,5,,1097,561,536,561,536
2016-02-06,05,6,,452,208,244,208,244
2016-02-07,05,7,,113,56,57,56,57
2016-02-08,06,1,,1055,542,513,542,513
2016-02-09,06,2,,863,424,439,424,439
2016-02-10,06,3,,966,490,476,490,476
2016-02-11,06,4,,1011,494,517,494,517
2016-02-12,06,5,,758,391,367,391,367
2016-02-13,06,6,,356,169,187,169,187
2016-02-14,06,7,,199,102,97,102,97
2016-02-15,07,1,,653,324,329,324,329
2016-02-16,07,2,,791,407,384,407,384
2016-02-17,07,3,,838,409,429,409,429
2016-02-18,07,4,,823,416,407,416,407
2016-02-19,07,5,,710,351,359,351,359
2016-02-20,07,6,,357,165,192,165,192
2016-02-21,07,7,,458,210,248,210,248
2016-02-22,08,1,,573,289,284,289,284
2016-02-23,08,2,,546,274,272,274,272
2016-02-24,08,3,,666,331,335,331,335
2016-02-25,08,4,,462,234,228,234,228
2016-02-26,08,5,,650,327,323,327,323
2016-02-27,08,6,,322,158,164,158,164
2016-02-28,08,7,,397,180,217,180,217
2016-02-29,09,1,,863,439,424,439,424
2016-03-01,09,2,,1101,547,554,547,554
2016-03-02,09,3,,689,360,329,360,329
2016-03-03,09,4,,578,285,293,285,293
2016-03-04,09,5,,828,421,407,421,407
2016-03-05,09,6,,307,150,157,150,157
2016-03-06,09,7,,286,138,148,138,148
2016-03-07,10,1,,1043,508,535,508,535
2016-03-08,10,2,,893,445,448,445,448
2016-03-09,10,3,,960,485,475,485,475
2016-03-10,10,4,,1129,574,555,574,555
2016-03-11,10,5,,994,510,484,510,484
2016-03-12,10,6,,433,219,214,219,214
2016-03-13,10,7,,370,172,198,172,198
2016-03-14,11,1,,1171,586,585,586,585
2016-03-15,11,2,,1316,665,651,665,651
2016-03-16,11,3,,489,269,220,269,220
2016-03-17,11,4,,1139,566,573,566,573
2016-03-18,11,5,,1202,598,604,598,604
2016-03-19,11,6,,629,314,315,314,315
2016-03-20,11,7,,443,207,236,207,236
2016-03-21,12,1,,1270,644,626,644,626
2016-03-22,12,2,,1293,659,634,659,634
2016-03-23,12,3,,1148,571,577,571,577
2016-03-24,12,4,,1317,656,661,656,661
2016-03-25,12,5,,903,468,435,468,435
2016-03-26,12,6,,639,289,350,289,350
2016-03-27,12,7,,125,63,62,63,62
2016-03-28,13,1,,242,129,113,129,113
2016-03-29,13,2,,1109,530,579,530,579
2016-03-30,13,3,,1262,636,626,636,626
2016-03-31,13,4,,1404,745,659,745,659
2016-04-01,13,5,,986,503,483,503,483
2016-04-02,13,6,,646,342,304,342,304
2016-04-03,13,7,,444,211,233,211,233
2016-04-04,14,1,,1238,622,616,622,616
2016-04-05,14,2,,1072,539,533,539,533
2016-04-06,14,3,,1011,508,503,508,503
2016-04-07,14,4,,1259,633,626,633,626
2016-04-08,14,5,,918,459,459,459,459
2016-04-09,14,6,,529,266,263,266,263
2016-04-10,14,7,,734,321,413,321,413
2016-04-11,15,1,,1086,555,531,555,531
2016-04-12,15,2,,1222,607,615,607,615
2016-04-13,15,3,,622,313,309,313,309
2016-04-14,15,4,,1181,592,589,592,589
2016-04-15,15,5,,986,499,487,499,487
2016-04-16,15,6,,618,295,323,295,323
2016-04-17,15,7,,229,102,127,102,127
2016-04-18,16,1,,626,323,303,323,303
2016-04-19,16,2,,985,500,485,500,485
2016-04-20,16,3,,963,472,491,472,491
2016-04-21,16,4,,929,482,447,482,447
2016-04-22,16,5,,676,334,342,334,342
2016-04-23,16,6,,142,80,62,80,62
2016-04-24,16,7,,314,149,165,149,165
2016-04-25,17,1,,720,390,330,390,330
2016-04-26,17,2,,1215,609,606,609,606
2016-04-27,17,3,,1283,646,637,646,637
2016-04-28,17,4,,1521,782,739,782,739
2016-04-29,17,5,,1342,660,682,660,682
2016-04-30,17,6,,434,208,226,208,226
2016-05-01,17,7,,204,92,112,92,112
2016-05-02,18,1,,1064,534,530,534,530
2016-05-03,18,2,,1358,672,686,672,686
2016-05-04,18,3,,1372,686,686,686,686
2016-05-05,18,4,,665,326,339,326,339
2016-05-06,18,5,,655,307,348,307,348
2016-05-07,18,6,,503,234,269,234,269
2016-05-08,18,7,,587,266,321,266,321
2016-05-09,19,1,,1146,564,582,564,582
2016-05-10,19,2,,1450,720,730,720,730
2016-05-11,19,3,,546,265,281,265,281
2016-05-12,19,4,,974,492,482,492,482
2016-05-13,19,5,,623,314,309,314,309
2016-05-14,19,6,,290,139,151,139,151
2016-05-15,19,7,,395,188,207,188,207
2016-05-16,20,1,,694,313,381,313,381
2016-05-17,20,2,,1512,765,747,765,747
2016-05-18,20,3,,1370,694,676,694,676
2016-05-19,20,4,,794,391,403,391,403
2016-05-20,20,5,,1319,653,666,653,666
2016-05-21,20,6,,750,363,387,363,387
2016-05-22,20,7,,527,246,281,246,281
2016-05-23,21,1,,650,322,328,322,328
2016-05-24,21,2,,1351,693,658,693,658
2016-05-25,21,3,,1517,736,781,736,781
2016-05-26,21,4,,1664,835,829,835,829
2016-05-27,21,5,,1480,752,728,752,728
2016-05-28,21,6,,697,337,360,337,360
2016-05-29,21,7,,246,118,128,118,128
2016-05-30,22,1,,927,486,441,486,441
2016-05-31,22,2,,1034,517,517,517,517
2016-06-01,22,3,,1165,581,584,581,584
2016-06-02,22,4,,1246,642,604,642,604
2016-06-03,22,5,,1141,564,577,564,577
2016-06-04,22,6,,738,371,367,371,367
2016-06-05,22,7,,597,266,331,266,331
2016-06-06,23,1,,1450,712,738,712,738
2016-06-07,23,2,,1482,733,749,733,749
2016-06-08,23,3,,1251,633,618,633,618
2016-06-09,23,4,,1518,776,742,776,742
2016-06-10,23,5,,1497,765,732,765,732
2016-06-11,23,6,,588,283,305,283,305
2016-06-12,23,7,,576,252,324,252,324
2016-06-13,24,1,,937,482,455,482,455
2016-06-14,24,2,,1243,638,605,638,605
2016-06-15,24,3,,1112,536,576,536,576
2016-06-16,24,4,,645,324,321,324,321
2016-06-17,24,5,,1025,541,484,541,484
2016-06-18,24,6,,454,231,223,231,223
2016-06-19,24,7,,392,173,219,173,219
2016-06-20,25,1,,1303,666,637,666,637
2016-06-21,25,2,,1387,730,657,730,657
2016-06-22,25,3,,1370,686,684,686,684
2016-06-23,25,4,,1383,688,695,688,695
2016-06-24,25,5,,1255,625,630,625,630
2016-06-25,25,6,,584,287,297,287,297
2016-06-26,25,7,,580,265,315,265,315
2016-06-27,26,1,,1322,671,651,671,651
2016-06-28,26,2,,1391,698,693,698,693
2016-06-29,26,3,,1310,682,628,682,628
2016-06-30,26,4,,1241,624,617,624,617
2016-07-01,26,5,,1182,597,585,597,585
2016-07-02,26,6,,526,257,269,257,269
2016-07-03,26,7,,585,260,325,260,325
2016-07-04,27,1,,1277,620,657,620,657
2016-07-05,27,2,,1281,658,623,658,623
2016-07-06,27,3,,1113,550,563,550,563
2016-07-07,27,4,,1211,608,603,608,603
2016-07-08,27,5,,1037,528,509,528,509
2016-07-09,27,6,,472,214,258,214,258
2016-07-10,27,7,,415,199,216,199,216
2016-07-11,28,1,,880,444,436,444,436
2016-07-12,28,2,,510,256,254,256,254
2016-07-13,28,3,,793,416,377,416,377
2016-07-14,28,4,,284,135,149,135,149
2016-07-15,28,5,,559,297,262,297,262
2016-07-16,28,6,,399,201,198,201,198
2016-07-17,28,7,,419,200,219,200,219
2016-07-18,29,1,,889,449,440,449,440
2016-07-19,29,2,,983,498,485,498,485
2016-07-20,29,3,,889,460,429,460,429
2016-07-21,29,4,,834,423,411,423,411
2016-07-22,29,5,,671,343,328,343,328
2016-07-23,29,6,,339,157,182,157,182
2016-07-24,29,7,,423,200,223,200,223
2016-07-25,30,1,,883,461,422,461,422
2016-07-26,30,2,,941,474,467,474,467
2016-07-27,30,3,,850,418,432,418,432
2016-07-28,30,4,,865,440,425,440,425
2016-07-29,30,5,,830,436,394,436,394
2016-07-30,30,6,,439,207,232,207,232
2016-07-31,30,7,,303,147,156,147,156
2016-08-01,31,1,,879,451,428,451,428
2016-08-02,31,2,,896,439,457,439,457
2016-08-03,31,3,,826,422,404,422,404
2016-08-04,31,4,,732,364,368,364,368
2016-08-05,31,5,,506,266,240,266,240
2016-08-06,31,6,,377,186,191,186,191
2016-08-07,31,7,,424,209,215,209,215
2016-08-08,32,1,,737,382,355,382,355
2016-08-09,32,2,,696,351,345,351,345
2016-08-10,32,3,,855,425,430,425,430
2016-08-11,32,4,,784,403,381,403,381
2016-08-12,32,5,,694,348,346,348,346
2016-08-13,32,6,,384,183,201,183,201
2016-08-14,32,7,,329,143,186,143,186
2016-08-15,33,1,,375,184,191,184,191
2016-08-16,33,2,,704,340,364,340,364
2016-08-17,33,3,,705,354,351,354,351
2016-08-18,33,4,,707,359,348,359,348
2016-08-19,33,5,,766,384,382,384,382
2016-08-20,33,6,,193,93,100,93,100
2016-08-21,33,7,,506,239,267,239,267
2016-08-22,34,1,,917,477,440,477,440
2016-08-23,34,2,,995,497,498,497,498
2016-08-24,34,3,,941,463,478,463,478
2016-08-25,34,4,,937,465,472,465,472
2016-08-26,34,5,,922,466,456,466,456
2016-08-27,34,6,,441,219,222,219,222
2016-08-28,34,7,,446,213,233,213,233
2016-08-29,35,1,,1119,545,574,545,574
2016-08-30,35,2,,1223,601,622,601,622
2016-08-31,35,3,,1230,620,610,620,610
2016-09-01,35,4,,1354,685,669,685,669
2016-09-02,35,5,,1303,652,651,652,651
2016-09-03,35,6,,539,258,281,258,281
2016-09-04,35,7,,558,257,301,257,301
2016-09-05,36,1,,1436,699,737,699,737
2016-09-06,36,2,,1731,876,855,876,855
2016-09-07,36,3,,1514,753,761,753,761
2016-09-08,36,4,,1617,815,802,815,802
2016-09-09,36,5,,1438,710,728,710,728
2016-09-10,36,6,,619,318,301,318,301
2016-09-11,36,7,,540,256,284,256,284
2016-09-12,37,1,,1647,841,806,841,806
2016-09-13,37,2,,1730,885,845,885,845
2016-09-14,37,3,,1585,796,789,796,789
2016-09-15,37,4,,1514,730,784,730,784
2016-09-16,37,5,,1293,668,625,668,625
2016-09-17,37,6,,234,113,121,113,121
2016-09-18,37,7,,217,109,108,109,108
2016-09-19,38,1,,1403,703,700,703,700
2016-09-20,38,2,,1583,785,798,785,798
2016-09-21,38,3,,1578,788,790,788,790
2016-09-22,38,4,,1756,872,884,872,884
2016-09-23,38,5,,1460,729,731,729,731
2016-09-24,38,6,,704,349,355,349,355
2016-09-25,38,7,,634,292,342,292,342
2016-09-26,39,1,,1542,784,758,784,758
2016-09-27,39,2,,1608,813,795,813,795
2016-09-28,39,3,,1679,835,844,835,844
2016-09-29,39,4,,1751,880,871,880,871
2016-09-30,39,5,,1559,781,778,781,778
2016-10-01,39,6,,377,199,178,199,178
2016-10-02,39,7,,431,207,224,207,224
2016-10-03,40,1,,1581,797,784,797,784
2016-10-04,40,2,,1735,885,850,885,850
2016-10-05,40,3,,1724,829,895,829,895
2016-10-06,40,4,,1608,805,803,805,803
2016-10-07,40,5,,1328,683,645,683,645
2016-10-08,40,6,,641,316,325,316,325
2016-10-09,40,7,,540,273,267,273,267
2016-10-10,41,1,,1427,707,720,707,720
2016-10-11,41,2,,1550,777,773,777,773
2016-10-12,41,3,,1471,740,731,740,731
2016-10-13,41,4,,833,421,412,421,412
2016-10-14,41,5,,650,314,336,314,336
2016-10-15,41,6,,567,271,296,271,296
2016-10-16,41,7,,474,228,246,228,246
2016-10-17,42,1,,884,449,435,449,435
2016-10-18,42,2,,1402,714,688,714,688
2016-10-19,42,3,,1451,719,732,719,732
2016-10-20,42,4,,1111,558,553,558,553
2016-10-21,42,5,,1071,537,534,537,534
2016-10-22,42,6,,468,244,224,244,224
2016-10-23,42,7,,256,119,137,119,137
2016-10-24,43,1,,980,497,483,497,483
2016-10-25,43,2,,663,332,331,332,331
2016-10-26,43,3,,738,374,364,374,364
2016-10-27,43,4,,876,447,429,447,429
2016-10-28,43,5,,785,399,386,399,386
2016-10-29,43,6,,370,197,173,197,173
2016-10-30,43,7,,293,150,143,150,143
2016-10-31,44,1,,558,292,266,292,266
2016-11-01,44,2,,363,171,192,171,192
2016-11-02,44,3,,894,457,437,457,437
2016-11-03,44,4,,1449,714,735,714,735
2016-11-04,44,5,,1333,678,655,678,655
2016-11-05,44,6,,279,145,134,145,134
2016-11-06,44,7,,280,150,130,150,130
2016-11-07,45,1,,1247,653,594,653,594
2016-11-08,45,2,,1127,574,553,574,553
2016-11-09,45,3,,800,409,391,409,391
2016-11-10,45,4,,804,409,395,409,395
2016-11-11,45,5,,205,110,95,110,95
2016-11-12,45,6,,364,179,185,179,185
2016-11-13,45,7,,293,151,142,151,142
2016-11-14,46,1,,1067,548,519,548,519
2016-11-15,46,2,,1248,619,629,619,629
2016-11-16,46,3,,1329,676,653,676,653
2016-11-17,46,4,,1353,674,679,674,679
2016-11-18,46,5,,950,476,474,476,474
2016-11-19,46,6,,468,243,225,243,225
2016-11-20,46,7,,418,204,214,204,214
2016-11-21,47,1,,918,455,463,455,463
2016-11-22,47,2,,922,467,455,467,455
2016-11-23,47,3,,1292,656,636,656,636
2016-11-24,47,4,,835,412,423,412,423
2016-11-25,47,5,,862,431,431,431,431
2016-11-26,47,6,,599,311,288,311,288
2016-11-27,47,7,,445,208,237,208,237
2016-11-28,48,1,,1163,598,565,598,565
2016-11-29,48,2,,1268,652,616,652,616
2016-11-30,48,3,,1232,605,627,605,627
2016-12-01,48,4,,1275,648,627,648,627
2016-12-02,48,5,,1007,515,492,515,492
2016-12-03,48,6,,423,221,202,221,202
2016-12-04,48,7,,364,171,193,171,193
2016-12-05,49,1,,1177,598,579,598,579
2016-12-06,49,2,,1179,589,590,589,590
2016-12-07,49,3,,1159,595,564,595,564
2016-12-08,49,4,,1204,599,605,599,605
2016-12-09,49,5,,1077,555,522,555,522
2016-12-10,49,6,,398,211,187,211,187
2016-12-11,49,7,,286,133,153,133,153
2016-12-12,50,1,,1121,560,561,560,561
2016-12-13,50,2,,1169,595,574,595,574
2016-12-14,50,3,,1217,621,596,621,596
2016-12-15,50,4,,1092,548,544,548,544
2016-12-16,50,5,,1039,529,510,529,510
2016-12-17,50,6,,391,202,189,202,189
2016-12-18,50,7,,234,106,128,106,128
2016-12-19,51,1,,624,324,300,324,300
2016-12-20,51,2,,641,317,324,317,324
2016-12-21,51,3,,599,309,290,309,290
2016-12-22,51,4,,569,304,265,304,265
2016-12-23,51,5,,379,202,177,202,177
2016-12-24,51,6,,206,106,100,106,100
2016-12-25,51,7,,104,54,50,54,50
2016-12-26,52,1,,312,148,164,148,164
2016-12-27,52,2,,297,154,143,154,143
2016-12-28,52,3,,334,174,160,174,160
2016-12-29,52,4,,385,193,192,193,192
2016-12-30,52,5,,331,171,160,171,160
2016-12-31,52,6,,242,127,115,127,115
2017-01-01,52,7,,130,65,65,65,65
2017-01-02,01,1,,450,229,221,229,221
2017-01-03,01,2,,987,496,491,496,491
2017-01-04,01,3,,1058,525,533,525,533
2017-01-05,01,4,,1047,523,524,523,524
2017-01-06,01,5,,955,488,467,488,467
2017-01-07,01,6,,319,165,154,165,154
2017-01-08,01,7,,201,95,106,95,106
2017-01-09,02,1,,996,496,500,496,500
2017-01-10,02,2,,895,444,451,444,451
2017-01-11,02,3,,822,411,411,411,411
2017-01-12,02,4,,996,498,498,498,498
2017-01-13,02,5,,681,350,331,350,331
2017-01-14,02,6,,189,105,84,105,84
2017-01-15,02,7,,126,71,55,71,55
2017-01-16,03,1,,729,373,356,373,356
2017-01-17,03,2,,856,438,418,438,418
2017-01-18,03,3,,836,422,414,422,414
2017-01-19,03,4,,924,445,479,445,479
2017-01-20,03,5,,834,428,406,428,406
2017-01-21,03,6,,293,156,137,156,137
2017-01-22,03,7,,172,83,89,83,89
2017-01-23,04,1,,887,441,446,441,446
2017-01-24,04,2,,953,474,479,474,479
2017-01-25,04,3,,884,451,433,451,433
2017-01-26,04,4,,1007,508,499,508,499
2017-01-27,04,5,,664,352,312,352,312
2017-01-28,04,6,,340,165,175,165,175
2017-01-29,04,7,,283,132,151,132,151
2017-01-30,05,1,,849,442,407,442,407
2017-01-31,05,2,,929,460,469,460,469
2017-02-01,05,3,,1004,495,509,495,509
2017-02-02,05,4,,1185,603,582,603,582
2017-02-03,05,5,,875,443,432,443,432
2017-02-04,05,6,,339,159,180,159,180
2017-02-05,05,7,,103,58,45,58,45
2017-02-06,06,1,,806,409,397,409,397
2017-02-07,06,2,,461,416,45,416,45
2017-02-08,06,3,,596,390,206,390,206
2017-02-09,06,4,,953,477,476,477,476
2017-02-10,06,5,,855,433,422,433,422
2017-02-11,06,6,,449,241,208,241,208
2017-02-12,06,7,,444,196,248,196,248
2017-02-13,07,1,,1119,559,560,559,560
2017-02-14,07,2,,1191,588,603,588,603
2017-02-15,07,3,,1166,595,571,595,571
2017-02-16,07,4,,1342,657,685,657,685
2017-02-17,07,5,,1083,565,518,565,518
2017-02-18,07,6,,547,267,280,267,280
2017-02-19,07,7,,503,247,256,247,256
2017-02-20,08,1,,915,458,457,458,457
2017-02-21,08,2,,964,485,479,485,479
2017-02-22,08,3,,897,470,427,470,427
2017-02-23,08,4,,905,441,464,441,464
2017-02-24,08,5,,581,302,279,302,279
2017-02-25,08,6,,590,289,301,289,301
2017-02-26,08,7,,513,246,267,246,267
2017-02-27,09,1,,910,456,454,456,454
2017-02-28,09,2,,564,278,286,278,286
2017-03-01,09,3,,672,330,342,330,342
2017-03-02,09,4,,613,296,317,296,317
2017-03-03,09,5,,799,408,391,408,391
2017-03-04,09,6,,159,95,64,95,64
2017-03-05,09,7,,291,143,148,143,148
2017-03-06,10,1,,651,333,318,333,318
2017-03-07,10,2,,613,312,301,312,301
2017-03-08,10,3,,1014,509,505,509,505
2017-03-09,10,4,,1141,594,547,594,547
2017-03-10,10,5,,1194,603,591,603,591
2017-03-11,10,6,,651,328,323,328,323
2017-03-12,10,7,,564,258,306,258,306
2017-03-13,11,1,,1298,654,644,654,644
2017-03-14,11,2,,1401,713,688,713,688
2017-03-15,11,3,,1385,689,696,689,696
2017-03-16,11,4,,1534,729,805,729,805
2017-03-17,11,5,,1365,679,686,679,686
2017-03-18,11,6,,446,198,248,198,248
2017-03-19,11,7,,567,266,301,266,301
2017-03-20,12,1,,1326,663,663,663,663
2017-03-21,12,2,,1360,672,688,672,688
2017-03-22,12,3,,1161,554,607,554,607
2017-03-23,12,4,,1181,590,591,590,591
2017-03-24,12,5,,914,439,475,439,475
2017-03-25,12,6,,577,301,276,301,276
2017-03-26,12,7,,632,280,352,280,352
2017-03-27,13,1,,1394,696,698,696,698
2017-03-28,13,2,,1542,782,760,782,760
2017-03-29,13,3,,1437,736,701,736,701
2017-03-30,13,4,,1038,517,521,517,521
2017-03-31,13,5,,1207,600,607,600,607
2017-04-01,13,6,,294,154,140,154,140
2017-04-02,13,7,,309,145,164,145,164
2017-04-03,14,1,,1426,718,708,718,708
2017-04-04,14,2,,1340,665,675,665,675
2017-04-05,14,3,,1408,676,732,676,732
2017-04-06,14,4,,1302,819,483,819,483
2017-04-07,14,5,,1384,908,476,908,476
2017-04-08,14,6,,692,522,170,522,170
2017-04-09,14,7,,666,329,337,329,337
2017-04-10,15,1,,1438,948,490,948,490
2017-04-11,15,2,,1296,802,494,802,494
2017-04-12,15,3,,1430,1122,308,1122,308
2017-04-13,15,4,,1463,789,674,789,674
2017-04-14,15,5,,1293,841,452,841,452
2017-04-15,15,6,,415,229,186,229,186
2017-04-16,15,7,,366,172,194,172,194
2017-04-17,16,1,,452,222,230,222,230
2017-04-18,16,2,,758,399,359,399,359
2017-04-19,16,3,,791,388,403,388,403
2017-04-20,16,4,,864,446,418,446,418
2017-04-21,16,5,,815,419,396,419,396
2017-04-22,16,6,,613,299,314,299,314
2017-04-23,16,7,,591,280,311,280,311
2017-04-24,17,1,,186,69,117,69,117
2017-04-25,17,2,,602,304,298,304,298
2017-04-26,17,3,,421,219,202,219,202
2017-04-27,17,4,,544,281,263,281,263
2017-04-28,17,5,,410,218,192,218,192
2017-04-29,17,6,,525,253,272,253,272
2017-04-30,17,7,,441,210,231,210,231
2017-05-01,18,1,,391,202,189,202,189
2017-05-02,18,2,,795,413,382,413,382
2017-05-03,18,3,,1005,508,497,508,497
2017-05-04,18,4,,804,414,390,414,390
2017-05-05,18,5,,1215,700,515,700,515
2017-05-06,18,6,,114,93,21,93,21
2017-05-07,18,7,,246,177,69,177,69
2017-05-08,19,1,,364,179,185,179,185
2017-05-09,19,2,,1204,629,575,629,575
2017-05-10,19,3,,1188,954,234,954,234
2017-05-11,19,4,,956,692,264,692,264
2017-05-12,19,5,,836,434,402,434,402
2017-05-13,19,6,,596,310,286,310,286
2017-05-14,19,7,,667,329,338,329,338
2017-05-15,20,1,,1408,711,697,711,697
2017-05-16,20,2,,1551,777,774,777,774
2017-05-17,20,3,,1450,712,738,712,738
2017-05-18,20,4,,1383,702,681,702,681
2017-05-19,20,5,,649,334,315,334,315
2017-05-20,20,6,,527,259,268,259,268
2017-05-21,20,7,,641,281,360,281,360
2017-05-22,21,1,,1469,736,733,736,733
2017-05-23,21,2,,1586,791,795,791,795
2017-05-24,21,3,,1296,637,659,637,659
2017-05-25,21,4,,562,266,296,266,296
2017-05-26,21,5,,550,291,259,291,259
2017-05-27,21,6,,514,241,273,241,273
2017-05-28,21,7,,497,245,252,245,252
2017-05-29,22,1,,1412,738,674,738,674
2017-05-30,22,2,,1419,698,721,698,721
2017-05-31,22,3,,1313,657,656,657,656
2017-06-01,22,4,,1323,648,675,648,675
2017-06-02,22,5,,1365,673,692,673,692
2017-06-03,22,6,,500,229,271,229,271
2017-06-04,22,7,,477,234,243,234,243
2017-06-05,23,1,,630,292,338,292,338
2017-06-06,23,2,,944,474,470,474,470
2017-06-07,23,3,,1446,734,712,734,712
2017-06-08,23,4,,1632,841,791,841,791
2017-06-09,23,5,,1524,749,775,749,775
2017-06-10,23,6,,747,404,343,404,343
2017-06-11,23,7,,703,332,371,332,371
2017-06-12,24,1,,1325,656,669,656,669
2017-06-13,24,2,,1480,751,729,751,729
2017-06-14,24,3,,1213,610,603,610,603
2017-06-15,24,4,,1445,720,725,720,725
2017-06-16,24,5,,1375,681,694,681,694
2017-06-17,24,6,,733,371,362,371,362
2017-06-18,24,7,,556,252,304,252,304
2017-06-19,25,1,,1350,691,659,691,659
2017-06-20,25,2,,1364,715,649,715,649
2017-06-21,25,3,,1358,714,644,714,644
2017-06-22,25,4,,1429,727,702,727,702
2017-06-23,25,5,,1207,617,590,617,590
2017-06-24,25,6,,568,283,285,283,285
2017-06-25,25,7,,510,258,252,258,252
2017-06-26,26,1,,1167,599,568,599,568
2017-06-27,26,2,,1280,657,623,657,623
2017-06-28,26,3,,888,471,417,471,417
2017-06-29,26,4,,811,411,400,411,400
2017-06-30,26,5,,963,513,450,513,450
2017-07-01,26,6,,452,225,227,225,227
2017-07-02,26,7,,429,207,222,207,222
2017-07-03,27,1,,1180,598,582,598,582
2017-07-04,27,2,,1352,686,666,686,666
2017-07-05,27,3,,1342,662,680,662,680
2017-07-06,27,4,,1185,601,584,601,584
2017-07-07,27,5,,1089,558,531,558,531
2017-07-08,27,6,,501,254,247,254,247
2017-07-09,27,7,,505,215,290,215,290
2017-07-10,28,1,,971,500,471,500,471
2017-07-11,28,2,,1038,514,524,514,524
2017-07-12,28,3,,1181,580,601,580,601
2017-07-13,28,4,,1087,570,517,570,517
2017-07-14,28,5,,486,228,258,228,258
2017-07-15,28,6,,450,230,220,230,220
2017-07-16,28,7,,415,187,228,187,228
2017-07-17,29,1,,1020,528,492,528,492
2017-07-18,29,2,,980,476,504,476,504
2017-07-19,29,3,,993,504,489,504,489
2017-07-20,29,4,,877,434,443,434,443
2017-07-21,29,5,,849,424,425,424,425
2017-07-22,29,6,,465,221,244,221,244
2017-07-23,29,7,,546,266,280,266,280
2017-07-24,30,1,,608,314,294,314,294
2017-07-25,30,2,,617,308,309,308,309
2017-07-26,30,3,,938,475,463,475,463
2017-07-27,30,4,,944,471,473,471,473
2017-07-28,30,5,,911,439,472,439,472
2017-07-29,30,6,,459,250,209,250,209
2017-07-30,30,7,,480,211,269,211,269
2017-07-31,31,1,,854,444,410,444,410
2017-08-01,31,2,,842,425,417,425,417
2017-08-02,31,3,,869,440,429,440,429
2017-08-03,31,4,,917,486,431,486,431
2017-08-04,31,5,,725,369,356,369,356
2017-08-05,31,6,,346,167,179,167,179
2017-08-06,31,7,,382,181,201,181,201
2017-08-07,32,1,,798,403,395,403,395
2017-08-08,32,2,,392,209,183,209,183
2017-08-09,32,3,,696,361,335,361,335
2017-08-10,32,4,,666,354,312,354,312
2017-08-11,32,5,,304,157,147,157,147
2017-08-12,32,6,,367,193,174,193,174
2017-08-13,32,7,,396,170,226,170,226
2017-08-14,33,1,,490,250,240,250,240
2017-08-15,33,2,,382,179,203,179,203
2017-08-16,33,3,,779,414,365,414,365
2017-08-17,33,4,,769,400,369,400,369
2017-08-18,33,5,,701,365,336,365,336
2017-08-19,33,6,,449,230,219,230,219
2017-08-20,33,7,,480,237,243,237,243
2017-08-21,34,1,,909,440,469,440,469
2017-08-22,34,2,,985,500,485,500,485
2017-08-23,34,3,,948,477,471,477,471
2017-08-24,34,4,,865,432,433,432,433
2017-08-25,34,5,,861,448,413,448,413
2017-08-26,34,6,,491,246,245,246,245
2017-08-27,34,7,,509,230,279,230,279
2017-08-28,35,1,,1167,611,556,611,556
2017-08-29,35,2,,1143,578,565,578,565
2017-08-30,35,3,,1104,556,548,556,548
2017-08-31,35,4,,500,265,235,265,235
2017-09-01,35,5,,821,420,401,420,401
2017-09-02,35,6,,263,132,131,132,131
2017-09-03,35,7,,738,340,398,340,398
2017-09-04,36,1,,1352,653,699,653,699
2017-09-05,36,2,,1585,796,789,796,789
2017-09-06,36,3,,1336,671,665,671,665
2017-09-07,36,4,,1463,722,741,722,741
2017-09-08,36,5,,1409,734,675,734,675
2017-09-09,36,6,,258,137,121,137,121
2017-09-10,36,7,,463,224,239,224,239
2017-09-11,37,1,,1465,741,724,741,724
2017-09-12,37,2,,1387,691,696,691,696
2017-09-13,37,3,,1435,719,716,719,716
2017-09-14,37,4,,1085,541,544,541,544
2017-09-15,37,5,,1406,741,665,741,665
2017-09-16,37,6,,688,338,350,338,350
2017-09-17,37,7,,468,229,239,229,239
2017-09-18,38,1,,1374,704,670,704,670
2017-09-19,38,2,,1204,617,587,617,587
2017-09-20,38,3,,1523,793,730,793,730
2017-09-21,38,4,,1635,823,812,823,812
2017-09-22,38,5,,1607,820,787,820,787
2017-09-23,38,6,,837,456,381,456,381
2017-09-24,38,7,,729,347,382,347,382
2017-09-25,39,1,,1625,838,787,838,787
2017-09-26,39,2,,1685,869,816,869,816
2017-09-27,39,3,,1705,851,854,851,854
2017-09-28,39,4,,1735,865,870,865,870
2017-09-29,39,5,,1514,750,764,750,764
2017-09-30,39,6,,510,261,249,261,249
2017-10-01,39,7,,605,293,312,293,312
2017-10-02,40,1,,1423,717,706,717,706
2017-10-03,40,2,,1381,705,676,705,676
2017-10-04,40,3,,1756,910,846,910,846
2017-10-05,40,4,,1641,829,812,829,812
2017-10-06,40,5,,1406,718,688,718,688
2017-10-07,40,6,,659,326,333,326,333
2017-10-08,40,7,,582,266,316,266,316
2017-10-09,41,1,,1611,824,787,824,787
2017-10-10,41,2,,1717,841,876,841,876
2017-10-11,41,3,,1722,867,855,867,855
2017-10-12,41,4,,1748,879,869,879,869
2017-10-13,41,5,,1541,770,771,770,771
2017-10-14,41,6,,714,347,367,347,367
2017-10-15,41,7,,689,341,348,341,348
2017-10-16,42,1,,1707,870,837,870,837
2017-10-17,42,2,,1797,952,845,952,845
2017-10-18,42,3,,1739,877,862,877,862
2017-10-19,42,4,,1639,837,802,837,802
2017-10-20,42,5,,1445,741,704,741,704
2017-10-21,42,6,,668,342,326,342,326
2017-10-22,42,7,,275,130,145,130,145
2017-10-23,43,1,,960,480,480,480,480
2017-10-24,43,2,,1241,620,621,620,621
2017-10-25,43,3,,1362,699,663,699,663
2017-10-26,43,4,,1264,653,611,653,611
2017-10-27,43,5,,1107,545,562,545,562
2017-10-28,43,6,,516,244,272,244,272
2017-10-29,43,7,,349,170,179,170,179
2017-10-30,44,1,,772,413,359,413,359
2017-10-31,44,2,,828,425,403,425,403
2017-11-01,44,3,,241,120,121,120,121
2017-11-02,44,4,,883,467,416,467,416
2017-11-03,44,5,,862,438,424,438,424
2017-11-04,44,6,,391,200,191,200,191
2017-11-05,44,7,,224,110,114,110,114
2017-11-06,45,1,,1029,524,505,524,505
2017-11-07,45,2,,718,332,386,332,386
2017-11-08,45,3,,0,0,0,0,0
2017-11-09,45,4,,0,0,0,0,0
2017-11-10,45,5,,0,0,0,0,0
2017-11-11,45,6,,0,0,0,0,0
2017-11-12,45,7,,0,0,0,0,0
2017-11-13,46,1,,0,0,0,0,0
2017-11-14,46,2,,0,0,0,0,0
2017-11-15,46,3,,0,0,0,0,0
2017-11-16,46,4,,0,0,0,0,0
2017-11-17,46,5,,0,0,0,0,0
2017-11-18,46,6,,0,0,0,0,0
2017-11-19,46,7,,0,0,0,0,0
2017-11-20,47,1,,0,0,0,0,0
2017-11-21,47,2,,0,0,0,0,0
2017-11-22,47,3,,0,0,0,0,0
2017-11-23,47,4,,0,0,0,0,0
2017-11-24,47,5,,0,0,0,0,0
2017-11-25,47,6,,0,0,0,0,0
2017-11-26,47,7,,0,0,0,0,0
2017-11-27,48,1,,0,0,0,0,0
2017-11-28,48,2,,0,0,0,0,0
2017-11-29,48,3,,0,0,0,0,0
2017-11-30,48,4,,0,0,0,0,0
2017-12-01,48,5,,0,0,0,0,0
2017-12-02,48,6,,0,0,0,0,0
2017-12-03,48,7,,0,0,0,0,0
2017-12-04,49,1,,0,0,0,0,0
2017-12-05,49,2,,0,0,0,0,0
2017-12-06,49,3,,0,0,0,0,0
2017-12-07,49,4,,0,0,0,0,0
2017-12-08,49,5,,0,0,0,0,0
2017-12-09,49,6,,0,0,0,0,0
2017-12-10,49,7,,0,0,0,0,0
2017-12-11,50,1,,0,0,0,0,0
2017-12-12,50,2,,0,0,0,0,0
2017-12-13,50,3,,0,0,0,0,0
2017-12-14,50,4,,0,0,0,0,0
2017-12-15,50,5,,0,0,0,0,0
2017-12-16,50,6,,0,0,0,0,0
2017-12-17,50,7,,0,0,0,0,0
2017-12-18,51,1,,0,0,0,0,0
2017-12-19,51,2,,0,0,0,0,0
2017-12-20,51,3,,0,0,0,0,0
2017-12-21,51,4,,0,0,0,0,0
2017-12-22,51,5,,0,0,0,0,0
2017-12-23,51,6,,0,0,0,0,0
2017-12-24,51,7,,0,0,0,0,0
2017-12-25,52,1,,0,0,0,0,0
2017-12-26,52,2,,0,0,0,0,0
2017-12-27,52,3,,0,0,0,0,0
2017-12-28,52,4,,0,0,0,0,0
2017-12-29,52,5,,0,0,0,0,0
2017-12-30,52,6,,0,0,0,0,0
2017-12-31,52,7,,0,0,0,0,0
2018-01-01,01,1,,0,0,0,0,0
2018-01-02,01,2,,0,0,0,0,0
2018-01-03,01,3,,0,0,0,0,0
2018-01-04,01,4,,0,0,0,0,0
2018-01-05,01,5,,0,0,0,0,0
2018-01-06,01,6,,0,0,0,0,0
2018-01-07,01,7,,0,0,0,0,0
2018-01-08,02,1,,0,0,0,0,0
2018-01-09,02,2,,0,0,0,0,0
2018-01-10,02,3,,0,0,0,0,0
2018-01-11,02,4,,0,0,0,0,0
2018-01-12,02,5,,0,0,0,0,0
2018-01-13,02,6,,0,0,0,0,0
2018-01-14,02,7,,0,0,0,0,0
2018-01-15,03,1,,0,0,0,0,0
2018-01-16,03,2,,0,0,0,0,0
2018-01-17,03,3,,0,0,0,0,0
2018-01-18,03,4,,0,0,0,0,0
2018-01-19,03,5,,0,0,0,0,0
2018-01-20,03,6,,0,0,0,0,0
2018-01-21,03,7,,0,0,0,0,0
2018-01-22,04,1,,0,0,0,0,0
2018-01-23,04,2,,0,0,0,0,0
2018-01-24,04,3,,0,0,0,0,0
2018-01-25,04,4,,0,0,0,0,0
2018-01-26,04,5,,0,0,0,0,0
2018-01-27,04,6,,0,0,0,0,0
2018-01-28,04,7,,0,0,0,0,0
2018-01-29,05,1,,0,0,0,0,0
2018-01-30,05,2,,0,0,0,0,0
2018-01-31,05,3,,0,0,0,0,0
2018-02-01,05,4,,0,0,0,0,0
2018-02-02,05,5,,0,0,0,0,0
2018-02-03,05,6,,0,0,0,0,0
2018-02-04,05,7,,0,0,0,0,0
2018-02-05,06,1,,0,0,0,0,0
2018-02-06,06,2,,0,0,0,0,0
2018-02-07,06,3,,0,0,0,0,0
2018-02-08,06,4,,634,364,270,364,270
2018-02-09,06,5,,1036,535,501,535,501
2018-02-10,06,6,,348,167,181,167,181
2018-02-11,06,7,,215,101,114,101,114
2018-02-12,07,1,,758,385,373,385,373
2018-02-13,07,2,,826,426,400,426,400
2018-02-14,07,3,,612,318,294,318,294
2018-02-15,07,4,,562,271,291,271,291
2018-02-16,07,5,,667,345,322,345,322
2018-02-17,07,6,,162,87,75,87,75
2018-02-18,07,7,,218,112,106,112,106
2018-02-19,08,1,,719,366,353,366,353
2018-02-20,08,2,,812,419,393,419,393
2018-02-21,08,3,,635,330,305,330,305
2018-02-22,08,4,,656,350,306,350,306
2018-02-23,08,5,,582,306,276,306,276
2018-02-24,08,6,,386,190,196,190,196
2018-02-25,08,7,,267,129,138,129,138
2018-02-26,09,1,,908,466,442,466,442
2018-02-27,09,2,,986,520,466,520,466
2018-02-28,09,3,,859,440,419,440,419
2018-03-01,09,4,,694,351,343,351,343
2018-03-02,09,5,,633,339,294,339,294
2018-03-03,09,6,,255,116,139,116,139
2018-03-04,09,7,,426,203,223,203,223
2018-03-05,10,1,,1016,520,496,520,496
2018-03-06,10,2,,1081,543,538,543,538
2018-03-07,10,3,,1067,545,522,545,522
2018-03-08,10,4,,1163,579,584,579,584
2018-03-09,10,5,,1157,591,566,591,566
2018-03-10,10,6,,466,243,223,243,223
2018-03-11,10,7,,361,188,173,188,173
2018-03-12,11,1,,961,485,476,485,476
2018-03-13,11,2,,1103,563,540,563,540
2018-03-14,11,3,,1323,664,659,664,659
2018-03-15,11,4,,768,379,389,379,389
2018-03-16,11,5,,1134,569,565,569,565
2018-03-17,11,6,,260,136,124,136,124
2018-03-18,11,7,,349,166,183,166,183
2018-03-19,12,1,,1184,609,575,609,575
2018-03-20,12,2,,1123,569,554,569,554
2018-03-21,12,3,,1137,574,563,574,563
2018-03-22,12,4,,1296,666,630,666,630
2018-03-23,12,5,,1160,589,571,589,571
2018-03-24,12,6,,605,319,286,319,286
2018-03-25,12,7,,406,189,217,189,217
2018-03-26,13,1,,1143,577,566,577,566
2018-03-27,13,2,,1072,550,522,550,522
2018-03-28,13,3,,1023,514,509,514,509
2018-03-29,13,4,,986,496,490,496,490
2018-03-30,13,5,,784,418,366,418,366
2018-03-31,13,6,,455,219,236,219,236
2018-04-01,13,7,,333,155,178,155,178
2018-04-02,14,1,,473,243,230,243,230
2018-04-03,14,2,,1305,670,635,670,635
2018-04-04,14,3,,1113,564,549,564,549
2018-04-05,14,4,,1252,639,613,639,613
2018-04-06,14,5,,1347,677,670,677,670
2018-04-07,14,6,,584,280,304,280,304
2018-04-08,14,7,,541,269,272,269,272
2018-04-09,15,1,,965,494,471,494,471
2018-04-10,15,2,,766,389,377,389,377
2018-04-11,15,3,,1036,529,507,529,507
2018-04-12,15,4,,1029,524,505,524,505
2018-04-13,15,5,,934,488,446,488,446
2018-04-14,15,6,,545,257,288,257,288
2018-04-15,15,7,,665,309,356,309,356
2018-04-16,16,1,,929,492,437,492,437
2018-04-17,16,2,,1178,602,576,602,576
2018-04-18,16,3,,1144,554,590,554,590
2018-04-19,16,4,,1129,570,559,570,559
2018-04-20,16,5,,1101,555,546,555,546
2018-04-21,16,6,,858,396,462,396,462
2018-04-22,16,7,,776,358,418,358,418
2018-04-23,17,1,,1512,784,728,784,728
2018-04-24,17,2,,1710,853,857,853,857
2018-04-25,17,3,,1650,849,801,849,801
2018-04-26,17,4,,1500,765,735,765,735
2018-04-27,17,5,,1499,760,739,760,739
2018-04-28,17,6,,715,353,362,353,362
2018-04-29,17,7,,461,209,252,209,252
2018-04-30,18,1,,1085,551,534,551,534
2018-05-01,18,2,,635,287,348,287,348
2018-05-02,18,3,,1217,616,601,616,601
2018-05-03,18,4,,1175,614,561,614,561
2018-05-04,18,5,,1342,694,648,694,648
2018-05-05,18,6,,740,374,366,374,366
2018-05-06,18,7,,784,363,421,363,421
2018-05-07,19,1,,1057,539,518,539,518
2018-05-08,19,2,,679,307,372,307,372
2018-05-09,19,3,,957,484,473,484,473
2018-05-10,19,4,,242,110,132,110,132
2018-05-11,19,5,,672,337,335,337,335
2018-05-12,19,6,,591,298,293,298,293
2018-05-13,19,7,,144,71,73,71,73
2018-05-14,20,1,,985,516,469,516,469
2018-05-15,20,2,,1071,566,505,566,505
2018-05-16,20,3,,1184,606,578,606,578
2018-05-17,20,4,,1438,738,700,738,700
2018-05-18,20,5,,1341,692,649,692,649
2018-05-19,20,6,,785,358,427,358,427
2018-05-20,20,7,,655,280,375,280,375
2018-05-21,21,1,,873,398,475,398,475
2018-05-22,21,2,,1150,585,565,585,565
2018-05-23,21,3,,1072,542,530,542,530
2018-05-24,21,4,,1555,805,750,805,750
2018-05-25,21,5,,1517,751,766,751,766
2018-05-26,21,6,,744,384,360,384,360
2018-05-27,21,7,,481,230,251,230,251
2018-05-28,22,1,,1145,588,557,588,557
2018-05-29,22,2,,1263,639,624,639,624
2018-05-30,22,3,,1055,559,496,559,496
2018-05-31,22,4,,1270,626,644,626,644
2018-06-01,22,5,,1426,722,704,722,704
2018-06-02,22,6,,746,365,381,365,381
2018-06-03,22,7,,631,295,336,295,336
2018-06-04,23,1,,1318,673,645,673,645
2018-06-05,23,2,,1417,761,656,761,656
2018-06-06,23,3,,1390,704,686,704,686
2018-06-07,23,4,,1183,600,583,600,583
2018-06-08,23,5,,1373,718,655,718,655
2018-06-09,23,6,,826,419,407,419,407
2018-06-10,23,7,,734,334,400,334,400
2018-06-11,24,1,,1016,540,476,540,476
2018-06-12,24,2,,1129,574,555,574,555
2018-06-13,24,3,,664,354,310,354,310
2018-06-14,24,4,,1415,727,688,727,688
2018-06-15,24,5,,1333,692,641,692,641
2018-06-16,24,6,,770,381,389,381,389
2018-06-17,24,7,,523,239,284,239,284
2018-06-18,25,1,,1378,707,671,707,671
2018-06-19,25,2,,1648,839,809,839,809
2018-06-20,25,3,,1451,757,694,757,694
2018-06-21,25,4,,1422,727,695,727,695
2018-06-22,25,5,,1216,628,588,628,588
2018-06-23,25,6,,724,383,341,383,341
2018-06-24,25,7,,622,289,333,289,333
2018-06-25,26,1,,1403,730,673,730,673
2018-06-26,26,2,,1450,746,704,746,704
2018-06-27,26,3,,1349,703,646,703,646
2018-06-28,26,4,,1456,749,707,749,707
2018-06-29,26,5,,1297,666,631,666,631
2018-06-30,26,6,,591,299,292,299,292
2018-07-01,26,7,,466,232,234,232,234
2018-07-02,27,1,,1182,614,568,614,568
2018-07-03,27,2,,1286,664,622,664,622
2018-07-04,27,3,,1189,608,581,608,581
2018-07-05,27,4,,1103,556,547,556,547
2018-07-06,27,5,,1123,575,548,575,548
2018-07-07,27,6,,547,285,262,285,262
2018-07-08,27,7,,482,237,245,237,245
2018-07-09,28,1,,1122,593,529,593,529
2018-07-10,28,2,,1217,615,602,615,602
2018-07-11,28,3,,1138,571,567,571,567
2018-07-12,28,4,,1126,590,536,590,536
2018-07-13,28,5,,1035,549,486,549,486
2018-07-14,28,6,,450,225,225,225,225
2018-07-15,28,7,,460,216,244,216,244
2018-07-16,29,1,,928,480,448,480,448
2018-07-17,29,2,,1104,573,531,573,531
2018-07-18,29,3,,1060,536,524,536,524
2018-07-19,29,4,,929,462,467,462,467
2018-07-20,29,5,,946,485,461,485,461
2018-07-21,29,6,,481,220,261,220,261
2018-07-22,29,7,,528,254,274,254,274
2018-07-23,30,1,,977,505,472,505,472
2018-07-24,30,2,,1050,551,499,551,499
2018-07-25,30,3,,1002,517,485,517,485
2018-07-26,30,4,,985,499,486,499,486
2018-07-27,30,5,,826,436,390,436,390
2018-07-28,30,6,,423,193,230,193,230
2018-07-29,30,7,,411,200,211,200,211
2018-07-30,31,1,,846,444,402,444,402
2018-07-31,31,2,,852,440,412,440,412
2018-08-01,31,3,,774,395,379,395,379
2018-08-02,31,4,,759,392,367,392,367
2018-08-03,31,5,,760,380,380,380,380
2018-08-04,31,6,,371,182,189,182,189
2018-08-05,31,7,,278,133,145,133,145
2018-08-06,32,1,,669,355,314,355,314
2018-08-07,32,2,,784,402,382,402,382
2018-08-08,32,3,,796,404,392,404,392
2018-08-09,32,4,,486,259,227,259,227
2018-08-10,32,5,,715,369,346,369,346
2018-08-11,32,6,,418,215,203,215,203
2018-08-12,32,7,,425,209,216,209,216
2018-08-13,33,1,,408,218,190,218,190
2018-08-14,33,2,,562,299,263,299,263
2018-08-15,33,3,,502,256,246,256,246
2018-08-16,33,4,,757,391,366,391,366
2018-08-17,33,5,,774,405,369,405,369
2018-08-18,33,6,,390,203,187,203,187
2018-08-19,33,7,,465,221,244,221,244
2018-08-20,34,1,,848,443,405,443,405
2018-08-21,34,2,,979,500,479,500,479
2018-08-22,34,3,,808,411,397,411,397
2018-08-23,34,4,,877,444,433,444,433
2018-08-24,34,5,,807,405,402,405,402
2018-08-25,34,6,,429,217,212,217,212
2018-08-26,34,7,,568,278,290,278,290
2018-08-27,35,1,,1101,573,528,573,528
2018-08-28,35,2,,1189,619,570,619,570
2018-08-29,35,3,,987,494,493,494,493
2018-08-30,35,4,,1040,526,514,526,514
2018-08-31,35,5,,1103,583,520,583,520
2018-09-01,35,6,,451,227,224,227,224
2018-09-02,35,7,,730,341,389,341,389
2018-09-03,36,1,,1480,742,738,742,738
2018-09-04,36,2,,1660,844,816,844,816
2018-09-05,36,3,,1606,818,788,818,788
2018-09-06,36,4,,1285,670,615,670,615
2018-09-07,36,5,,1424,742,682,742,682
2018-09-08,36,6,,769,381,388,381,388
2018-09-09,36,7,,680,317,363,317,363
2018-09-10,37,1,,1654,844,810,844,810
2018-09-11,37,2,,1843,921,922,921,922
2018-09-12,37,3,,1681,858,823,858,823
2018-09-13,37,4,,1776,919,857,919,857
2018-09-14,37,5,,1558,786,772,786,772
2018-09-15,37,6,,838,405,433,405,433
2018-09-16,37,7,,655,320,335,320,335
2018-09-17,38,1,,1790,897,893,897,893
2018-09-18,38,2,,1948,995,953,995,953
2018-09-19,38,3,,1829,931,898,931,898
2018-09-20,38,4,,1871,931,940,931,940
2018-09-21,38,5,,1598,821,777,821,777
2018-09-22,38,6,,693,342,351,342,351
2018-09-23,38,7,,730,330,400,330,400
2018-09-24,39,1,,1632,839,793,839,793
2018-09-25,39,2,,1835,941,894,941,894
2018-09-26,39,3,,1814,933,881,933,881
2018-09-27,39,4,,1906,977,929,977,929
2018-09-28,39,5,,1677,845,832,845,832
2018-09-29,39,6,,732,361,371,361,371
2018-09-30,39,7,,474,230,244,230,244
2018-10-01,40,1,,1165,591,574,591,574
2018-10-02,40,2,,1673,866,807,866,807
2018-10-03,40,3,,1661,842,819,842,819
2018-10-04,40,4,,1831,944,887,944,887
2018-10-05,40,5,,1688,846,842,846,842
2018-10-06,40,6,,724,370,354,370,354
2018-10-07,40,7,,231,117,114,117,114
2018-10-08,41,1,,1615,847,768,847,768
2018-10-09,41,2,,2005,1012,993,1012,993
2018-10-10,41,3,,1748,897,851,897,851
2018-10-11,41,4,,1679,840,839,840,839
2018-10-12,41,5,,1749,918,831,918,831
2018-10-13,41,6,,780,390,390,390,390
2018-10-14,41,7,,740,364,376,364,376
2018-10-15,42,1,,1658,820,838,820,838
2018-10-16,42,2,,1902,985,917,985,917
2018-10-17,42,3,,1802,904,898,904,898
2018-10-18,42,4,,1796,891,905,891,905
2018-10-19,42,5,,1683,851,832,851,832
2018-10-20,42,6,,802,394,408,394,408
2018-10-21,42,7,,630,306,324,306,324
2018-10-22,43,1,,1264,635,629,635,629
2018-10-23,43,2,,1425,722,703,722,703
2018-10-24,43,3,,1316,652,664,652,664
2018-10-25,43,4,,1326,690,636,690,636
2018-10-26,43,5,,1225,628,597,628,597
2018-10-27,43,6,,155,88,67,88,67
2018-10-28,43,7,,294,140,154,140,154
2018-10-29,44,1,,374,195,179,195,179
2018-10-30,44,2,,793,413,380,413,380
2018-10-31,44,3,,812,431,381,431,381
2018-11-01,44,4,,280,143,137,143,137
2018-11-02,44,5,,465,235,230,235,230
2018-11-03,44,6,,482,229,253,229,253
2018-11-04,44,7,,577,284,293,284,293
2018-11-05,45,1,,1574,804,770,804,770
2018-11-06,45,2,,1365,705,660,705,660
2018-11-07,45,3,,1391,706,685,706,685
2018-11-08,45,4,,1625,827,798,827,798
2018-11-09,45,5,,1530,777,753,777,753
2018-11-10,45,6,,633,311,322,311,322
2018-11-11,45,7,,548,273,275,273,275
2018-11-12,46,1,,1523,779,744,779,744
2018-11-13,46,2,,1744,880,864,880,864
2018-11-14,46,3,,1678,851,827,851,827
2018-11-15,46,4,,1816,915,901,915,901
2018-11-16,46,5,,1474,761,713,761,713
2018-11-17,46,6,,760,377,383,377,383
2018-11-18,46,7,,565,277,288,277,288
2018-11-19,47,1,,1399,740,659,740,659
2018-11-20,47,2,,1449,733,716,733,716
2018-11-21,47,3,,867,435,432,435,432
2018-11-22,47,4,,1485,756,729,756,729
2018-11-23,47,5,,947,476,471,476,471
2018-11-24,47,6,,565,281,284,281,284
2018-11-25,47,7,,355,175,180,175,180
2018-11-26,48,1,,1157,580,577,580,577
2018-11-27,48,2,,1209,614,595,614,595
2018-11-28,48,3,,1385,710,675,710,675
2018-11-29,48,4,,1433,748,685,748,685
2018-11-30,48,5,,923,483,440,483,440
2018-12-01,48,6,,491,248,243,248,243
2018-12-02,48,7,,130,64,66,64,66
2018-12-03,49,1,,958,476,482,476,482
2018-12-04,49,2,,1350,708,642,708,642
2018-12-05,49,3,,1414,723,691,723,691
2018-12-06,49,4,,1002,519,483,519,483
2018-12-07,49,5,,1351,674,677,674,677
2018-12-08,49,6,,433,224,209,224,209
2018-12-09,49,7,,227,125,102,125,102
2018-12-10,50,1,,982,494,488,494,488
2018-12-11,50,2,,1410,713,697,713,697
2018-12-12,50,3,,1220,601,619,601,619
2018-12-13,50,4,,1280,630,650,630,650
2018-12-14,50,5,,1108,581,527,581,527
2018-12-15,50,6,,418,217,201,217,201
2018-12-16,50,7,,182,80,102,80,102
2018-12-17,51,1,,952,491,461,491,461
2018-12-18,51,2,,1313,669,644,669,644
2018-12-19,51,3,,877,445,432,445,432
2018-12-20,51,4,,1210,614,596,614,596
2018-12-21,51,5,,764,393,371,393,371
2018-12-22,51,6,,289,154,135,154,135
2018-12-23,51,7,,219,116,103,116,103
2018-12-24,52,1,,243,134,109,134,109
2018-12-25,52,2,,194,89,105,89,105
2018-12-26,52,3,,376,192,184,192,184
2018-12-27,52,4,,374,194,180,194,180
2018-12-28,52,5,,344,193,151,193,151
2018-12-29,52,6,,231,120,111,120,111
2018-12-30,52,7,,251,134,117,134,117
2018-12-31,01,1,,314,164,150,164,150
2019-01-01,01,2,,176,92,84,92,84
2019-01-02,01,3,,545,291,254,291,254
2019-01-03,01,4,,752,378,374,378,374
2019-01-04,01,5,,678,357,321,357,321
2019-01-05,01,6,,359,178,181,178,181
2019-01-06,01,7,,223,108,115,108,115
2019-01-07,02,1,,1171,603,568,603,568
2019-01-08,02,2,,1276,670,606,670,606
2019-01-09,02,3,,838,439,399,439,399
2019-01-10,02,4,,1127,568,559,568,559
2019-01-11,02,5,,1085,556,529,556,529
2019-01-12,02,6,,391,187,204,187,204
2019-01-13,02,7,,307,153,154,153,154
2019-01-14,03,1,,852,427,425,427,425
2019-01-15,03,2,,1361,668,693,668,693
2019-01-16,03,3,,1191,617,574,617,574
2019-01-17,03,4,,1109,556,553,556,553
2019-01-18,03,5,,1052,542,510,542,510
2019-01-19,03,6,,486,241,245,241,245
2019-01-20,03,7,,373,179,194,179,194
2019-01-21,04,1,,1266,639,627,639,627
2019-01-22,04,2,,1316,685,631,685,631
2019-01-23,04,3,,863,441,422,441,422
2019-01-24,04,4,,954,492,462,492,462
2019-01-25,04,5,,945,472,473,472,473
2019-01-26,04,6,,407,214,193,214,193
2019-01-27,04,7,,275,133,142,133,142
2019-01-28,05,1,,1025,514,511,514,511
2019-01-29,05,2,,1173,608,565,608,565
2019-01-30,05,3,,930,480,450,480,450
2019-01-31,05,4,,1141,574,567,574,567
2019-02-01,05,5,,526,277,249,277,249
2019-02-02,05,6,,351,181,170,181,170
2019-02-03,05,7,,198,106,92,106,92
2019-02-04,06,1,,1210,598,612,598,612
2019-02-05,06,2,,1331,696,635,696,635
2019-02-06,06,3,,1178,592,586,592,586
2019-02-07,06,4,,1140,578,562,578,562
2019-02-08,06,5,,1150,576,574,576,574
2019-02-09,06,6,,450,220,230,220,230
2019-02-10,06,7,,244,124,120,124,120
2019-02-11,07,1,,817,431,386,431,386
2019-02-12,07,2,,1372,693,679,693,679
2019-02-13,07,3,,1316,661,655,661,655
2019-02-14,07,4,,1359,680,679,680,679
2019-02-15,07,5,,1227,626,601,626,601
2019-02-16,07,6,,590,310,280,310,280
2019-02-17,07,7,,474,201,273,201,273
2019-02-18,08,1,,1032,530,502,530,502
2019-02-19,08,2,,1125,588,537,588,537
2019-02-20,08,3,,1070,522,548,522,548
2019-02-21,08,4,,1128,578,550,578,550
2019-02-22,08,5,,990,501,489,501,489
2019-02-23,08,6,,601,289,312,289,312
2019-02-24,08,7,,488,254,234,254,234
2019-02-25,09,1,,987,500,487,500,487
2019-02-26,09,2,,1090,546,544,546,544
2019-02-27,09,3,,1003,526,477,526,477
2019-02-28,09,4,,1076,562,514,562,514
2019-03-01,09,5,,769,414,355,414,355
2019-03-02,09,6,,377,193,184,193,184
2019-03-03,09,7,,738,346,392,346,392
2019-03-04,10,1,,1200,613,587,613,587
2019-03-05,10,2,,1569,791,778,791,778
2019-03-06,10,3,,1329,694,635,694,635
2019-03-07,10,4,,1335,689,646,689,646
2019-03-08,10,5,,1325,671,654,671,654
2019-03-09,10,6,,645,327,318,327,318
2019-03-10,10,7,,522,258,264,258,264
2019-03-11,11,1,,1087,549,538,549,538
2019-03-12,11,2,,1585,799,786,799,786
2019-03-13,11,3,,1186,605,581,605,581
2019-03-14,11,4,,969,487,482,487,482
2019-03-15,11,5,,696,353,343,353,343
2019-03-16,11,6,,781,406,375,406,375
2019-03-17,11,7,,520,247,273,247,273
2019-03-18,12,1,,1150,587,563,587,563
2019-03-19,12,2,,1630,834,796,834,796
2019-03-20,12,3,,1507,746,761,746,761
2019-03-21,12,4,,1628,823,805,823,805
2019-03-22,12,5,,1485,757,728,757,728
2019-03-23,12,6,,845,433,412,433,412
2019-03-24,12,7,,746,344,402,344,402
2019-03-25,13,1,,1459,751,708,751,708
2019-03-26,13,2,,1588,794,794,794,794
2019-03-27,13,3,,1516,745,771,745,771
2019-03-28,13,4,,1619,823,796,823,796
2019-03-29,13,5,,1466,734,732,734,732
2019-03-30,13,6,,874,422,452,422,452
2019-03-31,13,7,,769,347,422,347,422
2019-04-01,14,1,,1510,742,768,742,768
2019-04-02,14,2,,1671,850,821,850,821
2019-04-03,14,3,,856,437,419,437,419
2019-04-04,14,4,,932,472,460,472,460
2019-04-05,14,5,,1367,689,678,689,678
2019-04-06,14,6,,566,298,268,298,268
2019-04-07,14,7,,401,212,189,212,189
2019-04-08,15,1,,1325,675,650,675,650
2019-04-09,15,2,,1543,787,756,787,756
2019-04-10,15,3,,1214,634,580,634,580
2019-04-11,15,4,,1273,658,615,658,615
2019-04-12,15,5,,1324,689,635,689,635
2019-04-13,15,6,,607,296,311,296,311
2019-04-14,15,7,,549,264,285,264,285
2019-04-15,16,1,,1246,609,637,609,637
2019-04-16,16,2,,1021,504,517,504,517
2019-04-17,16,3,,1251,617,634,617,634
2019-04-18,16,4,,1226,630,596,630,596
2019-04-19,16,5,,1122,571,551,571,551
2019-04-20,16,6,,736,353,383,353,383
2019-04-21,16,7,,480,247,233,247,233
2019-04-22,17,1,,583,282,301,282,301
2019-04-23,17,2,,980,496,484,496,484
2019-04-24,17,3,,705,353,352,353,352
2019-04-25,17,4,,1038,532,506,532,506
2019-04-26,17,5,,793,415,378,415,378
2019-04-27,17,6,,499,251,248,251,248
2019-04-28,17,7,,246,127,119,127,119
2019-04-29,18,1,,1380,701,679,701,679
2019-04-30,18,2,,1606,838,768,838,768
2019-05-01,18,3,,1087,492,595,492,595
2019-05-02,18,4,,1183,601,582,601,582
2019-05-03,18,5,,1185,609,576,609,576
2019-05-04,18,6,,621,301,320,301,320
2019-05-05,18,7,,269,125,144,125,144
2019-05-06,19,1,,1502,765,737,765,737
2019-05-07,19,2,,1689,854,835,854,835
2019-05-08,19,3,,336,180,156,180,156
2019-05-09,19,4,,1260,660,600,660,600
2019-05-10,19,5,,1502,754,748,754,748
2019-05-11,19,6,,544,272,272,272,272
2019-05-12,19,7,,598,281,317,281,317
2019-05-13,20,1,,1702,881,821,881,821
2019-05-14,20,2,,1885,957,928,957,928
2019-05-15,20,3,,1798,903,895,903,895
2019-05-16,20,4,,1848,923,925,923,925
2019-05-17,20,5,,1091,566,525,566,525
2019-05-18,20,6,,658,318,340,318,340
2019-05-19,20,7,,326,162,164,162,164
2019-05-20,21,1,,816,425,391,425,391
2019-05-21,21,2,,1493,748,745,748,745
2019-05-22,21,3,,1721,863,858,863,858
2019-05-23,21,4,,1879,966,913,966,913
2019-05-24,21,5,,1628,825,803,825,803
2019-05-25,21,6,,646,308,338,308,338
2019-05-26,21,7,,793,403,390,403,390
2019-05-27,22,1,,1578,832,746,832,746
2019-05-28,22,2,,1103,557,546,557,546
2019-05-29,22,3,,1212,623,589,623,589
2019-05-30,22,4,,684,307,377,307,377
2019-05-31,22,5,,746,366,380,366,380
2019-06-01,22,6,,644,310,334,310,334
2019-06-02,22,7,,670,342,328,342,328
2019-06-03,23,1,,1792,903,889,903,889
2019-06-04,23,2,,1870,929,941,929,941
2019-06-05,23,3,,1839,907,932,907,932
2019-06-06,23,4,,1559,812,747,812,747
2019-06-07,23,5,,1450,743,707,743,707
2019-06-08,23,6,,687,328,359,328,359
2019-06-09,23,7,,344,160,184,160,184
2019-06-10,24,1,,335,166,169,166,169
2019-06-11,24,2,,784,411,373,411,373
2019-06-12,24,3,,1621,817,804,817,804
2019-06-13,24,4,,1882,981,901,981,901
2019-06-14,24,5,,1311,691,620,691,620
2019-06-15,24,6,,488,251,237,251,237
2019-06-16,24,7,,788,385,403,385,403
2019-06-17,25,1,,1674,827,847,827,847
2019-06-18,25,2,,1767,891,876,891,876
2019-06-19,25,3,,1575,788,787,788,787
2019-06-20,25,4,,1152,599,553,599,553
2019-06-21,25,5,,1137,586,551,586,551
2019-06-22,25,6,,625,299,326,299,326
2019-06-23,25,7,,714,336,378,336,378
2019-06-24,26,1,,1634,831,803,831,803
2019-06-25,26,2,,1600,836,764,836,764
2019-06-26,26,3,,1374,687,687,687,687
2019-06-27,26,4,,1564,805,759,805,759
2019-06-28,26,5,,1235,647,588,647,588
2019-06-29,26,6,,538,266,272,266,272
2019-06-30,26,7,,385,193,192,193,192
2019-07-01,27,1,,1286,659,627,659,627
2019-07-02,27,2,,1444,735,709,735,709
2019-07-03,27,3,,1411,719,692,719,692
2019-07-04,27,4,,1506,760,746,760,746
2019-07-05,27,5,,1310,675,635,675,635
2019-07-06,27,6,,578,280,298,280,298
2019-07-07,27,7,,478,220,258,220,258
2019-07-08,28,1,,1346,659,687,659,687
2019-07-09,28,2,,1116,547,569,547,569
2019-07-10,28,3,,1400,673,727,673,727
2019-07-11,28,4,,1392,727,665,727,665
2019-07-12,28,5,,1238,650,588,650,588
2019-07-13,28,6,,554,270,284,270,284
2019-07-14,28,7,,499,246,253,246,253
2019-07-15,29,1,,1055,545,510,545,510
2019-07-16,29,2,,1283,645,638,645,638
2019-07-17,29,3,,1220,660,560,660,560
2019-07-18,29,4,,1199,601,598,601,598
2019-07-19,29,5,,1140,567,573,567,573
2019-07-20,29,6,,526,277,249,277,249
2019-07-21,29,7,,516,261,255,261,255
2019-07-22,30,1,,1061,545,516,545,516
2019-07-23,30,2,,1124,579,545,579,545
2019-07-24,30,3,,1025,537,488,537,488
2019-07-25,30,4,,937,482,455,482,455
2019-07-26,30,5,,878,451,427,451,427
2019-07-27,30,6,,399,196,203,196,203
2019-07-28,30,7,,302,159,143,159,143
2019-07-29,31,1,,1083,539,544,539,544
2019-07-30,31,2,,1090,550,540,550,540
2019-07-31,31,3,,1043,516,527,516,527
2019-08-01,31,4,,1066,544,522,544,522
2019-08-02,31,5,,907,479,428,479,428
2019-08-03,31,6,,511,272,239,272,239
2019-08-04,31,7,,514,258,256,258,256
2019-08-05,32,1,,921,474,447,474,447
2019-08-06,32,2,,917,450,467,450,467
2019-08-07,32,3,,643,350,293,350,293
2019-08-08,32,4,,925,460,465,460,465
2019-08-09,32,5,,804,409,395,409,395
2019-08-10,32,6,,459,228,231,228,231
2019-08-11,32,7,,387,197,190,197,190
2019-08-12,33,1,,552,273,279,273,279
2019-08-13,33,2,,782,393,389,393,389
2019-08-14,33,3,,772,402,370,402,370
2019-08-15,33,4,,538,275,263,275,263
2019-08-16,33,5,,589,309,280,309,280
2019-08-17,33,6,,485,254,231,254,231
2019-08-18,33,7,,569,260,309,260,309
2019-08-19,34,1,,730,373,357,373,357
2019-08-20,34,2,,337,171,166,171,166
2019-08-21,34,3,,928,476,452,476,452
2019-08-22,34,4,,954,472,482,472,482
2019-08-23,34,5,,976,495,481,495,481
2019-08-24,34,6,,628,321,307,321,307
2019-08-25,34,7,,646,320,326,320,326
2019-08-26,35,1,,1162,591,571,591,571
2019-08-27,35,2,,1328,685,643,685,643
2019-08-28,35,3,,1180,612,568,612,568
2019-08-29,35,4,,1451,715,736,715,736
2019-08-30,35,5,,1215,621,594,621,594
2019-08-31,35,6,,708,363,345,363,345
2019-09-01,35,7,,740,341,399,341,399
2019-09-02,36,1,,1510,784,726,784,726
2019-09-03,36,2,,1868,944,924,944,924
2019-09-04,36,3,,1939,1003,936,1003,936
2019-09-05,36,4,,1722,860,862,860,862
2019-09-06,36,5,,1479,748,731,748,731
2019-09-07,36,6,,861,444,417,444,417
2019-09-08,36,7,,412,213,199,213,199
2019-09-09,37,1,,1766,871,895,871,895
2019-09-10,37,2,,1651,830,821,830,821
2019-09-11,37,3,,1901,938,963,938,963
2019-09-12,37,4,,2072,1045,1027,1045,1027
2019-09-13,37,5,,1825,928,897,928,897
2019-09-14,37,6,,916,453,463,453,463
2019-09-15,37,7,,751,349,402,349,402
2019-09-16,38,1,,2081,1045,1036,1045,1036
2019-09-17,38,2,,2120,1094,1026,1094,1026
2019-09-18,38,3,,2046,1039,1007,1039,1007
2019-09-19,38,4,,2071,1062,1009,1062,1009
2019-09-20,38,5,,1858,944,914,944,914
2019-09-21,38,6,,780,388,392,388,392
2019-09-22,38,7,,629,305,324,305,324
2019-09-23,39,1,,1910,985,925,985,925
2019-09-24,39,2,,1731,916,815,916,815
2019-09-25,39,3,,1717,865,852,865,852
2019-09-26,39,4,,1930,992,938,992,938
2019-09-27,39,5,,1863,959,904,959,904
2019-09-28,39,6,,809,437,372,437,372
2019-09-29,39,7,,756,365,391,365,391
2019-09-30,40,1,,2001,1039,962,1039,962
2019-10-01,40,2,,2122,1090,1032,1090,1032
2019-10-02,40,3,,1399,693,706,693,706
2019-10-03,40,4,,1992,1024,968,1024,968
2019-10-04,40,5,,1736,914,822,914,822
2019-10-05,40,6,,893,461,432,461,432
2019-10-06,40,7,,727,353,374,353,374
2019-10-07,41,1,,1806,938,868,938,868
2019-10-08,41,2,,2213,1139,1074,1139,1074
2019-10-09,41,3,,1315,704,611,704,611
2019-10-10,41,4,,1999,1030,969,1030,969
2019-10-11,41,5,,1925,985,940,985,940
2019-10-12,41,6,,936,493,443,493,443
2019-10-13,41,7,,789,377,412,377,412
2019-10-14,42,1,,1993,1034,959,1034,959
2019-10-15,42,2,,978,510,468,510,468
2019-10-16,42,3,,1882,962,920,962,920
2019-10-17,42,4,,1895,942,953,942,953
2019-10-18,42,5,,1442,719,723,719,723
2019-10-19,42,6,,612,314,298,314,298
2019-10-20,42,7,,645,313,332,313,332
2019-10-21,43,1,,859,452,407,452,407
2019-10-22,43,2,,1295,663,632,663,632
2019-10-23,43,3,,1381,695,686,695,686
2019-10-24,43,4,,1346,682,664,682,664
2019-10-25,43,5,,1369,705,664,705,664
2019-10-26,43,6,,731,377,354,377,354
2019-10-27,43,7,,662,316,346,316,346
2019-10-28,44,1,,1046,541,505,541,505
2019-10-29,44,2,,1150,595,555,595,555
2019-10-30,44,3,,1152,571,581,571,581
2019-10-31,44,4,,606,320,286,320,286
2019-11-01,44,5,,447,223,224,223,224
2019-11-02,44,6,,319,171,148,171,148
2019-11-03,44,7,,242,111,131,111,131
2019-11-04,45,1,,1104,576,528,576,528
2019-11-05,45,2,,1595,837,758,837,758
2019-11-06,45,3,,1314,679,635,679,635
2019-11-07,45,4,,1167,606,561,606,561
2019-11-08,45,5,,1367,706,661,706,661
2019-11-09,45,6,,640,344,296,344,296
2019-11-10,45,7,,385,204,181,204,181
2019-11-11,46,1,,505,268,237,268,237
2019-11-12,46,2,,1804,953,851,953,851
2019-11-13,46,3,,1679,860,819,860,819
2019-11-14,46,4,,1145,585,560,585,560
2019-11-15,46,5,,1108,566,542,566,542
2019-11-16,46,6,,592,281,311,281,311
2019-11-17,46,7,,304,157,147,157,147
2019-11-18,47,1,,1480,747,733,747,733
2019-11-19,47,2,,1670,875,795,875,795
2019-11-20,47,3,,1640,844,796,844,796
2019-11-21,47,4,,1586,802,784,802,784
2019-11-22,47,5,,1457,775,682,775,682
2019-11-23,47,6,,419,220,199,220,199
2019-11-24,47,7,,437,212,225,212,225
2019-11-25,48,1,,1577,830,747,830,747
2019-11-26,48,2,,1791,933,858,933,858
2019-11-27,48,3,,1085,546,539,546,539
2019-11-28,48,4,,1223,613,610,613,610
2019-11-29,48,5,,1028,528,500,528,500
2019-11-30,48,6,,642,340,302,340,302
2019-12-01,48,7,,119,60,59,60,59
2019-12-02,49,1,,1411,727,684,727,684
2019-12-03,49,2,,1575,798,777,798,777
2019-12-04,49,3,,1483,763,720,763,720
2019-12-05,49,4,,1599,825,774,825,774
2019-12-06,49,5,,1458,757,701,757,701
2019-12-07,49,6,,613,284,329,284,329
2019-12-08,49,7,,533,251,282,251,282
2019-12-09,50,1,,1021,523,498,523,498
2019-12-10,50,2,,1606,849,757,849,757
2019-12-11,50,3,,1119,564,555,564,555
2019-12-12,50,4,,1388,697,691,697,691
2019-12-13,50,5,,837,413,424,413,424
2019-12-14,50,6,,357,177,180,177,180
2019-12-15,50,7,,549,272,277,272,277
2019-12-16,51,1,,1499,775,724,775,724
2019-12-17,51,2,,1645,830,815,830,815
2019-12-18,51,3,,1629,818,811,818,811
2019-12-19,51,4,,1569,795,774,795,774
2019-12-20,51,5,,723,372,351,372,351
2019-12-21,51,6,,458,247,211,247,211
2019-12-22,51,7,,219,102,117,102,117
2019-12-23,52,1,,302,162,140,162,140
2019-12-24,52,2,,182,94,88,94,88
2019-12-25,52,3,,177,100,77,100,77
2019-12-26,52,4,,337,175,162,175,162
2019-12-27,52,5,,241,126,115,126,115
2019-12-28,52,6,,312,151,161,151,161
2019-12-29,52,7,,247,134,113,134,113
2019-12-30,01,1,,442,228,214,228,214
2019-12-31,01,2,,372,190,182,190,182
2020-01-01,01,3,,222,113,109,113,109
2020-01-02,01,4,,546,270,276,270,276
2020-01-03,01,5,,552,302,250,302,250
2020-01-04,01,6,,385,189,196,189,196
2020-01-05,01,7,,386,190,196,190,196
2020-01-06,02,1,,1549,786,763,786,763
2020-01-07,02,2,,1576,829,747,829,747
2020-01-08,02,3,,1471,767,704,767,704
2020-01-09,02,4,,1604,838,766,838,766
2020-01-10,02,5,,1333,676,657,676,657
2020-01-11,02,6,,626,318,308,318,308
2020-01-12,02,7,,530,262,268,262,268
2020-01-13,03,1,,1515,761,754,761,754
2020-01-14,03,2,,1672,869,803,869,803
2020-01-15,03,3,,1580,795,785,795,785
2020-01-16,03,4,,1668,854,814,854,814
2020-01-17,03,5,,1084,550,534,550,534
2020-01-18,03,6,,577,301,276,301,276
2020-01-19,03,7,,475,244,231,244,231
2020-01-20,04,1,,1491,748,743,748,743
2020-01-21,04,2,,1626,832,794,832,794
2020-01-22,04,3,,1519,778,741,778,741
2020-01-23,04,4,,1533,769,764,769,764
2020-01-24,04,5,,1250,640,610,640,610
2020-01-25,04,6,,583,312,271,312,271
2020-01-26,04,7,,405,189,216,189,216
2020-01-27,05,1,,1452,735,717,735,717
2020-01-28,05,2,,1259,645,614,645,614
2020-01-29,05,3,,1090,548,542,548,542
2020-01-30,05,4,,1337,685,652,685,652
2020-01-31,05,5,,1394,707,687,707,687
2020-02-01,05,6,,539,274,265,274,265
2020-02-02,05,7,,264,120,144,120,144
2020-02-03,06,1,,1524,782,742,782,742
2020-02-04,06,2,,1275,633,642,633,642
2020-02-05,06,3,,1484,754,730,754,730
2020-02-06,06,4,,1607,814,793,814,793
2020-02-07,06,5,,1445,726,719,726,719
2020-02-08,06,6,,709,341,368,341,368
2020-02-09,06,7,,596,282,314,282,314
2020-02-10,07,1,,1520,769,751,769,751
2020-02-11,07,2,,1297,648,649,648,649
2020-02-12,07,3,,1712,875,837,875,837
2020-02-13,07,4,,1420,734,686,734,686
2020-02-14,07,5,,1482,772,710,772,710
2020-02-15,07,6,,886,438,448,438,448
2020-02-16,07,7,,710,339,371,339,371
2020-02-17,08,1,,1380,688,692,688,692
2020-02-18,08,2,,1722,851,871,851,871
2020-02-19,08,3,,1300,652,648,652,648
2020-02-20,08,4,,1723,872,851,872,851
2020-02-21,08,5,,1509,795,714,795,714
2020-02-22,08,6,,728,374,354,374,354
2020-02-23,08,7,,695,298,397,298,397
2020-02-24,09,1,,1158,584,574,584,574
2020-02-25,09,2,,974,507,467,507,467
2020-02-26,09,3,,676,355,321,355,321
2020-02-27,09,4,,688,357,331,357,331
2020-02-28,09,5,,949,493,456,493,456
2020-02-29,09,6,,394,205,189,205,189
2020-03-01,09,7,,573,260,313,260,313
2020-03-02,10,1,,646,332,314,332,314
2020-03-03,10,2,,1111,555,556,555,556
2020-03-04,10,3,,1203,620,583,620,583
2020-03-05,10,4,,731,379,352,379,352
2020-03-06,10,5,,1009,513,496,513,496
2020-03-07,10,6,,633,321,312,321,312
2020-03-08,10,7,,843,392,451,392,451
2020-03-09,11,1,,1228,625,603,625,603
2020-03-10,11,2,,1419,708,711,708,711
2020-03-11,11,3,,1663,832,831,832,831
2020-03-12,11,4,,1772,905,867,905,867
2020-03-13,11,5,,1311,668,643,668,643
2020-03-14,11,6,,841,411,430,411,430
2020-03-15,11,7,,919,423,496,423,496
2020-03-16,12,1,,1086,541,545,541,545
2020-03-17,12,2,,645,331,314,331,314
2020-03-18,12,3,,494,251,243,251,243
2020-03-19,12,4,,538,248,290,248,290
2020-03-20,12,5,,447,232,215,232,215
2020-03-21,12,6,,313,154,159,154,159
2020-03-22,12,7,,214,103,111,103,111
2020-03-23,13,1,,336,172,164,172,164
2020-03-24,13,2,,301,165,136,165,136
2020-03-25,13,3,,299,138,161,138,161
2020-03-26,13,4,,354,173,181,173,181
2020-03-27,13,5,,379,191,188,191,188
2020-03-28,13,6,,261,125,136,125,136
2020-03-29,13,7,,171,84,87,84,87
2020-03-30,14,1,,263,136,127,136,127
2020-03-31,14,2,,346,177,169,177,169
2020-04-01,14,3,,394,203,191,203,191
2020-04-02,14,4,,371,193,178,193,178
2020-04-03,14,5,,399,198,201,198,201
2020-04-04,14,6,,305,158,147,158,147
2020-04-05,14,7,,287,140,147,140,147
2020-04-06,15,1,,445,236,209,236,209
2020-04-07,15,2,,452,232,220,232,220
2020-04-08,15,3,,455,236,219,236,219
2020-04-09,15,4,,478,249,229,249,229
2020-04-10,15,5,,519,278,241,278,241
2020-04-11,15,6,,418,201,217,201,217
2020-04-12,15,7,,326,166,160,166,160
2020-04-13,16,1,,384,189,195,189,195
2020-04-14,16,2,,518,272,246,272,246
2020-04-15,16,3,,590,293,297,293,297
2020-04-16,16,4,,564,280,284,280,284
2020-04-17,16,5,,587,290,297,290,297
2020-04-18,16,6,,472,243,229,243,229
2020-04-19,16,7,,299,147,152,147,152
2020-04-20,17,1,,493,234,259,234,259
2020-04-21,17,2,,523,259,264,259,264
2020-04-22,17,3,,668,330,338,330,338
2020-04-23,17,4,,671,336,335,336,335
2020-04-24,17,5,,660,326,334,326,334
2020-04-25,17,6,,515,240,275,240,275
2020-04-26,17,7,,445,223,222,223,222
2020-04-27,18,1,,542,266,276,266,276
2020-04-28,18,2,,351,176,175,176,175
2020-04-29,18,3,,827,418,409,418,409
2020-04-30,18,4,,320,163,157,163,157
2020-05-01,18,5,,134,72,62,72,62
2020-05-02,18,6,,393,191,202,191,202
2020-05-03,18,7,,630,316,314,316,314
2020-05-04,19,1,,765,394,371,394,371
2020-05-05,19,2,,723,360,363,360,363
2020-05-06,19,3,,760,392,368,392,368
2020-05-07,19,4,,853,437,416,437,416
2020-05-08,19,5,,748,392,356,392,356
2020-05-09,19,6,,685,347,338,347,338
2020-05-10,19,7,,458,221,237,221,237
2020-05-11,20,1,,938,464,474,464,474
2020-05-12,20,2,,1015,482,533,482,533
2020-05-13,20,3,,718,376,342,376,342
2020-05-14,20,4,,954,481,473,481,473
2020-05-15,20,5,,924,467,457,467,457
2020-05-16,20,6,,951,477,474,477,474
2020-05-17,20,7,,958,431,527,431,527
2020-05-18,21,1,,1370,661,709,661,709
2020-05-19,21,2,,1473,732,741,732,741
2020-05-20,21,3,,1416,705,711,705,711
2020-05-21,21,4,,1019,472,547,472,547
2020-05-22,21,5,,1100,553,547,553,547
2020-05-23,21,6,,553,291,262,291,262
2020-05-24,21,7,,967,446,521,446,521
2020-05-25,22,1,,1292,660,632,660,632
2020-05-26,22,2,,1510,755,755,755,755
2020-05-27,22,3,,1403,717,686,717,686
2020-05-28,22,4,,1488,750,738,750,738
2020-05-29,22,5,,1381,690,691,690,691
2020-05-30,22,6,,1061,515,546,515,546
2020-05-31,22,7,,982,485,497,485,497
2020-06-01,23,1,,1015,482,533,482,533
2020-06-02,23,2,,1503,797,706,797,706
2020-06-03,23,3,,1115,575,540,575,540
2020-06-04,23,4,,867,471,396,471,396
2020-06-05,23,5,,979,513,466,513,466
2020-06-06,23,6,,1073,507,566,507,566
2020-06-07,23,7,,458,224,234,224,234
2020-06-08,24,1,,537,492,45,492,45
2020-06-09,24,2,,841,444,397,444,397
2020-06-10,24,3,,824,428,396,428,396
2020-06-11,24,4,,1356,706,650,706,650
2020-06-12,24,5,,1336,687,649,687,649
2020-06-13,24,6,,579,282,297,282,297
2020-06-14,24,7,,871,447,424,447,424
2020-06-15,25,1,,1481,742,739,742,739
2020-06-16,25,2,,1577,805,772,805,772
2020-06-17,25,3,,1522,790,732,790,732
2020-06-18,25,4,,1415,710,705,710,705
2020-06-19,25,5,,1594,828,766,828,766
2020-06-20,25,6,,973,489,484,489,484
2020-06-21,25,7,,903,460,443,460,443
2020-06-22,26,1,,1579,812,767,812,767
2020-06-23,26,2,,1807,918,889,918,889
2020-06-24,26,3,,1628,800,828,800,828
2020-06-25,26,4,,1706,868,838,868,838
2020-06-26,26,5,,1523,802,721,802,721
2020-06-27,26,6,,869,439,430,439,430
2020-06-28,26,7,,852,403,449,403,449
2020-06-29,27,1,,1570,828,742,828,742
2020-06-30,27,2,,1837,951,886,951,886
2020-07-01,27,3,,1426,715,711,715,711
2020-07-02,27,4,,1658,843,815,843,815
2020-07-03,27,5,,1434,730,704,730,704
2020-07-04,27,6,,918,454,464,454,464
2020-07-05,27,7,,791,391,400,391,400
2020-07-06,28,1,,1396,720,676,720,676
2020-07-07,28,2,,1649,845,804,845,804
2020-07-08,28,3,,1627,828,799,828,799
2020-07-09,28,4,,1579,837,742,837,742
2020-07-10,28,5,,1200,604,596,604,596
2020-07-11,28,6,,688,363,325,363,325
2020-07-12,28,7,,668,341,327,341,327
2020-07-13,29,1,,867,426,441,426,441
2020-07-14,29,2,,769,384,385,384,385
2020-07-15,29,3,,1306,663,643,663,643
2020-07-16,29,4,,1335,664,671,664,671
2020-07-17,29,5,,1139,605,534,605,534
2020-07-18,29,6,,740,367,373,367,373
2020-07-19,29,7,,798,414,384,414,384
2020-07-20,30,1,,1269,656,613,656,613
2020-07-21,30,2,,1362,697,665,697,665
2020-07-22,30,3,,1026,528,498,528,498
2020-07-23,30,4,,1415,710,705,710,705
2020-07-24,30,5,,1175,602,573,602,573
2020-07-25,30,6,,790,387,403,387,403
2020-07-26,30,7,,637,323,314,323,314
2020-07-27,31,1,,1129,587,542,587,542
2020-07-28,31,2,,1207,626,581,626,581
2020-07-29,31,3,,1270,630,640,630,640
2020-07-30,31,4,,1091,545,546,545,546
2020-07-31,31,5,,908,457,451,457,451
2020-08-01,31,6,,607,315,292,315,292
2020-08-02,31,7,,569,281,288,281,288
2020-08-03,32,1,,803,400,403,400,403
2020-08-04,32,2,,995,507,488,507,488
2020-08-05,32,3,,1095,563,532,563,532
2020-08-06,32,4,,960,492,468,492,468
2020-08-07,32,5,,835,432,403,432,403
2020-08-08,32,6,,540,250,290,250,290
2020-08-09,32,7,,460,223,237,223,237
2020-08-10,33,1,,836,423,413,423,413
2020-08-11,33,2,,928,471,457,471,457
2020-08-12,33,3,,882,432,450,432,450
2020-08-13,33,4,,689,360,329,360,329
2020-08-14,33,5,,846,442,404,442,404
2020-08-15,33,6,,604,294,310,294,310
2020-08-16,33,7,,510,263,247,263,247
2020-08-17,34,1,,991,499,492,499,492
2020-08-18,34,2,,1189,626,563,626,563
2020-08-19,34,3,,1120,566,554,566,554
2020-08-20,34,4,,1061,538,523,538,523
2020-08-21,34,5,,982,501,481,501,481
2020-08-22,34,6,,635,344,291,344,291
2020-08-23,34,7,,718,354,364,354,364
2020-08-24,35,1,,1366,714,652,714,652
2020-08-25,35,2,,1411,712,699,712,699
2020-08-26,35,3,,1443,740,703,740,703
2020-08-27,35,4,,1505,764,741,764,741
2020-08-28,35,5,,818,417,401,417,401
2020-08-29,35,6,,238,117,121,117,121
2020-08-30,35,7,,503,269,234,269,234
2020-08-31,36,1,,1591,808,783,808,783
2020-09-01,36,2,,1900,953,947,953,947
2020-09-02,36,3,,1881,949,932,949,932
2020-09-03,36,4,,2000,1009,991,1009,991
2020-09-04,36,5,,1892,964,928,964,928
2020-09-05,36,6,,964,460,504,460,504
2020-09-06,36,7,,805,404,401,404,401
2020-09-07,37,1,,1931,959,972,959,972
2020-09-08,37,2,,2273,1144,1129,1144,1129
2020-09-09,37,3,,2043,986,1057,986,1057
2020-09-10,37,4,,2148,1094,1054,1094,1054
2020-09-11,37,5,,1951,998,953,998,953
2020-09-12,37,6,,1033,502,531,502,531
2020-09-13,37,7,,1012,502,510,502,510
2020-09-14,38,1,,1987,1008,979,1008,979
2020-09-15,38,2,,2342,1178,1164,1178,1164
2020-09-16,38,3,,2481,1247,1234,1247,1234
2020-09-17,38,4,,2290,1155,1135,1155,1135
2020-09-18,38,5,,2099,1039,1060,1039,1060
2020-09-19,38,6,,911,464,447,464,447
2020-09-20,38,7,,773,380,393,380,393
2020-09-21,39,1,,1903,978,925,978,925
2020-09-22,39,2,,1866,949,917,949,917
2020-09-23,39,3,,2206,1042,1164,1042,1164
2020-09-24,39,4,,1674,847,827,847,827
2020-09-25,39,5,,1159,590,569,590,569
2020-09-26,39,6,,457,238,219,238,219
2020-09-27,39,7,,421,205,216,205,216
2020-09-28,40,1,,1519,760,759,760,759
2020-09-29,40,2,,1942,994,948,994,948
2020-09-30,40,3,,2015,996,1019,996,1019
2020-10-01,40,4,,1679,833,846,833,846
2020-10-02,40,5,,1052,534,518,534,518
2020-10-03,40,6,,766,357,409,357,409
2020-10-04,40,7,,566,276,290,276,290
2020-10-05,41,1,,1688,837,851,837,851
2020-10-06,41,2,,1372,693,679,693,679
2020-10-07,41,3,,1814,898,916,898,916
2020-10-08,41,4,,2034,1016,1018,1016,1018
2020-10-09,41,5,,1775,912,863,912,863
2020-10-10,41,6,,610,318,292,318,292
2020-10-11,41,7,,559,277,282,277,282
2020-10-12,42,1,,1709,879,830,879,830
2020-10-13,42,2,,1898,945,953,945,953
2020-10-14,42,3,,1652,824,828,824,828
2020-10-15,42,4,,1546,803,743,803,743
2020-10-16,42,5,,1466,728,738,728,738
2020-10-17,42,6,,746,364,382,364,382
2020-10-18,42,7,,591,308,283,308,283
2020-10-19,43,1,,1543,778,765,778,765
2020-10-20,43,2,,1514,760,754,760,754
2020-10-21,43,3,,1354,662,692,662,692
2020-10-22,43,4,,1205,614,591,614,591
2020-10-23,43,5,,756,393,363,393,363
2020-10-24,43,6,,741,360,381,360,381
2020-10-25,43,7,,689,347,342,347,342
2020-10-26,44,1,,637,330,307,330,307
2020-10-27,44,2,,1157,584,573,584,573
2020-10-28,44,3,,1068,517,551,517,551
2020-10-29,44,4,,1148,579,569,579,569
2020-10-30,44,5,,839,441,398,441,398
2020-10-31,44,6,,522,233,289,233,289
2020-11-01,44,7,,495,241,254,241,254
2020-11-02,45,1,,1347,681,666,681,666
2020-11-03,45,2,,1027,511,516,511,516
2020-11-04,45,3,,964,501,463,501,463
2020-11-05,45,4,,1155,585,570,585,570
2020-11-06,45,5,,1271,655,616,655,616
2020-11-07,45,6,,669,316,353,316,353
2020-11-08,45,7,,521,270,251,270,251
2020-11-09,46,1,,1298,686,612,686,612
2020-11-10,46,2,,1306,646,660,646,660
2020-11-11,46,3,,710,317,393,317,393
2020-11-12,46,4,,1357,680,677,680,677
2020-11-13,46,5,,1341,663,678,663,678
2020-11-14,46,6,,884,429,455,429,455
2020-11-15,46,7,,674,330,344,330,344
2020-11-16,47,1,,1158,585,573,585,573
2020-11-17,47,2,,1284,663,621,663,621
2020-11-18,47,3,,1277,652,625,652,625
2020-11-19,47,4,,1126,581,545,581,545
2020-11-20,47,5,,1168,576,592,576,592
2020-11-21,47,6,,747,356,391,356,391
2020-11-22,47,7,,730,345,385,345,385
2020-11-23,48,1,,1196,604,592,604,592
2020-11-24,48,2,,1294,654,640,654,640
2020-11-25,48,3,,1109,573,536,573,536
2020-11-26,48,4,,1183,604,579,604,579
2020-11-27,48,5,,1262,639,623,639,623
2020-11-28,48,6,,764,377,387,377,387
2020-11-29,48,7,,545,272,273,272,273
2020-11-30,49,1,,1137,582,555,533,39,49,516
2020-12-01,49,2,,807,405,402,379,19,26,383
2020-12-02,49,3,,981,490,491,459,27,31,464
2020-12-03,49,4,,1292,674,618,626,31,48,587
2020-12-04,49,5,,702,360,342,328,15,32,327
2020-12-05,49,6,,367,188,179,162,26,26,153
2020-12-06,49,7,,368,172,196,149,28,23,168
2020-12-07,50,1,,1033,502,531,472,30,30,501
2020-12-08,50,2,,1142,580,562,528,35,52,527
2020-12-09,50,3,,889,447,442,414,30,33,412
2020-12-10,50,4,,1165,610,555,548,33,62,522
2020-12-11,50,5,,882,444,438,413,20,31,418
2020-12-12,50,6,,257,130,127,113,14,17,113
2020-12-13,50,7,,461,223,238,198,33,25,205
2020-12-14,51,1,,1189,589,600,552,35,37,565
2020-12-15,51,2,,1037,545,492,495,21,50,471
2020-12-16,51,3,,1174,568,606,531,36,37,570
2020-12-17,51,4,,1126,559,567,526,36,33,531
2020-12-18,51,5,,1092,551,541,503,35,48,506
2020-12-19,51,6,,576,282,294,249,25,33,269
2020-12-20,51,7,,255,133,122,113,9,20,113
2020-12-21,52,1,,595,312,283,284,11,28,272
2020-12-22,52,2,,788,420,368,387,23,33,345
2020-12-23,52,3,,646,338,308,314,31,24,277
2020-12-24,52,4,,402,217,185,194,13,23,172
2020-12-25,52,5,,122,66,56,56,9,10,47
2020-12-26,52,6,,284,142,142,119,18,23,124
2020-12-27,52,7,,267,144,123,122,17,22,106
2020-12-28,53,1,,472,241,231,205,18,36,213
