date,week,dow,status,total,in,out,101000562,102000562,353244309,353244316
2009-06-16,25,2,,831,392,439,392,439
2009-06-17,25,3,,832,419,413,419,413
2009-06-18,25,4,,1060,521,539,521,539
2009-06-19,25,5,,769,371,398,371,398
2009-06-20,25,6,1,612,280,332,280,332
2009-06-21,25,7,1,512,235,277,235,277
2009-06-22,26,1,,1015,492,523,492,523
2009-06-23,26,2,,1041,494,547,494,547
2009-06-24,26,3,,1237,620,617,620,617
2009-06-25,26,4,,1168,578,590,578,590
2009-06-26,26,5,,765,367,398,367,398
2009-06-27,26,6,1,418,192,226,192,226
2009-06-28,26,7,1,492,223,269,223,269
2009-06-29,27,1,,1063,512,551,512,551
2009-06-30,27,2,,1126,525,601,525,601
2009-07-01,27,3,,1061,514,547,514,547
2009-07-02,27,4,4,1109,538,571,538,571
2009-07-03,27,5,4,851,400,451,400,451
2009-07-04,27,6,5,526,247,279,247,279
2009-07-05,27,7,5,443,203,240,203,240
2009-07-06,28,1,4,978,471,507,471,507
2009-07-07,28,2,4,1003,498,505,498,505
2009-07-08,28,3,4,882,460,422,460,422
2009-07-09,28,4,4,580,290,290,290,290
2009-07-10,28,5,4,593,267,326,267,326
2009-07-11,28,6,5,729,342,387,342,387
2009-07-12,28,7,5,679,344,335,344,335
2009-07-13,29,1,4,679,348,331,348,331
2009-07-14,29,2,6,604,312,292,312,292
2009-07-15,29,3,4,600,314,286,314,286
2009-07-16,29,4,4,739,382,357,382,357
2009-07-17,29,5,4,239,116,123,116,123
2009-07-18,29,6,5,361,178,183,178,183
2009-07-19,29,7,5,1020,492,528,492,528
2009-07-20,30,1,4,809,362,447,362,447
2009-07-21,30,2,4,700,331,369,331,369
2009-07-22,30,3,4,577,278,299,278,299
2009-07-23,30,4,4,366,174,192,174,192
2009-07-24,30,5,4,597,287,310,287,310
2009-07-25,30,6,5,748,348,400,348,400
2009-07-26,30,7,5,717,331,386,331,386
2009-07-27,31,1,4,644,313,331,313,331
2009-07-28,31,2,4,770,357,413,357,413
2009-07-29,31,3,4,715,330,385,330,385
2009-07-30,31,4,4,595,284,311,284,311
2009-07-31,31,5,4,595,284,311,284,311
2009-08-01,31,6,5,587,280,307,280,307
2009-08-02,31,7,5,409,200,209,200,209
2009-08-03,32,1,4,381,180,201,180,201
2009-08-04,32,2,4,799,395,404,395,404
2009-08-05,32,3,4,766,385,381,385,381
2009-08-06,32,4,4,651,399,252,399,252
2009-08-07,32,5,4,571,261,310,261,310
2009-08-08,32,6,5,552,262,290,262,290
2009-08-09,32,7,5,358,177,181,177,181
2009-08-10,33,1,4,362,166,196,166,196
2009-08-11,33,2,4,719,370,349,370,349
2009-08-12,33,3,4,754,375,379,375,379
2009-08-13,33,4,4,655,311,344,311,344
2009-08-14,33,5,4,593,299,294,299,294
2009-08-15,33,6,7,558,272,286,272,286
2009-08-16,33,7,5,570,281,289,281,289
2009-08-17,34,1,4,578,274,304,274,304
2009-08-18,34,2,4,671,335,336,335,336
2009-08-19,34,3,4,587,290,297,290,297
2009-08-20,34,4,4,614,298,316,298,316
2009-08-21,34,5,4,537,272,265,272,265
2009-08-22,34,6,5,645,303,342,303,342
2009-08-23,34,7,5,631,312,319,312,319
2009-08-24,35,1,4,651,307,344,307,344
2009-08-25,35,2,4,457,228,229,228,229
2009-08-26,35,3,4,709,351,358,351,358
2009-08-27,35,4,4,879,431,448,431,448
2009-08-28,35,5,4,744,380,364,380,364
2009-08-29,35,6,5,532,248,284,248,284
2009-08-30,35,7,5,672,334,338,334,338
2009-08-31,36,1,4,958,448,510,448,510
2009-09-01,36,2,4,445,219,226,219,226
2009-09-02,36,3,,278,137,141,137,141
2009-09-03,36,4,,356,175,181,175,181
2009-09-04,36,5,,271,139,132,139,132
2009-09-05,36,6,1,617,290,327,290,327
2009-09-06,36,7,1,806,405,401,405,401
2009-09-07,37,1,,429,203,226,203,226
2009-09-08,37,2,,419,207,212,207,212
2009-09-09,37,3,,464,230,234,230,234
2009-09-10,37,4,,425,204,221,204,221
2009-09-11,37,5,,386,195,191,195,191
2009-09-12,37,6,1,685,325,360,325,360
2009-09-13,37,7,1,695,346,349,346,349
2009-09-14,38,1,,309,144,165,144,165
2009-09-15,38,2,,255,126,129,126,129
2009-09-16,38,3,,262,138,124,138,124
2009-09-17,38,4,,349,167,182,167,182
2009-09-18,38,5,,328,146,182,146,182
2009-09-19,38,6,1,674,313,361,313,361
2009-09-20,38,7,1,426,196,230,196,230
2009-09-21,39,1,,330,159,171,159,171
2009-09-22,39,2,,399,209,190,209,190
2009-09-23,39,3,,432,207,225,207,225
2009-09-24,39,4,,264,122,142,122,142
2009-09-25,39,5,,232,112,120,112,120
2009-09-26,39,6,1,715,327,388,327,388
2009-09-27,39,7,1,900,412,488,412,488
2009-09-28,40,1,,523,254,269,254,269
2009-09-29,40,2,,547,264,283,264,283
2009-09-30,40,3,,529,254,275,254,275
2009-10-01,40,4,,203,100,103,100,103
2009-10-02,40,5,,115,55,60,55,60
2009-10-03,40,6,1,513,258,255,258,255
2009-10-04,40,7,1,516,229,287,229,287
2009-10-05,41,1,,316,136,180,136,180
2009-10-06,41,2,,325,167,158,167,158
2009-10-07,41,3,,153,73,80,73,80
2009-10-08,41,4,,78,36,42,36,42
2009-10-09,41,5,,204,108,96,108,96
2009-10-10,41,6,1,326,157,169,157,169
2009-10-11,41,7,1,740,351,389,351,389
2009-10-12,42,1,,197,97,100,97,100
2009-10-13,42,2,,442,224,218,224,218
2009-10-14,42,3,,480,233,247,233,247
2009-10-15,42,4,,345,190,155,190,155
2009-10-16,42,5,,374,192,182,192,182
2009-10-17,42,6,1,330,129,201,129,201
2009-10-18,42,7,1,429,202,227,202,227
2009-10-19,43,1,,419,198,221,198,221
2009-10-20,43,2,,396,191,205,191,205
2009-10-21,43,3,,305,153,152,153,152
2009-10-22,43,4,,358,177,181,177,181
2009-10-23,43,5,,197,97,100,97,100
2009-10-24,43,6,5,550,255,295,255,295
2009-10-25,43,7,5,436,193,243,193,243
2009-10-26,44,1,4,490,240,250,240,250
2009-10-27,44,2,4,546,266,280,266,280
2009-10-28,44,3,4,514,261,253,261,253
2009-10-29,44,4,4,513,243,270,243,270
2009-10-30,44,5,4,419,187,232,187,232
2009-10-31,44,6,5,434,179,255,179,255
2009-11-01,44,7,7,523,240,283,240,283
2009-11-02,45,1,4,103,47,56,47,56
2009-11-03,45,2,4,86,42,44,42,44
2009-11-04,45,3,4,145,64,81,64,81
2009-11-05,45,4,,180,81,99,81,99
2009-11-06,45,5,,228,101,127,101,127
2009-11-07,45,6,1,84,33,51,33,51
2009-11-08,45,7,1,264,125,139,125,139
2009-11-09,46,1,,76,44,32,44,32
2009-11-10,46,2,,120,56,64,56,64
2009-11-11,46,3,2,251,113,138,113,138
2009-11-12,46,4,,135,72,63,72,63
2009-11-13,46,5,,193,106,87,106,87
2009-11-14,46,6,1,174,79,95,79,95
2009-11-15,46,7,1,315,157,158,157,158
2009-11-16,47,1,,207,115,92,115,92
2009-11-17,47,2,,187,93,94,93,94
2009-11-18,47,3,,225,112,113,112,113
2009-11-19,47,4,,176,99,77,99,77
2009-11-20,47,5,,207,102,105,102,105
2009-11-21,47,6,1,286,133,153,133,153
2009-11-22,47,7,1,44,24,20,24,20
2009-11-23,48,1,,120,62,58,62,58
2009-11-24,48,2,,121,58,63,58,63
2009-11-25,48,3,,268,138,130,138,130
2009-11-26,48,4,,133,57,76,57,76
2009-11-27,48,5,,146,74,72,74,72
2009-11-28,48,6,1,323,180,143,180,143
2009-11-29,48,7,1,122,57,65,57,65
2009-11-30,49,1,,29,16,13,16,13
2009-12-01,49,2,,75,40,35,40,35
2009-12-02,49,3,,139,68,71,68,71
2009-12-03,49,4,,60,31,29,31,29
2009-12-04,49,5,,52,29,23,29,23
2009-12-05,49,6,1,104,52,52,52,52
2009-12-06,49,7,1,114,50,64,50,64
2009-12-07,50,1,,51,26,25,26,25
2009-12-08,50,2,,133,65,68,65,68
2009-12-09,50,3,,171,85,86,85,86
2009-12-10,50,4,,156,75,81,75,81
2009-12-11,50,5,,130,62,68,62,68
2009-12-12,50,6,1,71,32,39,32,39
2009-12-13,50,7,1,54,28,26,28,26
2009-12-14,51,1,,82,41,41,41,41
2009-12-15,51,2,,85,47,38,47,38
2009-12-16,51,3,,78,39,39,39,39
2009-12-17,51,4,,80,37,43,37,43
2009-12-18,51,5,,55,25,30,25,30
2009-12-19,51,6,5,13,8,5,8,5
2009-12-20,51,7,5,16,6,10,6,10
2009-12-21,52,1,4,26,11,15,11,15
2009-12-22,52,2,4,166,78,88,78,88
2009-12-23,52,3,4,109,54,55,54,55
2009-12-24,52,4,4,83,47,36,47,36
2009-12-25,52,5,6,61,26,35,26,35
2009-12-26,52,6,5,139,60,79,60,79
2009-12-27,52,7,5,185,79,106,79,106
2009-12-28,53,1,4,51,24,27,24,27
2009-12-29,53,2,4,137,66,71,66,71
2009-12-30,53,3,4,85,42,43,42,43
2009-12-31,53,4,4,121,53,68,53,68
2010-01-01,53,5,6,12,6,6,6,6
2010-01-02,53,6,5,154,70,84,70,84
2010-01-03,53,7,5,95,37,58,37,58
2010-01-04,01,1,,9,6,3,6,3
2010-01-05,01,2,,9,2,7,2,7
2010-01-06,01,3,,46,25,21,25,21
2010-01-07,01,4,,54,28,26,28,26
2010-01-08,01,5,,12,6,6,6,6
2010-01-09,01,6,1,2,1,1,1,1
2010-01-10,01,7,1,3,2,1,2,1
2010-01-11,02,1,,11,5,6,5,6
2010-01-12,02,2,,8,4,4,4,4
2010-01-13,02,3,,1,1,0,1,0
2010-01-14,02,4,,2,0,2,0,2
2010-01-15,02,5,,3,0,3,0,3
2010-01-16,02,6,1,43,19,24,19,24
2010-01-17,02,7,1,121,53,68,53,68
2010-01-18,03,1,,162,77,85,77,85
2010-01-19,03,2,,184,95,89,95,89
2010-01-20,03,3,,94,50,44,50,44
2010-01-21,03,4,,107,57,50,57,50
2010-01-22,03,5,,168,80,88,80,88
2010-01-23,03,6,1,185,89,96,89,96
2010-01-24,03,7,1,159,78,81,78,81
2010-01-25,04,1,,92,47,45,47,45
2010-01-26,04,2,,105,51,54,51,54
2010-01-27,04,3,,99,46,53,46,53
2010-01-28,04,4,,67,33,34,33,34
2010-01-29,04,5,,95,43,52,43,52
2010-01-30,04,6,1,127,56,71,56,71
2010-01-31,04,7,1,209,97,112,97,112
2010-02-01,05,1,,130,63,67,63,67
2010-02-02,05,2,,94,42,52,42,52
2010-02-03,05,3,,172,76,96,76,96
2010-02-04,05,4,,174,79,95,79,95
2010-02-05,05,5,,41,16,25,16,25
2010-02-06,05,6,1,56,29,27,29,27
2010-02-07,05,7,1,193,82,111,82,111
2010-02-08,06,1,,203,87,116,87,116
2010-02-09,06,2,,43,19,24,19,24
2010-02-10,06,3,,36,16,20,16,20
2010-02-11,06,4,,41,18,23,18,23
2010-02-12,06,5,,30,14,16,14,16
2010-02-13,06,6,5,62,28,34,28,34
2010-02-14,06,7,5,81,35,46,35,46
2010-02-15,07,1,4,170,81,89,81,89
2010-02-16,07,2,4,145,63,82,63,82
2010-02-17,07,3,4,66,28,38,28,38
2010-02-18,07,4,4,216,91,125,91,125
2010-02-19,07,5,4,28,14,14,14,14
2010-02-20,07,6,5,248,117,131,117,131
2010-02-21,07,7,5,241,120,121,120,121
2010-02-22,08,1,4,255,112,143,112,143
2010-02-23,08,2,4,59,26,33,26,33
2010-02-24,08,3,4,117,46,71,46,71
2010-02-25,08,4,4,130,55,75,55,75
2010-02-26,08,5,4,180,73,107,73,107
2010-02-27,08,6,5,244,116,128,116,128
2010-02-28,08,7,5,261,110,151,110,151
2010-03-01,09,1,,326,153,173,153,173
2010-03-02,09,2,,382,170,212,170,212
2010-03-03,09,3,,122,60,62,60,62
2010-03-04,09,4,,145,64,81,64,81
2010-03-05,09,5,,219,93,126,93,126
2010-03-06,09,6,1,381,146,235,146,235
2010-03-07,09,7,1,26,10,16,10,16
2010-03-08,10,1,,116,49,67,49,67
2010-03-09,10,2,,138,62,76,62,76
2010-03-10,10,3,,254,111,143,111,143
2010-03-11,10,4,,173,64,109,64,109
2010-03-12,10,5,,161,77,84,77,84
2010-03-13,10,6,1,484,203,281,203,281
2010-03-14,10,7,1,436,172,264,172,264
2010-03-15,11,1,,246,107,139,107,139
2010-03-16,11,2,,444,181,263,181,263
2010-03-17,11,3,,571,251,320,251,320
2010-03-18,11,4,,431,196,235,196,235
2010-03-19,11,5,,466,212,254,212,254
2010-03-20,11,6,1,469,191,278,191,278
2010-03-21,11,7,1,265,114,151,114,151
2010-03-22,12,1,,262,116,146,116,146
2010-03-23,12,2,,734,324,410,324,410
2010-03-24,12,3,,558,248,310,248,310
2010-03-25,12,4,,378,176,202,176,202
2010-03-26,12,5,,139,63,76,63,76
2010-03-27,12,6,1,163,89,74,89,74
2010-03-28,12,7,1,367,160,207,160,207
2010-03-29,13,1,,540,265,275,265,275
2010-03-30,13,2,,228,107,121,107,121
2010-03-31,13,3,,341,145,196,145,196
2010-04-01,13,4,,292,129,163,129,163
2010-04-02,13,5,,463,208,255,208,255
2010-04-03,13,6,1,356,158,198,158,198
2010-04-04,13,7,1,358,163,195,163,195
2010-04-05,14,1,2,868,375,493,375,493
2010-04-06,14,2,,604,296,308,296,308
2010-04-07,14,3,,310,145,165,145,165
2010-04-08,14,4,,224,101,123,101,123
2010-04-09,14,5,,446,205,241,205,241
2010-04-10,14,6,5,739,330,409,330,409
2010-04-11,14,7,5,894,374,520,374,520
2010-04-12,15,1,4,229,111,118,111,118
2010-04-13,15,2,4,374,161,213,161,213
2010-04-14,15,3,4,693,327,366,327,366
2010-04-15,15,4,4,556,278,278,278,278
2010-04-16,15,5,4,478,216,262,216,262
2010-04-17,15,6,5,820,380,440,380,440
2010-04-18,15,7,5,960,403,557,403,557
2010-04-19,16,1,4,919,428,491,428,491
2010-04-20,16,2,4,731,338,393,338,393
2010-04-21,16,3,4,925,430,495,430,495
2010-04-22,16,4,4,728,333,395,333,395
2010-04-23,16,5,4,603,272,331,272,331
2010-04-24,16,6,5,943,398,545,398,545
2010-04-25,16,7,5,1170,492,678,492,678
2010-04-26,17,1,,597,279,318,279,318
2010-04-27,17,2,,720,329,391,329,391
2010-04-28,17,3,,1020,460,560,460,560
2010-04-29,17,4,,804,373,431,373,431
2010-04-30,17,5,,441,222,219,222,219
2010-05-01,17,6,3,296,130,166,130,166
2010-05-02,17,7,1,261,122,139,122,139
2010-05-03,18,1,,293,140,153,140,153
2010-05-04,18,2,,192,91,101,91,101
2010-05-05,18,3,,165,74,91,74,91
2010-05-06,18,4,,291,135,156,135,156
2010-05-07,18,5,,519,259,260,259,260
2010-05-08,18,6,3,683,288,395,288,395
2010-05-09,18,7,1,400,168,232,168,232
2010-05-10,19,1,,316,141,175,141,175
2010-05-11,19,2,,323,151,172,151,172
2010-05-12,19,3,,201,91,110,91,110
2010-05-13,19,4,2,332,139,193,139,193
2010-05-14,19,5,,189,72,117,72,117
2010-05-15,19,6,1,164,84,80,84,80
2010-05-16,19,7,1,432,196,236,196,236
2010-05-17,20,1,,472,208,264,208,264
2010-05-18,20,2,,593,268,325,268,325
2010-05-19,20,3,,506,251,255,251,255
2010-05-20,20,4,,577,266,311,266,311
2010-05-21,20,5,,559,250,309,250,309
2010-05-22,20,6,1,748,361,387,361,387
2010-05-23,20,7,1,885,428,457,428,457
2010-05-24,21,1,2,1063,461,602,461,602
2010-05-25,21,2,,712,318,394,318,394
2010-05-26,21,3,,565,269,296,269,296
2010-05-27,21,4,,514,219,295,219,295
2010-05-28,21,5,,492,235,257,235,257
2010-05-29,21,6,1,751,345,406,345,406
2010-05-30,21,7,1,335,151,184,151,184
2010-05-31,22,1,,262,124,138,124,138
2010-06-01,22,2,,576,263,313,263,313
2010-06-02,22,3,,428,207,221,207,221
2010-06-03,22,4,,695,327,368,327,368
2010-06-04,22,5,,834,427,407,427,407
2010-06-05,22,6,1,815,358,457,358,457
2010-06-06,22,7,1,559,258,301,258,301
2010-06-07,23,1,,551,254,297,254,297
2010-06-08,23,2,,570,273,297,273,297
2010-06-09,23,3,,671,324,347,324,347
2010-06-10,23,4,,514,250,264,250,264
2010-06-11,23,5,,499,255,244,255,244
2010-06-12,23,6,1,544,247,297,247,297
2010-06-13,23,7,1,848,366,482,366,482
2010-06-14,24,1,,403,205,198,205,198
2010-06-15,24,2,,165,77,88,77,88
2010-06-16,24,3,,230,104,126,104,126
2010-06-17,24,4,,263,119,144,119,144
2010-06-18,24,5,,456,212,244,212,244
2010-06-19,24,6,1,310,138,172,138,172
2010-06-20,24,7,1,81,29,52,29,52
2010-06-21,25,1,,358,172,186,172,186
2010-06-22,25,2,,544,245,299,245,299
2010-06-23,25,3,,750,340,410,340,410
2010-06-24,25,4,,794,378,416,378,416
2010-06-25,25,5,,676,353,323,353,323
2010-06-26,25,6,1,760,353,407,353,407
2010-06-27,25,7,1,699,324,375,324,375
2010-06-28,26,1,,580,276,304,276,304
2010-06-29,26,2,,692,325,367,325,367
2010-06-30,26,3,,760,373,387,373,387
2010-07-01,26,4,,820,402,418,402,418
2010-07-02,26,5,4,746,397,349,397,349
2010-07-03,26,6,5,781,390,391,390,391
2010-07-04,26,7,5,795,369,426,369,426
2010-07-05,27,1,4,921,470,451,470,451
2010-07-06,27,2,4,874,434,440,434,440
2010-07-07,27,3,4,1062,526,536,526,536
2010-07-08,27,4,4,925,472,453,472,453
2010-07-09,27,5,4,786,388,398,388,398
2010-07-10,27,6,5,677,351,326,351,326
2010-07-11,27,7,5,409,208,201,208,201
2010-07-12,28,1,4,298,152,146,152,146
2010-07-13,28,2,4,811,417,394,417,394
2010-07-14,28,3,6,687,338,349,338,349
2010-07-15,28,4,4,757,374,383,374,383
2010-07-16,28,5,4,774,407,367,407,367
2010-07-17,28,6,5,695,328,367,328,367
2010-07-18,28,7,5,842,404,438,404,438
2010-07-19,29,1,4,817,402,415,402,415
2010-07-20,29,2,4,873,423,450,423,450
2010-07-21,29,3,4,905,454,451,454,451
2010-07-22,29,4,4,586,262,324,262,324
2010-07-23,29,5,4,427,205,222,205,222
2010-07-24,29,6,5,787,375,412,375,412
2010-07-25,29,7,5,937,453,484,453,484
2010-07-26,30,1,4,806,393,413,393,413
2010-07-27,30,2,4,874,458,416,458,416
2010-07-28,30,3,4,1020,520,500,520,500
2010-07-29,30,4,4,451,233,218,233,218
2010-07-30,30,5,4,869,430,439,430,439
2010-07-31,30,6,5,848,421,427,421,427
2010-08-01,30,7,5,591,284,307,284,307
2010-08-02,31,1,4,439,212,227,212,227
2010-08-03,31,2,4,556,268,288,268,288
2010-08-04,31,3,4,1046,492,554,492,554
2010-08-05,31,4,4,236,117,119,117,119
2010-08-06,31,5,4,875,432,443,432,443
2010-08-07,31,6,5,848,396,452,396,452
2010-08-08,31,7,5,807,402,405,402,405
2010-08-09,32,1,4,788,391,397,391,397
2010-08-10,32,2,4,852,429,423,429,423
2010-08-11,32,3,4,796,378,418,378,418
2010-08-12,32,4,4,598,297,301,297,301
2010-08-13,32,5,4,833,374,459,374,459
2010-08-14,32,6,5,519,232,287,232,287
2010-08-15,32,7,7,388,196,192,196,192
2010-08-16,33,1,4,310,151,159,151,159
2010-08-17,33,2,4,974,468,506,468,506
2010-08-18,33,3,4,765,367,398,367,398
2010-08-19,33,4,4,876,429,447,429,447
2010-08-20,33,5,4,398,183,215,183,215
2010-08-21,33,6,5,830,411,419,411,419
2010-08-22,33,7,5,769,375,394,375,394
2010-08-23,34,1,4,770,386,384,386,384
2010-08-24,34,2,4,722,345,377,345,377
2010-08-25,34,3,4,1139,536,603,536,603
2010-08-26,34,4,4,877,428,449,428,449
2010-08-27,34,5,4,652,295,357,295,357
2010-08-28,34,6,5,588,297,291,297,291
2010-08-29,34,7,5,1181,544,637,544,637
2010-08-30,35,1,4,579,290,289,290,289
2010-08-31,35,2,4,829,408,421,408,421
2010-09-01,35,3,4,1008,490,518,490,518
2010-09-02,35,4,,902,441,461,441,461
2010-09-03,35,5,,840,414,426,414,426
2010-09-04,35,6,1,941,453,488,453,488
2010-09-05,35,7,1,1163,567,596,567,596
2010-09-06,36,1,,812,401,411,401,411
2010-09-07,36,2,,303,148,155,148,155
2010-09-08,36,3,,773,385,388,385,388
2010-09-09,36,4,,683,319,364,319,364
2010-09-10,36,5,,725,346,379,346,379
2010-09-11,36,6,1,1017,471,546,471,546
2010-09-12,36,7,1,1224,575,649,575,649
2010-09-13,37,1,,563,260,303,260,303
2010-09-14,37,2,,850,419,431,419,431
2010-09-15,37,3,,1039,481,558,481,558
2010-09-16,37,4,,688,340,348,340,348
2010-09-17,37,5,,122,61,61,61,61
2010-09-18,37,6,1,81,42,39,42,39
2010-09-19,37,7,1,874,430,444,430,444
2010-09-20,38,1,,893,432,461,432,461
2010-09-21,38,2,,862,417,445,417,445
2010-09-22,38,3,,1062,531,531,531,531
2010-09-23,38,4,,1012,503,509,503,509
2010-09-24,38,5,,214,120,94,120,94
2010-09-25,38,6,1,75,32,43,32,43
2010-09-26,38,7,1,451,227,224,227,224
2010-09-27,39,1,,557,271,286,271,286
2010-09-28,39,2,,599,297,302,297,302
2010-09-29,39,3,,749,376,373,376,373
2010-09-30,39,4,,513,250,263,250,263
2010-10-01,39,5,,649,320,329,320,329
2010-10-02,39,6,1,838,384,454,384,454
2010-10-03,39,7,1,971,445,526,445,526
2010-10-04,40,1,,205,103,102,103,102
2010-10-05,40,2,,419,204,215,204,215
2010-10-06,40,3,,887,424,463,424,463
2010-10-07,40,4,,845,407,438,407,438
2010-10-08,40,5,,595,296,299,296,299
2010-10-09,40,6,1,766,360,406,360,406
2010-10-10,40,7,1,762,386,376,386,376
2010-10-11,41,1,,261,129,132,129,132
2010-10-12,41,2,,780,370,410,370,410
2010-10-13,41,3,,587,286,301,286,301
2010-10-14,41,4,,519,271,248,271,248
2010-10-15,41,5,,427,207,220,207,220
2010-10-16,41,6,1,387,181,206,181,206
2010-10-17,41,7,1,83,38,45,38,45
2010-10-18,42,1,,228,107,121,107,121
2010-10-19,42,2,,524,263,261,263,261
2010-10-20,42,3,,354,179,175,179,175
2010-10-21,42,4,,651,327,324,327,324
2010-10-22,42,5,,500,249,251,249,251
2010-10-23,42,6,5,666,320,346,320,346
2010-10-24,42,7,5,36,17,19,17,19
2010-10-25,43,1,4,93,49,44,49,44
2010-10-26,43,2,4,380,187,193,187,193
2010-10-27,43,3,4,660,324,336,324,336
2010-10-28,43,4,4,692,329,363,329,363
2010-10-29,43,5,4,617,296,321,296,321
2010-10-30,43,6,5,290,147,143,147,143
2010-10-31,43,7,5,130,59,71,59,71
2010-11-01,44,1,6,409,193,216,193,216
2010-11-02,44,2,4,218,122,96,122,96
2010-11-03,44,3,4,736,358,378,358,378
2010-11-04,44,4,,658,341,317,341,317
2010-11-05,44,5,,629,313,316,313,316
2010-11-06,44,6,1,899,420,479,420,479
2010-11-07,44,7,1,254,118,136,118,136
2010-11-08,45,1,,136,62,74,62,74
2010-11-09,45,2,,128,69,59,69,59
2010-11-10,45,3,,198,102,96,102,96
2010-11-11,45,4,2,695,334,361,334,361
2010-11-12,45,5,,59,30,29,30,29
2010-11-13,45,6,1,900,414,486,414,486
2010-11-14,45,7,1,595,269,326,269,326
2010-11-15,46,1,,141,62,79,62,79
2010-11-16,46,2,,111,59,52,59,52
2010-11-17,46,3,,542,272,270,272,270
2010-11-18,46,4,,212,110,102,110,102
2010-11-19,46,5,,502,239,263,239,263
2010-11-20,46,6,1,347,181,166,181,166
2010-11-21,46,7,1,689,324,365,324,365
2010-11-22,47,1,,198,103,95,103,95
2010-11-23,47,2,,274,125,149,125,149
2010-11-24,47,3,,331,162,169,162,169
2010-11-25,47,4,,274,135,139,135,139
2010-11-26,47,5,,151,72,79,72,79
2010-11-27,47,6,1,136,73,63,73,63
2010-11-28,47,7,1,194,98,96,98,96
2010-11-29,48,1,,374,180,194,180,194
2010-11-30,48,2,,214,105,109,105,109
2010-12-01,48,3,,19,3,16,3,16
2010-12-02,48,4,,16,8,8,8,8
2010-12-03,48,5,,9,4,5,4,5
2010-12-04,48,6,1,12,4,8,4,8
2010-12-05,48,7,1,17,8,9,8,9
2010-12-06,49,1,,107,60,47,60,47
2010-12-07,49,2,,207,98,109,98,109
2010-12-08,49,3,,323,160,163,160,163
2010-12-09,49,4,,211,106,105,106,105
2010-12-10,49,5,,247,121,126,121,126
2010-12-11,49,6,1,225,97,128,97,128
2010-12-12,49,7,1,149,75,74,75,74
2010-12-13,50,1,,297,145,152,145,152
2010-12-14,50,2,,231,119,112,119,112
2010-12-15,50,3,,154,78,76,78,76
2010-12-16,50,4,,169,78,91,78,91
2010-12-17,50,5,,9,3,6,3,6
2010-12-18,50,6,5,4,2,2,2,2
2010-12-19,50,7,5,4,2,2,2,2
2010-12-20,51,1,4,93,54,39,54,39
2010-12-21,51,2,4,170,91,79,91,79
2010-12-22,51,3,4,206,99,107,99,107
2010-12-23,51,4,4,85,41,44,41,44
2010-12-24,51,5,4,49,22,27,22,27
2010-12-25,51,6,7,10,6,4,6,4
2010-12-26,51,7,5,28,20,8,20,8
2010-12-27,52,1,4,61,29,32,29,32
2010-12-28,52,2,4,99,47,52,47,52
2010-12-29,52,3,4,241,116,125,116,125
2010-12-30,52,4,4,185,107,78,107,78
2010-12-31,52,5,4,159,85,74,85,74
2011-01-01,52,6,7,117,63,54,63,54
2011-01-02,52,7,5,187,90,97,90,97
2011-01-03,01,1,,234,117,117,117,117
2011-01-04,01,2,,250,129,121,129,121
2011-01-05,01,3,,311,169,142,169,142
2011-01-06,01,4,,144,80,64,80,64
2011-01-07,01,5,,258,129,129,129,129
2011-01-08,01,6,1,810,363,447,363,447
2011-01-09,01,7,1,305,145,160,145,160
2011-01-10,02,1,,211,96,115,96,115
2011-01-11,02,2,,190,100,90,100,90
2011-01-12,02,3,,298,143,155,143,155
2011-01-13,02,4,,403,192,211,192,211
2011-01-14,02,5,,481,228,253,228,253
2011-01-15,02,6,1,828,400,428,400,428
2011-01-16,02,7,1,876,414,462,414,462
2011-01-17,03,1,,523,258,265,258,265
2011-01-18,03,2,,528,276,252,276,252
2011-01-19,03,3,,371,193,178,193,178
2011-01-20,03,4,,286,141,145,141,145
2011-01-21,03,5,,248,122,126,122,126
2011-01-22,03,6,1,260,119,141,119,141
2011-01-23,03,7,1,219,118,101,118,101
2011-01-24,04,1,,341,169,172,169,172
2011-01-25,04,2,,321,159,162,159,162
2011-01-26,04,3,,441,205,236,205,236
2011-01-27,04,4,,403,193,210,193,210
2011-01-28,04,5,,307,153,154,153,154
2011-01-29,04,6,1,464,230,234,230,234
2011-01-30,04,7,1,250,114,136,114,136
2011-01-31,05,1,,287,142,145,142,145
2011-02-01,05,2,,238,124,114,124,114
2011-02-02,05,3,,109,59,50,59,50
2011-02-03,05,4,,192,93,99,93,99
2011-02-04,05,5,,401,193,208,193,208
2011-02-05,05,6,1,798,374,424,374,424
2011-02-06,05,7,1,873,427,446,427,446
2011-02-07,06,1,,622,296,326,296,326
2011-02-08,06,2,,207,112,95,112,95
2011-02-09,06,3,,416,199,217,199,217
2011-02-10,06,4,,597,285,312,285,312
2011-02-11,06,5,,503,245,258,245,258
2011-02-12,06,6,1,772,378,394,378,394
2011-02-13,06,7,1,891,426,465,426,465
2011-02-14,07,1,,349,171,178,171,178
2011-02-15,07,2,,179,90,89,90,89
2011-02-16,07,3,,404,207,197,207,197
2011-02-17,07,4,,319,148,171,148,171
2011-02-18,07,5,,431,212,219,212,219
2011-02-19,07,6,1,896,423,473,423,473
2011-02-20,07,7,1,119,59,60,59,60
2011-02-21,08,1,,572,283,289,283,289
2011-02-22,08,2,,353,177,176,177,176
2011-02-23,08,3,,640,313,327,313,327
2011-02-24,08,4,,323,153,170,153,170
2011-02-25,08,5,,537,252,285,252,285
2011-02-26,08,6,5,778,358,420,358,420
2011-02-27,08,7,5,36,15,21,15,21
2011-02-28,09,1,4,335,160,175,160,175
2011-03-01,09,2,4,363,171,192,171,192
2011-03-02,09,3,4,365,174,191,174,191
2011-03-03,09,4,4,561,275,286,275,286
2011-03-04,09,5,4,643,315,328,315,328
2011-03-05,09,6,5,836,411,425,411,425
2011-03-06,09,7,5,786,375,411,375,411
2011-03-07,10,1,4,633,303,330,303,330
2011-03-08,10,2,4,606,308,298,308,298
2011-03-09,10,3,4,834,420,414,420,414
2011-03-10,10,4,4,807,381,426,381,426
2011-03-11,10,5,4,806,388,418,388,418
2011-03-12,10,6,5,665,320,345,320,345
2011-03-13,10,7,5,391,194,197,194,197
2011-03-14,11,1,,706,340,366,340,366
2011-03-15,11,2,,503,240,263,240,263
2011-03-16,11,3,,522,260,262,260,262
2011-03-17,11,4,,106,54,52,54,52
2011-03-18,11,5,,415,201,214,201,214
2011-03-19,11,6,1,81,41,40,41,40
2011-03-20,11,7,1,712,320,392,320,392
2011-03-21,12,1,,765,367,398,367,398
2011-03-22,12,2,,974,473,501,473,501
2011-03-23,12,3,,950,453,497,453,497
2011-03-24,12,4,,1040,516,524,516,524
2011-03-25,12,5,,873,424,449,424,449
2011-03-26,12,6,1,1411,700,711,700,711
2011-03-27,12,7,1,372,189,183,189,183
2011-03-28,13,1,,310,153,157,153,157
2011-03-29,13,2,,620,297,323,297,323
2011-03-30,13,3,,537,263,274,263,274
2011-03-31,13,4,,472,238,234,238,234
2011-04-01,13,5,,823,412,411,412,411
2011-04-02,13,6,1,1530,720,810,720,810
2011-04-03,13,7,1,1376,613,763,613,763
2011-04-04,14,1,,287,135,152,135,152
2011-04-05,14,2,,1097,534,563,534,563
2011-04-06,14,3,,1265,611,654,611,654
2011-04-07,14,4,,1114,532,582,532,582
2011-04-08,14,5,,906,426,480,426,480
2011-04-09,14,6,1,1436,675,761,675,761
2011-04-10,14,7,1,1526,749,777,749,777
2011-04-11,15,1,,1017,481,536,481,536
2011-04-12,15,2,,434,208,226,208,226
2011-04-13,15,3,,954,460,494,460,494
2011-04-14,15,4,,739,362,377,362,377
2011-04-15,15,5,,706,346,360,346,360
2011-04-16,15,6,1,1055,504,551,504,551
2011-04-17,15,7,1,1330,631,699,631,699
2011-04-18,16,1,,772,397,375,397,375
2011-04-19,16,2,,926,460,466,460,466
2011-04-20,16,3,,1130,543,587,543,587
2011-04-21,16,4,,108,51,57,51,57
2011-04-22,16,5,,438,232,206,232,206
2011-04-23,16,6,5,512,239,273,239,273
2011-04-24,16,7,5,836,393,443,393,443
2011-04-25,17,1,6,1124,563,561,563,561
2011-04-26,17,2,4,956,464,492,464,492
2011-04-27,17,3,4,1109,540,569,540,569
2011-04-28,17,4,4,507,255,252,255,252
2011-04-29,17,5,4,524,254,270,254,270
2011-04-30,17,6,5,1084,524,560,524,560
2011-05-01,17,7,7,1398,674,724,674,724
2011-05-02,18,1,4,991,488,503,488,503
2011-05-03,18,2,4,466,224,242,224,242
2011-05-04,18,3,4,983,470,513,470,513
2011-05-05,18,4,4,1159,577,582,577,582
2011-05-06,18,5,4,1073,539,534,539,534
2011-05-07,18,6,5,1107,544,563,544,563
2011-05-08,18,7,7,1459,693,766,693,766
2011-05-09,19,1,,978,471,507,471,507
2011-05-10,19,2,,1144,580,564,580,564
2011-05-11,19,3,,1109,550,559,550,559
2011-05-12,19,4,,853,423,430,423,430
2011-05-13,19,5,,984,469,515,469,515
2011-05-14,19,6,1,489,224,265,224,265
2011-05-15,19,7,1,392,172,220,172,220
2011-05-16,20,1,,879,419,460,419,460
2011-05-17,20,2,,1199,583,616,583,616
2011-05-18,20,3,,1091,547,544,547,544
2011-05-19,20,4,,898,440,458,440,458
2011-05-20,20,5,,924,466,458,466,458
2011-05-21,20,6,1,1114,538,576,538,576
2011-05-22,20,7,1,1121,575,546,575,546
2011-05-23,21,1,,985,482,503,482,503
2011-05-24,21,2,,1147,578,569,578,569
2011-05-25,21,3,,1243,610,633,610,633
2011-05-26,21,4,,903,450,453,450,453
2011-05-27,21,5,,403,191,212,191,212
2011-05-28,21,6,1,960,447,513,447,513
2011-05-29,21,7,1,1030,481,549,481,549
2011-05-30,22,1,,941,463,478,463,478
2011-05-31,22,2,,334,160,174,160,174
2011-06-01,22,3,,161,81,80,81,80
2011-06-02,22,4,2,552,253,299,253,299
2011-06-03,22,5,,762,358,404,358,404
2011-06-04,22,6,1,772,377,395,377,395
2011-06-05,22,7,1,657,309,348,309,348
2011-06-06,23,1,,808,388,420,388,420
2011-06-07,23,2,,423,212,211,212,211
2011-06-08,23,3,,333,142,191,142,191
2011-06-09,23,4,,857,416,441,416,441
2011-06-10,23,5,,656,310,346,310,346
2011-06-11,23,6,1,707,314,393,314,393
2011-06-12,23,7,1,1134,540,594,540,594
2011-06-13,24,1,2,1166,572,594,572,594
2011-06-14,24,2,,1000,487,513,487,513
2011-06-15,24,3,,1108,540,568,540,568
2011-06-16,24,4,,669,336,333,336,333
2011-06-17,24,5,,527,248,279,248,279
2011-06-18,24,6,1,288,149,139,149,139
2011-06-19,24,7,1,1016,480,536,480,536
2011-06-20,25,1,,1128,551,577,551,577
2011-06-21,25,2,,988,476,512,476,512
2011-06-22,25,3,,596,300,296,300,296
2011-06-23,25,4,,508,253,255,253,255
2011-06-24,25,5,,858,420,438,420,438
2011-06-25,25,6,1,1106,527,579,527,579
2011-06-26,25,7,1,896,403,493,403,493
2011-06-27,26,1,,936,462,474,462,474
2011-06-28,26,2,,998,501,497,501,497
2011-06-29,26,3,,488,238,250,238,250
2011-06-30,26,4,,867,414,453,414,453
2011-07-01,26,5,,863,432,431,432,431
2011-07-02,26,6,5,820,403,417,403,417
2011-07-03,26,7,5,1036,500,536,500,536
2011-07-04,27,1,4,831,398,433,398,433
2011-07-05,27,2,4,1055,509,546,509,546
2011-07-06,27,3,4,1026,511,515,511,515
2011-07-07,27,4,4,760,370,390,370,390
2011-07-08,27,5,4,805,400,405,400,405
2011-07-09,27,6,5,914,430,484,430,484
2011-07-10,27,7,5,808,393,415,393,415
2011-07-11,28,1,4,932,451,481,451,481
2011-07-12,28,2,4,828,403,425,403,425
2011-07-13,28,3,4,207,106,101,106,101
2011-07-14,28,4,6,528,249,279,249,279
2011-07-15,28,5,4,852,420,432,420,432
2011-07-16,28,6,5,867,441,426,441,426
2011-07-17,28,7,5,102,52,50,52,50
2011-07-18,29,1,4,791,366,425,366,425
2011-07-19,29,2,4,179,87,92,87,92
2011-07-20,29,3,4,305,150,155,150,155
2011-07-21,29,4,4,587,277,310,277,310
2011-07-22,29,5,4,833,404,429,404,429
2011-07-23,29,6,5,566,270,296,270,296
2011-07-24,29,7,5,676,331,345,331,345
2011-07-25,30,1,4,780,365,415,365,415
2011-07-26,30,2,4,852,432,420,432,420
2011-07-27,30,3,4,459,208,251,208,251
2011-07-28,30,4,4,728,347,381,347,381
2011-07-29,30,5,4,711,354,357,354,357
2011-07-30,30,6,5,784,364,420,364,420
2011-07-31,30,7,5,847,402,445,402,445
2011-08-01,31,1,4,954,455,499,455,499
2011-08-02,31,2,4,880,444,436,444,436
2011-08-03,31,3,4,812,396,416,396,416
2011-08-04,31,4,4,839,423,416,423,416
2011-08-05,31,5,4,701,342,359,342,359
2011-08-06,31,6,5,648,323,325,323,325
2011-08-07,31,7,5,289,133,156,133,156
2011-08-08,32,1,4,851,390,461,390,461
2011-08-09,32,2,4,753,348,405,348,405
2011-08-10,32,3,4,960,467,493,467,493
2011-08-11,32,4,4,924,444,480,444,480
2011-08-12,32,5,4,688,348,340,348,340
2011-08-13,32,6,5,718,334,384,334,384
2011-08-14,32,7,5,600,294,306,294,306
2011-08-15,33,1,6,824,383,441,383,441
2011-08-16,33,2,4,814,383,431,383,431
2011-08-17,33,3,4,1027,502,525,502,525
2011-08-18,33,4,4,810,377,433,377,433
2011-08-19,33,5,4,686,325,361,325,361
2011-08-20,33,6,5,622,295,327,295,327
2011-08-21,33,7,5,457,216,241,216,241
2011-08-22,34,1,4,709,337,372,337,372
2011-08-23,34,2,4,793,377,416,377,416
2011-08-24,34,3,4,955,450,505,450,505
2011-08-25,34,4,4,906,444,462,444,462
2011-08-26,34,5,4,518,264,254,264,254
2011-08-27,34,6,5,604,287,317,287,317
2011-08-28,34,7,5,1062,504,558,504,558
2011-08-29,35,1,4,1008,496,512,496,512
2011-08-30,35,2,4,1131,540,591,540,591
2011-08-31,35,3,4,1168,567,601,567,601
2011-09-01,35,4,4,890,419,471,419,471
2011-09-02,35,5,4,1001,483,518,483,518
2011-09-03,35,6,5,709,337,372,337,372
2011-09-04,35,7,5,598,281,317,281,317
2011-09-05,36,1,,620,308,312,308,312
2011-09-06,36,2,,1061,508,553,508,553
2011-09-07,36,3,,947,453,494,453,494
2011-09-08,36,4,,912,426,486,426,486
2011-09-09,36,5,,877,432,445,432,445
2011-09-10,36,6,1,1038,511,527,511,527
2011-09-11,36,7,1,974,437,537,437,537
2011-09-12,37,1,,897,432,465,432,465
2011-09-13,37,2,,1088,527,561,527,561
2011-09-14,37,3,,658,315,343,315,343
2011-09-15,37,4,,1048,507,541,507,541
2011-09-16,37,5,,814,394,420,394,420
2011-09-17,37,6,1,590,276,314,276,314
2011-09-18,37,7,1,256,124,132,124,132
2011-09-19,38,1,,160,80,80,80,80
2011-09-20,38,2,,812,377,435,377,435
2011-09-21,38,3,,974,473,501,473,501
2011-09-22,38,4,,920,451,469,451,469
2011-09-23,38,5,,785,397,388,397,388
2011-09-24,38,6,1,1048,504,544,504,544
2011-09-25,38,7,1,1013,484,529,484,529
2011-09-26,39,1,,942,464,478,464,478
2011-09-27,39,2,,1022,483,539,483,539
2011-09-28,39,3,,1033,514,519,514,519
2011-09-29,39,4,,902,439,463,439,463
2011-09-30,39,5,,830,395,435,395,435
2011-10-01,39,6,1,1031,503,528,503,528
2011-10-02,39,7,1,1001,484,517,484,517
2011-10-03,40,1,,902,441,461,441,461
2011-10-04,40,2,,913,434,479,434,479
2011-10-05,40,3,,822,403,419,403,419
2011-10-06,40,4,,730,358,372,358,372
2011-10-07,40,5,,287,128,159,128,159
2011-10-08,40,6,1,182,81,101,81,101
2011-10-09,40,7,1,368,172,196,172,196
2011-10-10,41,1,,347,162,185,162,185
2011-10-11,41,2,,867,424,443,424,443
2011-10-12,41,3,,869,418,451,418,451
2011-10-13,41,4,,652,312,340,312,340
2011-10-14,41,5,,532,261,271,261,271
2011-10-15,41,6,1,1266,626,640,626,640
2011-10-16,41,7,1,1031,476,555,476,555
2011-10-17,42,1,,767,359,408,359,408
2011-10-18,42,2,,812,407,405,407,405
2011-10-19,42,3,,222,109,113,109,113
2011-10-20,42,4,,440,212,228,212,228
2011-10-21,42,5,,546,273,273,273,273
2011-10-22,42,6,5,727,349,378,349,378
2011-10-23,42,7,5,737,343,394,343,394
2011-10-24,43,1,4,547,264,283,264,283
2011-10-25,43,2,4,202,99,103,99,103
2011-10-26,43,3,4,659,312,347,312,347
2011-10-27,43,4,4,625,300,325,300,325
2011-10-28,43,5,4,483,246,237,246,237
2011-10-29,43,6,5,663,325,338,325,338
2011-10-30,43,7,5,718,314,404,314,404
2011-10-31,44,1,4,733,344,389,344,389
2011-11-01,44,2,6,1019,465,554,465,554
2011-11-02,44,3,4,503,246,257,246,257
2011-11-03,44,4,,363,191,172,191,172
2011-11-04,44,5,,116,54,62,54,62
2011-11-05,44,6,1,123,52,71,52,71
2011-11-06,44,7,1,481,219,262,219,262
2011-11-07,45,1,,550,251,299,251,299
2011-11-08,45,2,,407,199,208,199,208
2011-11-09,45,3,,672,336,336,336,336
2011-11-10,45,4,,568,275,293,275,293
2011-11-11,45,5,2,741,348,393,348,393
2011-11-12,45,6,1,732,345,387,345,387
2011-11-13,45,7,1,714,338,376,338,376
2011-11-14,46,1,,589,299,290,299,290
2011-11-15,46,2,,533,245,288,245,288
2011-11-16,46,3,,557,273,284,273,284
2011-11-17,46,4,,524,259,265,259,265
2011-11-18,46,5,,436,213,223,213,223
2011-11-19,46,6,1,448,225,223,225,223
2011-11-20,46,7,1,555,258,297,258,297
2011-11-21,47,1,,537,255,282,255,282
2011-11-22,47,2,,564,282,282,282,282
2011-11-23,47,3,,575,269,306,269,306
2011-11-24,47,4,,376,178,198,178,198
2011-11-25,47,5,,480,237,243,237,243
2011-11-26,47,6,1,366,178,188,178,188
2011-11-27,47,7,1,366,183,183,183,183
2011-11-28,48,1,,396,202,194,202,194
2011-11-29,48,2,,528,257,271,257,271
2011-11-30,48,3,,537,260,277,260,277
2011-12-01,48,4,,514,263,251,263,251
2011-12-02,48,5,,355,178,177,178,177
2011-12-03,48,6,1,318,146,172,146,172
2011-12-04,48,7,1,185,90,95,90,95
2011-12-05,49,1,,139,62,77,62,77
2011-12-06,49,2,,231,109,122,109,122
2011-12-07,49,3,,116,61,55,61,55
2011-12-08,49,4,,472,234,238,234,238
2011-12-09,49,5,,397,203,194,203,194
2011-12-10,49,6,1,428,197,231,197,231
2011-12-11,49,7,1,520,251,269,251,269
2011-12-12,50,1,,146,70,76,70,76
2011-12-13,50,2,,311,153,158,153,158
2011-12-14,50,3,,244,114,130,114,130
2011-12-15,50,4,,272,139,133,139,133
2011-12-16,50,5,,94,49,45,49,45
2011-12-17,50,6,5,77,36,41,36,41
2011-12-18,50,7,5,31,12,19,12,19
2011-12-19,51,1,4,183,92,91,92,91
2011-12-20,51,2,4,63,27,36,27,36
2011-12-21,51,3,4,91,51,40,51,40
2011-12-22,51,4,4,209,106,103,106,103
2011-12-23,51,5,4,253,127,126,127,126
2011-12-24,51,6,5,76,39,37,39,37
2011-12-25,51,7,7,109,51,58,51,58
2011-12-26,52,1,4,275,132,143,132,143
2011-12-27,52,2,4,278,130,148,130,148
2011-12-28,52,3,4,356,181,175,181,175
2011-12-29,52,4,4,125,63,62,63,62
2011-12-30,52,5,4,44,20,24,20,24
2011-12-31,52,6,5,22,10,12,10,12
2012-01-01,52,7,7,227,103,124,103,124
2012-01-02,01,1,4,114,56,58,56,58
2012-01-03,01,2,,421,199,222,199,222
2012-01-04,01,3,,1,1,0,1,0
2012-01-05,01,4,,133,69,64,69,64
2012-01-06,01,5,,170,84,86,84,86
2012-01-07,01,6,1,283,140,143,140,143
2012-01-08,01,7,1,250,107,143,107,143
2012-01-09,02,1,,450,226,224,226,224
2012-01-10,02,2,,453,227,226,227,226
2012-01-11,02,3,,454,221,233,221,233
2012-01-12,02,4,,410,201,209,201,209
2012-01-13,02,5,,277,148,129,148,129
2012-01-14,02,6,1,316,154,162,154,162
2012-01-15,02,7,1,376,173,203,173,203
2012-01-16,03,1,,379,189,190,189,190
2012-01-17,03,2,,379,185,194,185,194
2012-01-18,03,3,,450,227,223,227,223
2012-01-19,03,4,,367,188,179,188,179
2012-01-20,03,5,,128,65,63,65,63
2012-01-21,03,6,1,155,77,78,77,78
2012-01-22,03,7,1,346,163,183,163,183
2012-01-23,04,1,,508,255,253,255,253
2012-01-24,04,2,,460,214,246,214,246
2012-01-25,04,3,,426,216,210,216,210
2012-01-26,04,4,,589,284,305,284,305
2012-01-27,04,5,,193,96,97,96,97
2012-01-28,04,6,1,282,140,142,140,142
2012-01-29,04,7,1,224,108,116,108,116
2012-01-30,05,1,,310,164,146,164,146
2012-01-31,05,2,,106,50,56,50,56
2012-02-01,05,3,,189,95,94,95,94
2012-02-02,05,4,,208,109,99,109,99
2012-02-03,05,5,,149,76,73,76,73
2012-02-04,05,6,1,58,30,28,30,28
2012-02-05,05,7,1,80,42,38,42,38
2012-02-06,06,1,,196,92,104,92,104
2012-02-07,06,2,,130,65,65,65,65
2012-02-08,06,3,,178,95,83,95,83
2012-02-09,06,4,,190,97,93,97,93
2012-02-10,06,5,,146,69,77,69,77
2012-02-11,06,6,5,84,39,45,39,45
2012-02-12,06,7,5,79,43,36,43,36
2012-02-13,07,1,4,192,94,98,94,98
2012-02-14,07,2,4,285,149,136,149,136
2012-02-15,07,3,4,166,84,82,84,82
2012-02-16,07,4,4,277,129,148,129,148
2012-02-17,07,5,4,383,183,200,183,200
2012-02-18,07,6,5,675,331,344,331,344
2012-02-19,07,7,5,256,117,139,117,139
2012-02-20,08,1,4,359,177,182,177,182
2012-02-21,08,2,4,575,285,290,285,290
2012-02-22,08,3,4,566,286,280,286,280
2012-02-23,08,4,4,567,278,289,278,289
2012-02-24,08,5,4,628,315,313,315,313
2012-02-25,08,6,5,700,323,377,323,377
2012-02-26,08,7,5,436,204,232,204,232
2012-02-27,09,1,,660,312,348,312,348
2012-02-28,09,2,,645,291,354,291,354
2012-02-29,09,3,,756,368,388,368,388
2012-03-01,09,4,,787,380,407,380,407
2012-03-02,09,5,,805,382,423,382,423
2012-03-03,09,6,1,1259,608,651,608,651
2012-03-04,09,7,1,897,439,458,439,458
2012-03-05,10,1,,293,142,151,142,151
2012-03-06,10,2,,408,200,208,200,208
2012-03-07,10,3,,712,332,380,332,380
2012-03-08,10,4,,192,93,99,93,99
2012-03-09,10,5,,648,314,334,314,334
2012-03-10,10,6,1,976,437,539,437,539
2012-03-11,10,7,1,1019,485,534,485,534
2012-03-12,11,1,,742,359,383,359,383
2012-03-13,11,2,,897,425,472,425,472
2012-03-14,11,3,,1066,519,547,519,547
2012-03-15,11,4,,924,451,473,451,473
2012-03-16,11,5,,853,415,438,415,438
2012-03-17,11,6,1,1105,548,557,548,557
2012-03-18,11,7,1,193,100,93,100,93
2012-03-19,12,1,,421,206,215,206,215
2012-03-20,12,2,,781,396,385,396,385
2012-03-21,12,3,,880,425,455,425,455
2012-03-22,12,4,,914,427,487,427,487
2012-03-23,12,5,,776,361,415,361,415
2012-03-24,12,6,1,1349,635,714,635,714
2012-03-25,12,7,1,1380,669,711,669,711
2012-03-26,13,1,,1000,479,521,479,521
2012-03-27,13,2,,1177,531,646,531,646
2012-03-28,13,3,,1193,582,611,582,611
2012-03-29,13,4,,991,461,530,461,530
2012-03-30,13,5,,851,421,430,421,430
2012-03-31,13,6,1,1291,578,713,578,713
2012-04-01,13,7,1,930,456,474,456,474
2012-04-02,14,1,,936,448,488,448,488
2012-04-03,14,2,,744,352,392,352,392
2012-04-04,14,3,,330,163,167,163,167
2012-04-05,14,4,,576,276,300,276,300
2012-04-06,14,5,,578,275,303,275,303
2012-04-07,14,6,5,683,317,366,317,366
2012-04-08,14,7,5,321,144,177,144,177
2012-04-09,15,1,6,1083,532,551,532,551
2012-04-10,15,2,4,607,297,310,297,310
2012-04-11,15,3,4,386,197,189,197,189
2012-04-12,15,4,4,499,237,262,237,262
2012-04-13,15,5,4,469,227,242,227,242
2012-04-14,15,6,5,157,68,89,68,89
2012-04-15,15,7,5,259,120,139,120,139
2012-04-16,16,1,4,160,78,82,78,82
2012-04-17,16,2,4,579,275,304,275,304
2012-04-18,16,3,4,614,304,310,304,310
2012-04-19,16,4,4,207,103,104,103,104
2012-04-20,16,5,4,721,349,372,349,372
2012-04-21,16,6,5,636,310,326,310,326
2012-04-22,16,7,5,824,402,422,402,422
2012-04-23,17,1,,673,331,342,331,342
2012-04-24,17,2,,292,148,144,148,144
2012-04-25,17,3,,624,297,327,297,327
2012-04-26,17,4,,666,318,348,318,348
2012-04-27,17,5,,916,423,493,423,493
2012-04-28,17,6,1,1089,523,566,523,566
2012-04-29,17,7,1,647,300,347,300,347
2012-04-30,18,1,,508,233,275,233,275
2012-05-01,18,2,2,1667,759,908,759,908
2012-05-02,18,3,,493,240,253,240,253
2012-05-03,18,4,,1095,537,558,537,558
2012-05-04,18,5,,808,395,413,395,413
2012-05-05,18,6,1,684,318,366,318,366
2012-05-06,18,7,1,842,406,436,406,436
2012-05-07,19,1,,1197,581,616,581,616
2012-05-08,19,2,2,932,448,484,448,484
2012-05-09,19,3,,652,326,326,326,326
2012-05-10,19,4,,1361,661,700,661,700
2012-05-11,19,5,,1064,502,562,502,562
2012-05-12,19,6,1,534,262,272,262,272
2012-05-13,19,7,1,707,323,384,323,384
2012-05-14,20,1,,1078,508,570,508,570
2012-05-15,20,2,,862,408,454,408,454
2012-05-16,20,3,,567,267,300,267,300
2012-05-17,20,4,2,1238,571,667,571,667
2012-05-18,20,5,,458,214,244,214,244
2012-05-19,20,6,1,978,468,510,468,510
2012-05-20,20,7,1,765,371,394,371,394
2012-05-21,21,1,,251,117,134,117,134
2012-05-22,21,2,,164,82,82,82,82
2012-05-23,21,3,,640,320,320,320,320
2012-05-24,21,4,,967,465,502,465,502
2012-05-25,21,5,,1017,493,524,493,524
2012-05-26,21,6,1,1150,552,598,552,598
2012-05-27,21,7,1,700,337,363,337,363
2012-05-28,22,1,2,1516,705,811,705,811
2012-05-29,22,2,,1259,581,678,581,678
2012-05-30,22,3,,1266,594,672,594,672
2012-05-31,22,4,,975,476,499,476,499
2012-06-01,22,5,,1134,548,586,548,586
2012-06-02,22,6,1,1119,543,576,543,576
2012-06-03,22,7,1,416,226,190,226,190
2012-06-04,23,1,,442,213,229,213,229
2012-06-05,23,2,,1191,576,615,576,615
2012-06-06,23,3,,649,309,340,309,340
2012-06-07,23,4,,1017,500,517,500,517
2012-06-08,23,5,,429,210,219,210,219
2012-06-09,23,6,1,1045,507,538,507,538
2012-06-10,23,7,1,580,272,308,272,308
2012-06-11,24,1,,622,321,301,321,301
2012-06-12,24,2,,365,173,192,173,192
2012-06-13,24,3,,637,312,325,312,325
2012-06-14,24,4,,1238,606,632,606,632
2012-06-15,24,5,,1014,483,531,483,531
2012-06-16,24,6,1,1286,607,679,607,679
2012-06-17,24,7,1,1030,504,526,504,526
2012-06-18,25,1,,941,456,485,456,485
2012-06-19,25,2,,832,407,425,407,425
2012-06-20,25,3,,759,370,389,370,389
2012-06-21,25,4,,886,432,454,432,454
2012-06-22,25,5,,918,437,481,437,481
2012-06-23,25,6,1,1052,497,555,497,555
2012-06-24,25,7,1,1027,480,547,480,547
2012-06-25,26,1,,694,341,353,341,353
2012-06-26,26,2,,1112,533,579,533,579
2012-06-27,26,3,,1095,555,540,555,540
2012-06-28,26,4,,977,478,499,478,499
2012-06-29,26,5,,912,455,457,455,457
2012-06-30,26,6,1,770,382,388,382,388
2012-07-01,26,7,1,136,69,67,69,67
2012-07-02,27,1,,283,142,141,142,141
2012-07-03,27,2,,1038,501,537,501,537
2012-07-04,27,3,,1205,592,613,592,613
2012-07-05,27,4,4,623,290,333,290,333
2012-07-06,27,5,4,842,422,420,422,420
2012-07-07,27,6,5,953,451,502,451,502
2012-07-08,27,7,5,850,409,441,409,441
2012-07-09,28,1,4,1122,556,566,556,566
2012-07-10,28,2,4,1032,505,527,505,527
2012-07-11,28,3,4,1017,485,532,485,532
2012-07-12,28,4,4,945,457,488,457,488
2012-07-13,28,5,4,779,386,393,386,393
2012-07-14,28,6,7,664,316,348,316,348
2012-07-15,28,7,5,941,439,502,439,502
2012-07-16,29,1,4,1070,505,565,505,565
2012-07-17,29,2,4,1246,600,646,600,646
2012-07-18,29,3,4,1116,552,564,552,564
2012-07-19,29,4,4,1047,511,536,511,536
2012-07-20,29,5,4,879,436,443,436,443
2012-07-21,29,6,5,683,333,350,333,350
2012-07-22,29,7,5,885,425,460,425,460
2012-07-23,30,1,4,1157,568,589,568,589
2012-07-24,30,2,4,1161,560,601,560,601
2012-07-25,30,3,4,1009,495,514,495,514
2012-07-26,30,4,4,969,475,494,475,494
2012-07-27,30,5,4,875,435,440,435,440
2012-07-28,30,6,5,607,292,315,292,315
2012-07-29,30,7,5,795,374,421,374,421
2012-07-30,31,1,4,1070,525,545,525,545
2012-07-31,31,2,4,1106,511,595,511,595
2012-08-01,31,3,4,952,462,490,462,490
2012-08-02,31,4,4,958,461,497,461,497
2012-08-03,31,5,4,863,420,443,420,443
2012-08-04,31,6,5,737,359,378,359,378
2012-08-05,31,7,5,404,195,209,195,209
2012-08-06,32,1,4,466,230,236,230,236
2012-08-07,32,2,4,556,491,65,491,65
2012-08-08,32,3,4,464,398,66,398,66
2012-08-09,32,4,4,457,403,54,403,54
2012-08-10,32,5,4,413,368,45,368,45
2012-08-11,32,6,5,371,314,57,314,57
2012-08-12,32,7,5,383,321,62,321,62
2012-08-13,33,1,4,447,382,65,382,65
2012-08-14,33,2,4,428,367,61,367,61
2012-08-15,33,3,6,401,332,69,332,69
2012-08-16,33,4,4,346,302,44,302,44
2012-08-17,33,5,4,357,316,41,316,41
2012-08-18,33,6,5,304,249,55,249,55
2012-08-19,33,7,5,249,205,44,205,44
2012-08-20,34,1,4,400,345,55,345,55
2012-08-21,34,2,4,412,358,54,358,54
2012-08-22,34,3,4,430,381,49,381,49
2012-08-23,34,4,4,706,391,315,391,315
2012-08-24,34,5,4,692,336,356,336,356
2012-08-25,34,6,5,642,302,340,302,340
2012-08-26,34,7,5,781,383,398,383,398
2012-08-27,35,1,4,1163,566,597,566,597
2012-08-28,35,2,4,985,484,501,484,501
2012-08-29,35,3,4,861,421,440,421,440
2012-08-30,35,4,4,259,125,134,125,134
2012-08-31,35,5,4,245,120,125,120,125
2012-09-01,35,6,5,138,74,64,74,64
2012-09-02,35,7,5,791,364,427,364,427
2012-09-03,36,1,4,794,370,424,370,424
2012-09-04,36,2,,799,394,405,394,405
2012-09-05,36,3,,951,473,478,473,478
2012-09-06,36,4,,973,478,495,478,495
2012-09-07,36,5,,1013,494,519,494,519
2012-09-08,36,6,1,1048,482,566,482,566
2012-09-09,36,7,1,1294,632,662,632,662
2012-09-10,37,1,,1032,496,536,496,536
2012-09-11,37,2,,938,453,485,453,485
2012-09-12,37,3,,366,182,184,182,184
2012-09-13,37,4,,698,330,368,330,368
2012-09-14,37,5,,807,402,405,402,405
2012-09-15,37,6,1,999,479,520,479,520
2012-09-16,37,7,1,1222,570,652,570,652
2012-09-17,38,1,,982,470,512,470,512
2012-09-18,38,2,,813,398,415,398,415
2012-09-19,38,3,,300,260,40,260,40
2012-09-20,38,4,,684,570,114,570,114
2012-09-21,38,5,,445,399,46,399,46
2012-09-22,38,6,1,357,287,70,287,70
2012-09-23,38,7,1,588,487,101,487,101
2012-09-24,39,1,,77,68,9,68,9
2012-09-25,39,2,,381,350,31,350,31
2012-09-26,39,3,,167,143,24,143,24
2012-09-27,39,4,,372,342,30,342,30
2012-09-28,39,5,,437,394,43,394,43
2012-09-29,39,6,1,88,69,19,69,19
2012-09-30,39,7,1,291,233,58,233,58
2012-10-01,40,1,,359,321,38,321,38
2012-10-02,40,2,,470,420,50,420,50
2012-10-03,40,3,,504,442,62,442,62
2012-10-04,40,4,,372,342,30,342,30
2012-10-05,40,5,,466,417,49,417,49
2012-10-06,40,6,1,496,384,112,384,112
2012-10-07,40,7,1,252,193,59,193,59
2012-10-08,41,1,,351,327,24,327,24
2012-10-09,41,2,,264,173,91,173,91
2012-10-10,41,3,,542,274,268,274,268
2012-10-11,41,4,,819,391,428,391,428
2012-10-12,41,5,,324,165,159,165,159
2012-10-13,41,6,1,993,488,505,488,505
2012-10-14,41,7,1,538,263,275,263,275
2012-10-15,42,1,,352,171,181,171,181
2012-10-16,42,2,,757,367,390,367,390
2012-10-17,42,3,,614,319,295,319,295
2012-10-18,42,4,,597,285,312,285,312
2012-10-19,42,5,,729,361,368,361,368
2012-10-20,42,6,1,1091,533,558,533,558
2012-10-21,42,7,1,883,415,468,415,468
2012-10-22,43,1,,632,305,327,305,327
2012-10-23,43,2,,953,471,482,471,482
2012-10-24,43,3,,895,451,444,451,444
2012-10-25,43,4,,833,411,422,411,422
2012-10-26,43,5,,339,169,170,169,170
2012-10-27,43,6,5,86,42,44,42,44
2012-10-28,43,7,5,5,3,2,3,2
2012-10-29,44,1,4,105,64,41,64,41
2012-10-30,44,2,4,309,157,152,157,152
2012-10-31,44,3,4,218,107,111,107,111
2012-11-01,44,4,6,360,170,190,170,190
2012-11-02,44,5,4,594,285,309,285,309
2012-11-03,44,6,5,466,239,227,239,227
2012-11-04,44,7,5,291,139,152,139,152
2012-11-05,45,1,4,429,214,215,214,215
2012-11-06,45,2,4,340,160,180,160,180
2012-11-07,45,3,4,734,366,368,366,368
2012-11-08,45,4,4,617,295,322,295,322
2012-11-09,45,5,4,582,296,286,296,286
2012-11-10,45,6,5,81,39,42,39,42
2012-11-11,45,7,7,122,61,61,61,61
2012-11-12,46,1,,414,205,209,205,209
2012-11-13,46,2,,586,290,296,290,296
2012-11-14,46,3,,791,393,398,393,398
2012-11-15,46,4,,702,340,362,340,362
2012-11-16,46,5,,519,259,260,259,260
2012-11-17,46,6,1,625,287,338,287,338
2012-11-18,46,7,1,693,326,367,326,367
2012-11-19,47,1,,627,316,311,316,311
2012-11-20,47,2,,610,299,311,299,311
2012-11-21,47,3,,519,242,277,242,277
2012-11-22,47,4,,566,280,286,280,286
2012-11-23,47,5,,550,277,273,277,273
2012-11-24,47,6,1,634,301,333,301,333
2012-11-25,47,7,1,400,200,200,200,200
2012-11-26,48,1,,354,180,174,180,174
2012-11-27,48,2,,127,64,63,64,63
2012-11-28,48,3,,135,72,63,72,63
2012-11-29,48,4,,142,66,76,66,76
2012-11-30,48,5,,293,145,148,145,148
2012-12-01,48,6,1,215,101,114,101,114
2012-12-02,48,7,1,54,27,27,27,27
2012-12-03,49,1,,177,89,88,89,88
2012-12-04,49,2,,156,77,79,77,79
2012-12-05,49,3,,179,92,87,92,87
2012-12-06,49,4,,257,131,126,131,126
2012-12-07,49,5,,156,70,86,70,86
2012-12-08,49,6,1,35,12,23,12,23
2012-12-09,49,7,1,92,53,39,53,39
2012-12-10,50,1,,94,47,47,47,47
2012-12-11,50,2,,172,88,84,88,84
2012-12-12,50,3,,226,122,104,122,104
2012-12-13,50,4,,195,101,94,101,94
2012-12-14,50,5,,219,109,110,109,110
2012-12-15,50,6,1,213,108,105,108,105
2012-12-16,50,7,1,262,136,126,136,126
2012-12-17,51,1,,212,109,103,109,103
2012-12-18,51,2,,205,103,102,103,102
2012-12-19,51,3,,352,177,175,177,175
2012-12-20,51,4,,190,95,95,95,95
2012-12-21,51,5,,250,125,125,125,125
2012-12-22,51,6,5,222,108,114,108,114
2012-12-23,51,7,5,338,158,180,158,180
2012-12-24,52,1,4,307,156,151,156,151
2012-12-25,52,2,6,116,59,57,59,57
2012-12-26,52,3,4,337,161,176,161,176
2012-12-27,52,4,4,128,61,67,61,67
2012-12-28,52,5,4,447,221,226,221,226
2012-12-29,52,6,5,553,255,298,255,298
2012-12-30,52,7,5,479,234,245,234,245
2012-12-31,01,1,4,442,218,224,218,224
2013-01-01,01,2,6,76,43,33,43,33
2013-01-02,01,3,4,330,162,168,162,168
2013-01-03,01,4,4,570,276,294,276,294
2013-01-04,01,5,4,542,249,293,249,293
2013-01-05,01,6,5,374,182,192,182,192
2013-01-06,01,7,5,487,247,240,247,240
2013-01-07,02,1,,480,239,241,239,241
2013-01-08,02,2,,525,273,252,273,252
2013-01-09,02,3,,412,212,200,212,200
2013-01-10,02,4,,261,135,126,135,126
2013-01-11,02,5,,134,62,72,62,72
2013-01-12,02,6,1,403,200,203,200,203
2013-01-13,02,7,1,212,109,103,109,103
2013-01-14,03,1,,202,91,111,91,111
2013-01-15,03,2,,219,109,110,109,110
2013-01-16,03,3,,132,72,60,72,60
2013-01-17,03,4,,113,56,57,56,57
2013-01-18,03,5,,137,81,56,81,56
2013-01-19,03,6,1,109,59,50,59,50
2013-01-20,03,7,1,114,59,55,59,55
2013-01-21,04,1,,331,156,175,156,175
2013-01-22,04,2,,467,237,230,237,230
2013-01-23,04,3,,356,184,172,184,172
2013-01-24,04,4,,281,144,137,144,137
2013-01-25,04,5,,296,144,152,144,152
2013-01-26,04,6,1,350,172,178,172,178
2013-01-27,04,7,1,280,124,156,124,156
2013-01-28,05,1,,377,192,185,192,185
2013-01-29,05,2,,454,225,229,225,229
2013-01-30,05,3,,667,339,328,339,328
2013-01-31,05,4,,563,278,285,278,285
2013-02-01,05,5,,217,112,105,112,105
2013-02-02,05,6,1,73,37,36,37,36
2013-02-03,05,7,1,203,95,108,95,108
2013-02-04,06,1,,152,74,78,74,78
2013-02-05,06,2,,292,136,156,136,156
2013-02-06,06,3,,180,91,89,91,89
2013-02-07,06,4,,204,100,104,100,104
2013-02-08,06,5,,332,169,163,169,163
2013-02-09,06,6,1,223,105,118,105,118
2013-02-10,06,7,1,261,121,140,121,140
2013-02-11,07,1,,64,31,33,31,33
2013-02-12,07,2,,28,16,12,16,12
2013-02-13,07,3,,101,61,40,61,40
2013-02-14,07,4,,191,92,99,92,99
2013-02-15,07,5,,160,82,78,82,78
2013-02-16,07,6,1,621,289,332,289,332
2013-02-17,07,7,1,660,317,343,317,343
2013-02-18,08,1,,418,216,202,216,202
2013-02-19,08,2,,627,306,321,306,321
2013-02-20,08,3,,714,346,368,346,368
2013-02-21,08,4,,388,198,190,198,190
2013-02-22,08,5,,278,142,136,142,136
2013-02-23,08,6,5,100,50,50,50,50
2013-02-24,08,7,5,10,6,4,6,4
2013-02-25,09,1,4,283,147,136,147,136
2013-02-26,09,2,4,438,233,205,233,205
2013-02-27,09,3,4,466,228,238,228,238
2013-02-28,09,4,4,525,257,268,257,268
2013-03-01,09,5,4,388,190,198,190,198
2013-03-02,09,6,5,442,221,221,221,221
2013-03-03,09,7,5,724,333,391,333,391
2013-03-04,10,1,4,825,420,405,420,405
2013-03-05,10,2,4,534,262,272,262,272
2013-03-06,10,3,4,484,223,261,223,261
2013-03-07,10,4,4,637,299,338,299,338
2013-03-08,10,5,4,188,92,96,92,96
2013-03-09,10,6,5,1004,466,538,466,538
2013-03-10,10,7,5,1259,577,682,577,682
2013-03-11,11,1,,787,393,394,393,394
2013-03-12,11,2,,519,245,274,245,274
2013-03-13,11,3,,310,161,149,161,149
2013-03-14,11,4,,264,127,137,127,137
2013-03-15,11,5,,336,169,167,169,167
2013-03-16,11,6,1,883,425,458,425,458
2013-03-17,11,7,1,133,71,62,71,62
2013-03-18,12,1,,136,66,70,66,70
2013-03-19,12,2,,697,337,360,337,360
2013-03-20,12,3,,382,190,192,190,192
2013-03-21,12,4,,879,423,456,423,456
2013-03-22,12,5,,897,433,464,433,464
2013-03-23,12,6,1,700,334,366,334,366
2013-03-24,12,7,1,78,44,34,44,34
2013-03-25,13,1,,432,212,220,212,220
2013-03-26,13,2,,575,284,291,284,291
2013-03-27,13,3,,1050,513,537,513,537
2013-03-28,13,4,,122,65,57,65,57
2013-03-29,13,5,,217,111,106,111,106
2013-03-30,13,6,1,226,114,112,114,112
2013-03-31,13,7,1,237,109,128,109,128
2013-04-01,14,1,2,1098,538,560,538,560
2013-04-02,14,2,,708,345,363,345,363
2013-04-03,14,3,,1102,529,573,529,573
2013-04-04,14,4,,580,290,290,290,290
2013-04-05,14,5,,378,190,188,190,188
2013-04-06,14,6,1,470,225,245,225,245
2013-04-07,14,7,1,588,281,307,281,307
2013-04-08,15,1,,377,194,183,194,183
2013-04-09,15,2,,312,161,151,161,151
2013-04-10,15,3,,1205,592,613,592,613
2013-04-11,15,4,,645,336,309,336,309
2013-04-12,15,5,,641,318,323,318,323
2013-04-13,15,6,1,1340,645,695,645,695
2013-04-14,15,7,1,1785,840,945,840,945
2013-04-15,16,1,,1148,579,569,579,569
2013-04-16,16,2,,1336,661,675,661,675
2013-04-17,16,3,,1626,829,797,829,797
2013-04-18,16,4,,1307,638,669,638,669
2013-04-19,16,5,,144,79,65,79,65
2013-04-20,16,6,5,230,113,117,113,117
2013-04-21,16,7,5,533,259,274,259,274
2013-04-22,17,1,4,652,327,325,327,325
2013-04-23,17,2,4,1267,621,646,621,646
2013-04-24,17,3,4,1610,808,802,808,802
2013-04-25,17,4,4,1652,828,824,828,824
2013-04-26,17,5,4,327,159,168,159,168
2013-04-27,17,6,5,44,23,21,23,21
2013-04-28,17,7,5,382,190,192,190,192
2013-04-29,18,1,4,227,115,112,115,112
2013-04-30,18,2,4,516,244,272,244,272
2013-05-01,18,3,6,907,428,479,428,479
2013-05-02,18,4,4,767,387,380,387,380
2013-05-03,18,5,4,320,161,159,161,159
2013-05-04,18,6,5,855,401,454,401,454
2013-05-05,18,7,5,1090,526,564,526,564
2013-05-06,19,1,,584,310,274,310,274
2013-05-07,19,2,,996,505,491,505,491
2013-05-08,19,3,2,1669,818,851,818,851
2013-05-09,19,4,2,547,262,285,262,285
2013-05-10,19,5,,237,126,111,126,111
2013-05-11,19,6,1,614,299,315,299,315
2013-05-12,19,7,1,766,367,399,367,399
2013-05-13,20,1,,1191,604,587,604,587
2013-05-14,20,2,,1425,720,705,720,705
2013-05-15,20,3,,386,203,183,203,183
2013-05-16,20,4,,145,73,72,73,72
2013-05-17,20,5,,430,208,222,208,222
2013-05-18,20,6,1,388,191,197,191,197
2013-05-19,20,7,1,345,161,184,161,184
2013-05-20,21,1,2,1840,890,950,890,950
2013-05-21,21,2,,551,286,265,286,265
2013-05-22,21,3,,440,217,223,217,223
2013-05-23,21,4,,647,317,330,317,330
2013-05-24,21,5,,355,180,175,180,175
2013-05-25,21,6,1,269,116,153,116,153
2013-05-26,21,7,1,679,327,352,327,352
2013-05-27,22,1,,1314,655,659,655,659
2013-05-28,22,2,,454,230,224,230,224
2013-05-29,22,3,,457,227,230,227,230
2013-05-30,22,4,,549,260,289,260,289
2013-05-31,22,5,,473,235,238,235,238
2013-06-01,22,6,1,275,134,141,134,141
2013-06-02,22,7,1,697,322,375,322,375
2013-06-03,23,1,,1014,495,519,495,519
2013-06-04,23,2,,1243,616,627,616,627
2013-06-05,23,3,,1330,646,684,646,684
2013-06-06,23,4,,1224,602,622,602,622
2013-06-07,23,5,,1156,577,579,577,579
2013-06-08,23,6,1,905,447,458,447,458
2013-06-09,23,7,1,692,334,358,334,358
2013-06-10,24,1,,872,426,446,426,446
2013-06-11,24,2,,1258,605,653,605,653
2013-06-12,24,3,,1545,773,772,773,772
2013-06-13,24,4,,1308,626,682,626,682
2013-06-14,24,5,,842,417,425,417,425
2013-06-15,24,6,1,1208,585,623,585,623
2013-06-16,24,7,1,1035,482,553,482,553
2013-06-17,25,1,,1099,548,551,548,551
2013-06-18,25,2,,1225,594,631,594,631
2013-06-19,25,3,,1029,508,521,508,521
2013-06-20,25,4,,657,317,340,317,340
2013-06-21,25,5,,1090,536,554,536,554
2013-06-22,25,6,1,1071,504,567,504,567
2013-06-23,25,7,1,948,462,486,462,486
2013-06-24,26,1,,448,221,227,221,227
2013-06-25,26,2,,1080,535,545,535,545
2013-06-26,26,3,,1194,589,605,589,605
2013-06-27,26,4,,996,485,511,485,511
2013-06-28,26,5,,813,396,417,396,417
2013-06-29,26,6,1,254,117,137,117,137
2013-06-30,26,7,1,1340,642,698,642,698
2013-07-01,27,1,,1391,719,672,719,672
2013-07-02,27,2,,1444,721,723,721,723
2013-07-03,27,3,,509,248,261,248,261
2013-07-04,27,4,,987,491,496,491,496
2013-07-05,27,5,,1105,547,558,547,558
2013-07-06,27,6,5,1079,534,545,534,545
2013-07-07,27,7,5,902,439,463,439,463
2013-07-08,28,1,4,1008,514,494,514,494
2013-07-09,28,2,4,1169,578,591,578,591
2013-07-10,28,3,4,987,492,495,492,495
2013-07-11,28,4,4,1194,579,615,579,615
2013-07-12,28,5,4,1179,597,582,597,582
2013-07-13,28,6,5,925,432,493,432,493
2013-07-14,28,7,7,900,438,462,438,462
2013-07-15,29,1,4,1044,515,529,515,529
2013-07-16,29,2,4,1314,655,659,655,659
2013-07-17,29,3,4,1062,511,551,511,551
2013-07-18,29,4,4,764,374,390,374,390
2013-07-19,29,5,4,877,423,454,423,454
2013-07-20,29,6,5,1025,501,524,501,524
2013-07-21,29,7,5,1024,460,564,460,564
2013-07-22,30,1,4,894,462,432,462,432
2013-07-23,30,2,4,1122,549,573,549,573
2013-07-24,30,3,4,1077,566,511,566,511
2013-07-25,30,4,4,1027,531,496,531,496
2013-07-26,30,5,4,861,422,439,422,439
2013-07-27,30,6,5,667,319,348,319,348
2013-07-28,30,7,5,505,247,258,247,258
2013-07-29,31,1,4,410,197,213,197,213
2013-07-30,31,2,4,1233,615,618,615,618
2013-07-31,31,3,4,1243,605,638,605,638
2013-08-01,31,4,4,1003,515,488,515,488
2013-08-02,31,5,4,798,391,407,391,407
2013-08-03,31,6,5,818,395,423,395,423
2013-08-04,31,7,5,664,330,334,330,334
2013-08-05,32,1,4,812,394,418,394,418
2013-08-06,32,2,4,1053,513,540,513,540
2013-08-07,32,3,4,214,101,113,101,113
2013-08-08,32,4,4,378,183,195,183,195
2013-08-09,32,5,4,719,369,350,369,350
2013-08-10,32,6,5,953,462,491,462,491
2013-08-11,32,7,5,858,431,427,431,427
2013-08-12,33,1,4,1116,542,574,542,574
2013-08-13,33,2,4,941,459,482,459,482
2013-08-14,33,3,4,868,416,452,416,452
2013-08-15,33,4,6,849,413,436,413,436
2013-08-16,33,5,4,799,404,395,404,395
2013-08-17,33,6,5,883,431,452,431,452
2013-08-18,33,7,5,801,396,405,396,405
2013-08-19,34,1,4,896,424,472,424,472
2013-08-20,34,2,4,1188,572,616,572,616
2013-08-21,34,3,4,1196,590,606,590,606
2013-08-22,34,4,4,1139,548,591,548,591
2013-08-23,34,5,4,1058,516,542,516,542
2013-08-24,34,6,5,536,257,279,257,279
2013-08-25,34,7,5,771,361,410,361,410
2013-08-26,35,1,4,1041,498,543,498,543
2013-08-27,35,2,4,883,423,460,423,460
2013-08-28,35,3,4,1012,489,523,489,523
2013-08-29,35,4,4,1194,585,609,585,609
2013-08-30,35,5,4,1066,532,534,532,534
2013-08-31,35,6,5,1170,536,634,536,634
2013-09-01,35,7,5,1261,595,666,595,666
2013-09-02,36,1,4,1231,594,637,594,637
2013-09-03,36,2,,1296,642,654,642,654
2013-09-04,36,3,,1393,697,696,697,696
2013-09-05,36,4,,1180,577,603,577,603
2013-09-06,36,5,,1039,509,530,509,530
2013-09-07,36,6,1,1063,534,529,534,529
2013-09-08,36,7,1,243,125,118,125,118
2013-09-09,37,1,,1092,527,565,527,565
2013-09-10,37,2,,1041,491,550,491,550
2013-09-11,37,3,,1050,525,525,525,525
2013-09-12,37,4,,706,335,371,335,371
2013-09-13,37,5,,929,454,475,454,475
2013-09-14,37,6,1,1117,547,570,547,570
2013-09-15,37,7,1,219,112,107,112,107
2013-09-16,38,1,,502,251,251,251,251
2013-09-17,38,2,,676,333,343,333,343
2013-09-18,38,3,,457,211,246,211,246
2013-09-19,38,4,,969,481,488,481,488
2013-09-20,38,5,,1039,527,512,527,512
2013-09-21,38,6,1,934,463,471,463,471
2013-09-22,38,7,1,1140,564,576,564,576
2013-09-23,39,1,,1225,592,633,592,633
2013-09-24,39,2,,1172,585,587,585,587
2013-09-25,39,3,,1344,658,686,658,686
2013-09-26,39,4,,989,485,504,485,504
2013-09-27,39,5,,998,503,495,503,495
2013-09-28,39,6,1,885,409,476,409,476
2013-09-29,39,7,1,291,145,146,145,146
2013-09-30,40,1,,681,328,353,328,353
2013-10-01,40,2,,1027,510,517,510,517
2013-10-02,40,3,,1232,608,624,608,624
2013-10-03,40,4,,999,483,516,483,516
2013-10-04,40,5,,618,312,306,312,306
2013-10-05,40,6,1,302,142,160,142,160
2013-10-06,40,7,1,541,274,267,274,267
2013-10-07,41,1,,638,308,330,308,330
2013-10-08,41,2,,764,378,386,378,386
2013-10-09,41,3,,824,385,439,385,439
2013-10-10,41,4,,417,200,217,200,217
2013-10-11,41,5,,439,221,218,221,218
2013-10-12,41,6,1,391,185,206,185,206
2013-10-13,41,7,1,533,248,285,248,285
2013-10-14,42,1,,434,216,218,216,218
2013-10-15,42,2,,345,167,178,167,178
2013-10-16,42,3,,549,267,282,267,282
2013-10-17,42,4,,877,416,461,416,461
2013-10-18,42,5,,788,376,412,376,412
2013-10-19,42,6,5,1039,514,525,514,525
2013-10-20,42,7,5,216,107,109,107,109
2013-10-21,43,1,4,969,476,493,476,493
2013-10-22,43,2,4,886,487,399,487,399
2013-10-23,43,3,4,339,158,181,158,181
2013-10-24,43,4,4,965,485,480,485,480
2013-10-25,43,5,4,1002,491,511,491,511
2013-10-26,43,6,5,0,0,0,0,0
2013-10-27,43,7,5,399,194,205,194,205
2013-10-28,44,1,4,1204,608,596,608,596
2013-10-29,44,2,4,503,248,255,248,255
2013-10-30,44,3,4,711,345,366,345,366
2013-10-31,44,4,4,671,343,328,343,328
2013-11-01,44,5,6,652,304,348,304,348
2013-11-02,44,6,5,366,167,199,167,199
2013-11-03,44,7,5,351,178,173,178,173
2013-11-04,45,1,,201,100,101,100,101
2013-11-05,45,2,,419,212,207,212,207
2013-11-06,45,3,,494,254,240,254,240
2013-11-07,45,4,,905,445,460,445,460
2013-11-08,45,5,,643,322,321,322,321
2013-11-09,45,6,1,685,334,351,334,351
2013-11-10,45,7,1,40,24,16,24,16
2013-11-11,46,1,2,530,259,271,259,271
2013-11-12,46,2,,669,343,326,343,326
2013-11-13,46,3,,546,274,272,274,272
2013-11-14,46,4,,412,206,206,206,206
2013-11-15,46,5,,253,127,126,127,126
2013-11-16,46,6,1,519,266,253,266,253
2013-11-17,46,7,1,387,183,204,183,204
2013-11-18,47,1,,470,237,233,237,233
2013-11-19,47,2,,308,155,153,155,153
2013-11-20,47,3,,189,91,98,91,98
2013-11-21,47,4,,225,117,108,117,108
2013-11-22,47,5,,297,152,145,152,145
2013-11-23,47,6,1,153,74,79,74,79
2013-11-24,47,7,1,127,62,65,62,65
2013-11-25,48,1,,427,215,212,215,212
2013-11-26,48,2,,497,252,245,252,245
2013-11-27,48,3,,489,239,250,239,250
2013-11-28,48,4,,392,211,181,211,181
2013-11-29,48,5,,370,186,184,186,184
2013-11-30,48,6,1,106,48,58,48,58
2013-12-01,48,7,1,177,85,92,85,92
2013-12-02,49,1,,449,230,219,230,219
2013-12-03,49,2,,523,270,253,270,253
2013-12-04,49,3,,547,294,253,294,253
2013-12-05,49,4,,391,207,184,207,184
2013-12-06,49,5,,384,186,198,186,198
2013-12-07,49,6,1,396,200,196,200,196
2013-12-08,49,7,1,364,170,194,170,194
2013-12-09,50,1,,502,250,252,250,252
2013-12-10,50,2,,494,258,236,258,236
2013-12-11,50,3,,472,238,234,238,234
2013-12-12,50,4,,430,224,206,224,206
2013-12-13,50,5,,356,181,175,181,175
2013-12-14,50,6,1,357,174,183,174,183
2013-12-15,50,7,1,338,181,157,181,157
2013-12-16,51,1,,568,275,293,275,293
2013-12-17,51,2,,422,211,211,211,211
2013-12-18,51,3,,465,243,222,243,222
2013-12-19,51,4,,190,102,88,102,88
2013-12-20,51,5,,123,59,64,59,64
2013-12-21,51,6,5,356,173,183,173,183
2013-12-22,51,7,5,425,210,215,210,215
2013-12-23,52,1,4,479,242,237,242,237
2013-12-24,52,2,4,199,98,101,98,101
2013-12-25,52,3,6,15,10,5,10,5
2013-12-26,52,4,4,39,20,19,20,19
2013-12-27,52,5,4,422,222,200,222,200
2013-12-28,52,6,5,188,93,95,93,95
2013-12-29,52,7,5,436,222,214,222,214
2013-12-30,01,1,4,479,247,232,247,232
2013-12-31,01,2,4,402,186,216,186,216
2014-01-01,01,3,6,402,200,202,200,202
2014-01-02,01,4,4,220,115,105,115,105
2014-01-03,01,5,4,142,71,71,71,71
2014-01-04,01,6,5,40,20,20,20,20
2014-01-05,01,7,5,570,275,295,275,295
2014-01-06,02,1,,555,272,283,272,283
2014-01-07,02,2,,608,312,296,312,296
2014-01-08,02,3,,695,348,347,348,347
2014-01-09,02,4,,603,287,316,287,316
2014-01-10,02,5,,613,299,314,299,314
2014-01-11,02,6,1,551,275,276,275,276
2014-01-12,02,7,1,900,414,486,414,486
2014-01-13,03,1,,276,134,142,134,142
2014-01-14,03,2,,315,165,150,165,150
2014-01-15,03,3,,610,317,293,317,293
2014-01-16,03,4,,292,143,149,143,149
2014-01-17,03,5,,262,135,127,135,127
2014-01-18,03,6,1,487,241,246,241,246
2014-01-19,03,7,1,145,75,70,75,70
2014-01-20,04,1,,247,126,121,126,121
2014-01-21,04,2,,352,173,179,173,179
2014-01-22,04,3,,714,336,378,336,378
2014-01-23,04,4,,345,177,168,177,168
2014-01-24,04,5,,252,129,123,129,123
2014-01-25,04,6,1,655,327,328,327,328
2014-01-26,04,7,1,301,141,160,141,160
2014-01-27,05,1,,476,234,242,234,242
2014-01-28,05,2,,631,318,313,318,313
2014-01-29,05,3,,245,127,118,127,118
2014-01-30,05,4,,286,146,140,146,140
2014-01-31,05,5,,458,229,229,229,229
2014-02-01,05,6,1,338,164,174,164,174
2014-02-02,05,7,1,127,56,71,56,71
2014-02-03,06,1,,770,376,394,376,394
2014-02-04,06,2,,484,241,243,241,243
2014-02-05,06,3,,212,102,110,102,110
2014-02-06,06,4,,636,312,324,312,324
2014-02-07,06,5,,154,75,79,75,79
2014-02-08,06,6,1,281,143,138,143,138
2014-02-09,06,7,1,682,317,365,317,365
2014-02-10,07,1,,261,129,132,129,132
2014-02-11,07,2,,585,294,291,294,291
2014-02-12,07,3,,858,445,413,445,413
2014-02-13,07,4,,0,0,0,0,0
2014-02-14,07,5,,400,195,205,195,205
2014-02-15,07,6,1,711,344,367,344,367
2014-02-16,07,7,1,65,33,32,33,32
2014-02-17,08,1,,744,351,393,351,393
2014-02-18,08,2,,667,336,331,336,331
2014-02-19,08,3,,583,293,290,293,290
2014-02-20,08,4,,959,470,489,470,489
2014-02-21,08,5,,188,89,99,89,99
2014-02-22,08,6,1,1069,519,550,519,550
2014-02-23,08,7,1,1267,634,633,634,633
2014-02-24,09,1,,1084,505,579,505,579
2014-02-25,09,2,,716,363,353,363,353
2014-02-26,09,3,,127,64,63,64,63
2014-02-27,09,4,,488,231,257,231,257
2014-02-28,09,5,,211,109,102,109,102
2014-03-01,09,6,5,341,160,181,160,181
2014-03-02,09,7,5,633,300,333,300,333
2014-03-03,10,1,4,220,109,111,109,111
2014-03-04,10,2,4,207,105,102,105,102
2014-03-05,10,3,4,662,317,345,317,345
2014-03-06,10,4,4,993,497,496,497,496
2014-03-07,10,5,4,954,476,478,476,478
2014-03-08,10,6,5,1329,628,701,628,701
2014-03-09,10,7,5,1233,574,659,574,659
2014-03-10,11,1,4,1118,549,569,549,569
2014-03-11,11,2,4,892,449,443,449,443
2014-03-12,11,3,4,1144,572,572,572,572
2014-03-13,11,4,4,1067,520,547,520,547
2014-03-14,11,5,4,952,468,484,468,484
2014-03-15,11,6,5,813,373,440,373,440
2014-03-16,11,7,5,1033,474,559,474,559
2014-03-17,12,1,,1091,540,551,540,551
2014-03-18,12,2,,1189,580,609,580,609
2014-03-19,12,3,,981,469,512,469,512
2014-03-20,12,4,,1134,548,586,548,586
2014-03-21,12,5,,982,483,499,483,499
2014-03-22,12,6,1,191,99,92,99,92
2014-03-23,12,7,1,166,81,85,81,85
2014-03-24,13,1,,320,161,159,161,159
2014-03-25,13,2,,602,295,307,295,307
2014-03-26,13,3,,787,385,402,385,402
2014-03-27,13,4,,868,432,436,432,436
2014-03-28,13,5,,919,435,484,435,484
2014-03-29,13,6,1,1185,576,609,576,609
2014-03-30,13,7,1,1179,536,643,536,643
2014-03-31,14,1,,1090,526,564,526,564
2014-04-01,14,2,,1142,546,596,546,596
2014-04-02,14,3,,1196,587,609,587,609
2014-04-03,14,4,,768,382,386,382,386
2014-04-04,14,5,,606,289,317,289,317
2014-04-05,14,6,1,610,300,310,300,310
2014-04-06,14,7,1,1552,761,791,761,791
2014-04-07,15,1,,1419,681,738,681,738
2014-04-08,15,2,,517,248,269,248,269
2014-04-09,15,3,,1373,664,709,664,709
2014-04-10,15,4,,1313,663,650,663,650
2014-04-11,15,5,,1030,510,520,510,520
2014-04-12,15,6,1,1364,674,690,674,690
2014-04-13,15,7,1,1270,588,682,588,682
2014-04-14,16,1,,1196,584,612,584,612
2014-04-15,16,2,,985,488,497,488,497
2014-04-16,16,3,,1373,668,705,668,705
2014-04-17,16,4,,1157,563,594,563,594
2014-04-18,16,5,,677,328,349,328,349
2014-04-19,16,6,1,643,314,329,314,329
2014-04-20,16,7,1,616,308,308,308,308
2014-04-21,17,1,2,454,214,240,214,240
2014-04-22,17,2,,747,367,380,367,380
2014-04-23,17,3,,1259,613,646,613,646
2014-04-24,17,4,,1172,588,584,588,584
2014-04-25,17,5,,431,209,222,209,222
2014-04-26,17,6,5,1069,501,568,501,568
2014-04-27,17,7,5,612,266,346,266,346
2014-04-28,18,1,4,515,256,259,256,259
2014-04-29,18,2,4,1048,537,511,537,511
2014-04-30,18,3,4,412,196,216,196,216
2014-05-01,18,4,6,1238,571,667,571,667
2014-05-02,18,5,4,90,42,48,42,48
2014-05-03,18,6,5,204,72,132,72,132
2014-05-04,18,7,5,689,343,346,343,346
2014-05-05,19,1,4,1439,706,733,706,733
2014-05-06,19,2,4,948,448,500,448,500
2014-05-07,19,3,4,299,145,154,145,154
2014-05-08,19,4,6,1533,723,810,723,810
2014-05-09,19,5,4,1079,529,550,529,550
2014-05-10,19,6,5,1108,523,585,523,585
2014-05-11,19,7,5,545,254,291,254,291
2014-05-12,20,1,,787,389,398,389,398
2014-05-13,20,2,,520,245,275,245,275
2014-05-14,20,3,,666,320,346,320,346
2014-05-15,20,4,,907,464,443,464,443
2014-05-16,20,5,,869,428,441,428,441
2014-05-17,20,6,1,1302,631,671,631,671
2014-05-18,20,7,1,1534,748,786,748,786
2014-05-19,21,1,,971,467,504,467,504
2014-05-20,21,2,,1054,529,525,529,525
2014-05-21,21,3,,1077,526,551,526,551
2014-05-22,21,4,,579,282,297,282,297
2014-05-23,21,5,,967,492,475,492,475
2014-05-24,21,6,1,1306,635,671,635,671
2014-05-25,21,7,1,836,398,438,398,438
2014-05-26,22,1,,552,272,280,272,280
2014-05-27,22,2,,368,182,186,182,186
2014-05-28,22,3,,964,454,510,454,510
2014-05-29,22,4,2,1152,585,567,585,567
2014-05-30,22,5,,857,422,435,422,435
2014-05-31,22,6,1,972,462,510,462,510
2014-06-01,22,7,1,1300,600,700,600,700
2014-06-02,23,1,,908,454,454,454,454
2014-06-03,23,2,,1255,636,619,636,619
2014-06-04,23,3,,492,246,246,246,246
2014-06-05,23,4,,1248,619,629,619,629
2014-06-06,23,5,,998,505,493,505,493
2014-06-07,23,6,1,1151,541,610,541,610
2014-06-08,23,7,1,870,418,452,418,452
2014-06-09,24,1,2,1139,569,570,569,570
2014-06-10,24,2,,798,409,389,409,389
2014-06-11,24,3,,1070,541,529,541,529
2014-06-12,24,4,,1074,549,525,549,525
2014-06-13,24,5,,1048,515,533,515,533
2014-06-14,24,6,1,923,456,467,456,467
2014-06-15,24,7,1,443,189,254,189,254
2014-06-16,25,1,,986,481,505,481,505
2014-06-17,25,2,,857,441,416,441,416
2014-06-18,25,3,,521,246,275,246,275
2014-06-19,25,4,,1163,571,592,571,592
2014-06-20,25,5,,1152,574,578,574,578
2014-06-21,25,6,1,937,472,465,472,465
2014-06-22,25,7,1,988,488,500,488,500
2014-06-23,26,1,,948,469,479,469,479
2014-06-24,26,2,,935,472,463,472,463
2014-06-25,26,3,,1001,516,485,516,485
2014-06-26,26,4,,1229,607,622,607,622
2014-06-27,26,5,,1050,537,513,537,513
2014-06-28,26,6,1,828,406,422,406,422
2014-06-29,26,7,1,404,199,205,199,205
2014-06-30,27,1,,756,378,378,378,378
2014-07-01,27,2,,1213,633,580,633,580
2014-07-02,27,3,,581,284,297,284,297
2014-07-03,27,4,,1350,672,678,672,678
2014-07-04,27,5,,561,285,276,285,276
2014-07-05,27,6,5,903,440,463,440,463
2014-07-06,27,7,5,869,425,444,425,444
2014-07-07,28,1,4,418,233,185,233,185
2014-07-08,28,2,4,375,178,197,178,197
2014-07-09,28,3,4,151,69,82,69,82
2014-07-10,28,4,4,171,95,76,95,76
2014-07-11,28,5,4,480,236,244,236,244
2014-07-12,28,6,5,228,97,131,97,131
2014-07-13,28,7,5,861,415,446,415,446
2014-07-14,29,1,6,0,0,0,0,0
2014-07-15,29,2,4,73,32,41,32,41
2014-07-16,29,3,4,0,0,0,0,0
2014-07-17,29,4,4,0,0,0,0,0
2014-07-18,29,5,4,0,0,0,0,0
2014-07-19,29,6,5,0,0,0,0,0
2014-07-20,29,7,5,0,0,0,0,0
2014-07-21,30,1,4,851,789,62,789,62
2014-07-22,30,2,4,425,199,226,199,226
2014-07-23,30,3,4,1073,529,544,529,544
2014-07-24,30,4,4,33,14,19,14,19
2014-07-25,30,5,4,0,0,0,0,0
2014-07-26,30,6,5,0,0,0,0,0
2014-07-27,30,7,5,0,0,0,0,0
2014-07-28,31,1,4,0,0,0,0,0
2014-07-29,31,2,4,0,0,0,0,0
2014-07-30,31,3,4,0,0,0,0,0
2014-07-31,31,4,4,0,0,0,0,0
2014-08-01,31,5,4,0,0,0,0,0
2014-08-02,31,6,5,0,0,0,0,0
2014-08-03,31,7,5,0,0,0,0,0
2014-08-04,32,1,4,0,0,0,0,0
2014-08-05,32,2,4,0,0,0,0,0
2014-08-06,32,3,4,0,0,0,0,0
2014-08-07,32,4,4,0,0,0,0,0
2014-08-08,32,5,4,0,0,0,0,0
2014-08-09,32,6,5,0,0,0,0,0
2014-08-10,32,7,5,0,0,0,0,0
2014-08-11,33,1,4,0,0,0,0,0
2014-08-12,33,2,4,1778,53,1725,53,1725
2014-08-13,33,3,4,378,188,190,188,190
2014-08-14,33,4,4,574,276,298,276,298
2014-08-15,33,5,6,0,0,0,0,0
2014-08-16,33,6,5,0,0,0,0,0
2014-08-17,33,7,5,0,0,0,0,0
2014-08-18,34,1,4,0,0,0,0,0
2014-08-19,34,2,4,0,0,0,0,0
2014-08-20,34,3,4,0,0,0,0,0
2014-08-21,34,4,4,0,0,0,0,0
2014-08-22,34,5,4,0,0,0,0,0
2014-08-23,34,6,5,0,0,0,0,0
2014-08-24,34,7,5,0,0,0,0,0
2014-08-25,35,1,4,0,0,0,0,0
2014-08-26,35,2,4,0,0,0,0,0
2014-08-27,35,3,4,0,0,0,0,0
2014-08-28,35,4,4,0,0,0,0,0
2014-08-29,35,5,4,0,0,0,0,0
2014-08-30,35,6,5,0,0,0,0,0
2014-08-31,35,7,5,0,0,0,0,0
2014-09-01,36,1,,0,0,0,0,0
2014-09-02,36,2,,0,0,0,0,0
2014-09-03,36,3,,0,0,0,0,0
2014-09-04,36,4,,0,0,0,0,0
2014-09-05,36,5,,0,0,0,0,0
2014-09-06,36,6,1,0,0,0,0,0
2014-09-07,36,7,1,0,0,0,0,0
2014-09-08,37,1,,0,0,0,0,0
2014-09-09,37,2,,0,0,0,0,0
2014-09-10,37,3,,0,0,0,0,0
2014-09-11,37,4,,0,0,0,0,0
2014-09-12,37,5,,62,34,28,34,28
2014-09-13,37,6,1,1164,554,610,554,610
2014-09-14,37,7,1,1309,620,689,620,689
2014-09-15,38,1,,961,462,499,462,499
2014-09-16,38,2,,1086,544,542,544,542
2014-09-17,38,3,,1045,501,544,501,544
2014-09-18,38,4,,512,252,260,252,260
2014-09-19,38,5,,560,277,283,277,283
2014-09-20,38,6,1,1003,442,561,442,561
2014-09-21,38,7,1,932,427,505,427,505
2014-09-22,39,1,,805,389,416,389,416
2014-09-23,39,2,,1034,501,533,501,533
2014-09-24,39,3,,403,193,210,193,210
2014-09-25,39,4,,762,380,382,380,382
2014-09-26,39,5,,924,435,489,435,489
2014-09-27,39,6,1,1017,474,543,474,543
2014-09-28,39,7,1,1294,583,711,583,711
2014-09-29,40,1,,722,358,364,358,364
2014-09-30,40,2,,387,184,203,184,203
2014-10-01,40,3,,973,463,510,463,510
2014-10-02,40,4,,960,479,481,479,481
2014-10-03,40,5,,979,478,501,478,501
2014-10-04,40,6,1,1016,460,556,460,556
2014-10-05,40,7,1,507,248,259,248,259
2014-10-06,41,1,,860,431,429,431,429
2014-10-07,41,2,,554,268,286,268,286
2014-10-08,41,3,,933,454,479,454,479
2014-10-09,41,4,,891,444,447,444,447
2014-10-10,41,5,,447,227,220,227,220
2014-10-11,41,6,1,579,259,320,259,320
2014-10-12,41,7,1,721,331,390,331,390
2014-10-13,42,1,,374,185,189,185,189
2014-10-14,42,2,,832,412,420,412,420
2014-10-15,42,3,,926,441,485,441,485
2014-10-16,42,4,,715,354,361,354,361
2014-10-17,42,5,,831,409,422,409,422
2014-10-18,42,6,5,1152,543,609,543,609
2014-10-19,42,7,5,1226,588,638,588,638
2014-10-20,43,1,4,1075,504,571,504,571
2014-10-21,43,2,4,939,439,500,439,500
2014-10-22,43,3,4,265,135,130,135,130
2014-10-23,43,4,4,636,311,325,311,325
2014-10-24,43,5,4,697,333,364,333,364
2014-10-25,43,6,5,855,376,479,376,479
2014-10-26,43,7,5,827,382,445,382,445
2014-10-27,44,1,4,788,366,422,366,422
2014-10-28,44,2,4,948,447,501,447,501
2014-10-29,44,3,4,938,431,507,431,507
2014-10-30,44,4,4,959,468,491,468,491
2014-10-31,44,5,4,875,407,468,407,468
2014-11-01,44,6,7,944,420,524,420,524
2014-11-02,44,7,5,969,452,517,452,517
2014-11-03,45,1,,603,307,296,307,296
2014-11-04,45,2,,196,98,98,98,98
2014-11-05,45,3,,176,90,86,90,86
2014-11-06,45,4,,500,246,254,246,254
2014-11-07,45,5,,596,268,328,268,328
2014-11-08,45,6,1,789,369,420,369,420
2014-11-09,45,7,1,186,89,97,89,97
2014-11-10,46,1,,126,64,62,64,62
2014-11-11,46,2,2,535,256,279,256,279
2014-11-12,46,3,,267,126,141,126,141
2014-11-13,46,4,,719,356,363,356,363
2014-11-14,46,5,,496,249,247,249,247
2014-11-15,46,6,1,60,32,28,32,28
2014-11-16,46,7,1,618,260,358,260,358
2014-11-17,47,1,,225,110,115,110,115
2014-11-18,47,2,,368,181,187,181,187
2014-11-19,47,3,,692,328,364,328,364
2014-11-20,47,4,,690,328,362,328,362
2014-11-21,47,5,,671,322,349,322,349
2014-11-22,47,6,1,796,360,436,360,436
2014-11-23,47,7,1,654,296,358,296,358
2014-11-24,48,1,,718,346,372,346,372
2014-11-25,48,2,,597,293,304,293,304
2014-11-26,48,3,,315,161,154,161,154
2014-11-27,48,4,,545,261,284,261,284
2014-11-28,48,5,,611,296,315,296,315
2014-11-29,48,6,1,557,262,295,262,295
2014-11-30,48,7,1,143,67,76,67,76
2014-12-01,49,1,,196,96,100,96,100
2014-12-02,49,2,,433,218,215,218,215
2014-12-03,49,3,,500,243,257,243,257
2014-12-04,49,4,,313,154,159,154,159
2014-12-05,49,5,,358,174,184,174,184
2014-12-06,49,6,1,153,70,83,70,83
2014-12-07,49,7,1,0,0,0,0,0
2014-12-08,50,1,,467,239,228,239,228
2014-12-09,50,2,,251,118,133,118,133
2014-12-10,50,3,,451,225,226,225,226
2014-12-11,50,4,,377,192,185,192,185
2014-12-12,50,5,,411,209,202,209,202
2014-12-13,50,6,1,378,177,201,177,201
2014-12-14,50,7,1,343,169,174,169,174
2014-12-15,51,1,,555,275,280,275,280
2014-12-16,51,2,,545,265,280,265,280
2014-12-17,51,3,,283,136,147,136,147
2014-12-18,51,4,,232,118,114,118,114
2014-12-19,51,5,,574,284,290,284,290
2014-12-20,51,6,5,472,223,249,223,249
2014-12-21,51,7,5,575,235,340,235,340
2014-12-22,52,1,4,585,301,284,301,284
2014-12-23,52,2,4,593,272,321,272,321
2014-12-24,52,3,4,330,175,155,175,155
2014-12-25,52,4,6,121,63,58,63,58
2014-12-26,52,5,4,376,182,194,182,194
2014-12-27,52,6,5,52,28,24,28,24
2014-12-28,52,7,5,33,17,16,17,16
2014-12-29,01,1,4,161,81,80,81,80
2014-12-30,01,2,4,149,71,78,71,78
2014-12-31,01,3,4,170,81,89,81,89
2015-01-01,01,4,6,170,82,88,82,88
2015-01-02,01,5,4,302,163,139,163,139
2015-01-03,01,6,5,391,184,207,184,207
2015-01-04,01,7,5,158,78,80,78,80
2015-01-05,02,1,,589,294,295,294,295
2015-01-06,02,2,,520,258,262,258,262
2015-01-07,02,3,,516,256,260,256,260
2015-01-08,02,4,,481,233,248,233,248
2015-01-09,02,5,,381,182,199,182,199
2015-01-10,02,6,1,822,377,445,377,445
2015-01-11,02,7,1,139,67,72,67,72
2015-01-12,03,1,,643,309,334,309,334
2015-01-13,03,2,,539,270,269,270,269
2015-01-14,03,3,,479,235,244,235,244
2015-01-15,03,4,,624,304,320,304,320
2015-01-16,03,5,,281,135,146,135,146
2015-01-17,03,6,1,103,49,54,49,54
2015-01-18,03,7,1,357,173,184,173,184
2015-01-19,04,1,,356,182,174,182,174
2015-01-20,04,2,,172,80,92,80,92
2015-01-21,04,3,,289,149,140,149,140
2015-01-22,04,4,,388,195,193,195,193
2015-01-23,04,5,,292,142,150,142,150
2015-01-24,04,6,1,228,107,121,107,121
2015-01-25,04,7,1,126,56,70,56,70
2015-01-26,05,1,,383,186,197,186,197
2015-01-27,05,2,,271,136,135,136,135
2015-01-28,05,3,,525,255,270,255,270
2015-01-29,05,4,,163,81,82,81,82
2015-01-30,05,5,,245,127,118,127,118
2015-01-31,05,6,1,252,128,124,128,124
2015-02-01,05,7,1,32,10,22,10,22
2015-02-02,06,1,,132,72,60,72,60
2015-02-03,06,2,,265,123,142,123,142
2015-02-04,06,3,,155,85,70,85,70
2015-02-05,06,4,,174,84,90,84,90
2015-02-06,06,5,,174,91,83,91,83
2015-02-07,06,6,5,164,87,77,87,77
2015-02-08,06,7,5,178,85,93,85,93
2015-02-09,07,1,4,481,241,240,241,240
2015-02-10,07,2,4,436,213,223,213,223
2015-02-11,07,3,4,540,272,268,272,268
2015-02-12,07,4,4,646,318,328,318,328
2015-02-13,07,5,4,474,225,249,225,249
2015-02-14,07,6,5,219,116,103,116,103
2015-02-15,07,7,5,196,95,101,95,101
2015-02-16,08,1,4,493,237,256,237,256
2015-02-17,08,2,4,430,208,222,208,222
2015-02-18,08,3,4,466,226,240,226,240
2015-02-19,08,4,4,726,352,374,352,374
2015-02-20,08,5,4,726,340,386,340,386
2015-02-21,08,6,5,86,41,45,41,45
2015-02-22,08,7,5,115,44,71,44,71
2015-02-23,09,1,4,248,124,124,124,124
2015-02-24,09,2,,302,145,157,145,157
2015-02-25,09,3,,564,265,299,265,299
2015-02-26,09,4,,596,297,299,297,299
2015-02-27,09,5,,192,91,101,91,101
2015-02-28,09,6,1,553,249,304,249,304
2015-03-01,09,7,1,96,43,53,43,53
2015-03-02,10,1,,249,120,129,120,129
2015-03-03,10,2,,847,407,440,407,440
2015-03-04,10,3,,278,138,140,138,140
2015-03-05,10,4,,471,223,248,223,248
2015-03-06,10,5,,767,368,399,368,399
2015-03-07,10,6,1,895,416,479,416,479
2015-03-08,10,7,1,1016,462,554,462,554
2015-03-09,11,1,,927,444,483,444,483
2015-03-10,11,2,,882,415,467,415,467
2015-03-11,11,3,,880,437,443,437,443
2015-03-12,11,4,,891,418,473,418,473
2015-03-13,11,5,,793,371,422,371,422
2015-03-14,11,6,1,236,103,133,103,133
2015-03-15,11,7,1,564,253,311,253,311
2015-03-16,12,1,,863,429,434,429,434
2015-03-17,12,2,,909,431,478,431,478
2015-03-18,12,3,,1050,492,558,492,558
2015-03-19,12,4,,962,464,498,464,498
2015-03-20,12,5,,686,331,355,331,355
2015-03-21,12,6,1,382,171,211,171,211
2015-03-22,12,7,1,190,91,99,91,99
2015-03-23,13,1,,1010,486,524,486,524
2015-03-24,13,2,,922,446,476,446,476
2015-03-25,13,3,,201,98,103,98,103
2015-03-26,13,4,,480,240,240,240,240
2015-03-27,13,5,,524,254,270,254,270
2015-03-28,13,6,1,841,361,480,361,480
2015-03-29,13,7,1,505,236,269,236,269
2015-03-30,14,1,,180,87,93,87,93
2015-03-31,14,2,,684,339,345,339,345
2015-04-01,14,3,,620,296,324,296,324
2015-04-02,14,4,,674,314,360,314,360
2015-04-03,14,5,,700,340,360,340,360
2015-04-04,14,6,1,189,85,104,85,104
2015-04-05,14,7,1,260,124,136,124,136
2015-04-06,15,1,2,1253,584,669,584,669
2015-04-07,15,2,,1011,487,524,487,524
2015-04-08,15,3,,1141,547,594,547,594
2015-04-09,15,4,,1258,594,664,594,664
2015-04-10,15,5,,923,440,483,440,483
2015-04-11,15,6,5,1203,576,627,576,627
2015-04-12,15,7,5,1376,613,763,613,763
2015-04-13,16,1,4,1283,605,678,605,678
2015-04-14,16,2,4,1378,658,720,658,720
2015-04-15,16,3,4,1368,651,717,651,717
2015-04-16,16,4,4,610,305,305,305,305
2015-04-17,16,5,4,379,184,195,184,195
2015-04-18,16,6,5,690,319,371,319,371
2015-04-19,16,7,5,785,349,436,349,436
2015-04-20,17,1,4,952,451,501,451,501
2015-04-21,17,2,4,1519,715,804,715,804
2015-04-22,17,3,4,1367,654,713,654,713
2015-04-23,17,4,4,1194,576,618,576,618
2015-04-24,17,5,4,1370,660,710,660,710
2015-04-25,17,6,5,479,207,272,207,272
2015-04-26,17,7,5,889,422,467,422,467
2015-04-27,18,1,,404,190,214,190,214
2015-04-28,18,2,,314,155,159,155,159
2015-04-29,18,3,,1021,470,551,470,551
2015-04-30,18,4,,1063,487,576,487,576
2015-05-01,18,5,2,36,17,19,17,19
2015-05-02,18,6,1,1213,575,638,575,638
2015-05-03,18,7,1,360,169,191,169,191
2015-05-04,19,1,,573,289,284,289,284
2015-05-05,19,2,,670,317,353,317,353
2015-05-06,19,3,,1169,536,633,536,633
2015-05-07,19,4,,1039,524,515,524,515
2015-05-08,19,5,2,687,327,360,327,360
2015-05-09,19,6,1,758,361,397,361,397
2015-05-10,19,7,1,1539,712,827,712,827
2015-05-11,20,1,,1140,568,572,568,572
2015-05-12,20,2,,1245,595,650,595,650
2015-05-13,20,3,,1182,573,609,573,609
2015-05-14,20,4,2,1168,542,626,542,626
2015-05-15,20,5,,54,28,26,28,26
2015-05-16,20,6,1,532,242,290,242,290
2015-05-17,20,7,1,1051,468,583,468,583
2015-05-18,21,1,,1322,622,700,622,700
2015-05-19,21,2,,588,294,294,294,294
2015-05-20,21,3,,564,285,279,285,279
2015-05-21,21,4,,411,208,203,208,203
2015-05-22,21,5,,746,343,403,343,403
2015-05-23,21,6,1,827,385,442,385,442
2015-05-24,21,7,1,1199,546,653,546,653
2015-05-25,22,1,2,1218,547,671,547,671
2015-05-26,22,2,,591,282,309,282,309
2015-05-27,22,3,,958,447,511,447,511
2015-05-28,22,4,,1261,600,661,600,661
2015-05-29,22,5,,1123,541,582,541,582
2015-05-30,22,6,1,1111,528,583,528,583
2015-05-31,22,7,1,1120,522,598,522,598
2015-06-01,23,1,,1058,505,553,505,553
2015-06-02,23,2,,1130,531,599,531,599
2015-06-03,23,3,,1425,707,718,707,718
2015-06-04,23,4,,1127,552,575,552,575
2015-06-05,23,5,,926,469,457,469,457
2015-06-06,23,6,1,816,378,438,378,438
2015-06-07,23,7,1,937,421,516,421,516
2015-06-08,24,1,,986,464,522,464,522
2015-06-09,24,2,,972,466,506,466,506
2015-06-10,24,3,,1063,506,557,506,557
2015-06-11,24,4,,1260,621,639,621,639
2015-06-12,24,5,,447,215,232,215,232
2015-06-13,24,6,1,1046,496,550,496,550
2015-06-14,24,7,1,447,223,224,223,224
2015-06-15,25,1,,823,413,410,413,410
2015-06-16,25,2,,597,276,321,276,321
2015-06-17,25,3,,1039,477,562,477,562
2015-06-18,25,4,,1145,555,590,555,590
2015-06-19,25,5,,720,332,388,332,388
2015-06-20,25,6,1,947,436,511,436,511
2015-06-21,25,7,1,962,465,497,465,497
2015-06-22,26,1,,1106,538,568,538,568
2015-06-23,26,2,,833,393,440,393,440
2015-06-24,26,3,,1294,624,670,624,670
2015-06-25,26,4,,1204,579,625,579,625
2015-06-26,26,5,,1026,496,530,496,530
2015-06-27,26,6,1,972,439,533,439,533
2015-06-28,26,7,1,860,401,459,401,459
2015-06-29,27,1,,1034,492,542,492,542
2015-06-30,27,2,,1008,495,513,495,513
2015-07-01,27,3,,1002,481,521,481,521
2015-07-02,27,4,,956,468,488,468,488
2015-07-03,27,5,,804,400,404,400,404
2015-07-04,27,6,5,555,261,294,261,294
2015-07-05,27,7,5,499,234,265,234,265
2015-07-06,28,1,4,777,386,391,386,391
2015-07-07,28,2,4,754,380,374,380,374
2015-07-08,28,3,4,925,473,452,473,452
2015-07-09,28,4,4,927,450,477,450,477
2015-07-10,28,5,4,915,441,474,441,474
2015-07-11,28,6,5,735,356,379,356,379
2015-07-12,28,7,5,636,309,327,309,327
2015-07-13,29,1,4,729,347,382,347,382
2015-07-14,29,2,6,750,350,400,350,400
2015-07-15,29,3,4,951,465,486,465,486
2015-07-16,29,4,4,878,433,445,433,445
2015-07-17,29,5,4,761,375,386,375,386
2015-07-18,29,6,5,701,317,384,317,384
2015-07-19,29,7,5,656,315,341,315,341
2015-07-20,30,1,4,829,401,428,401,428
2015-07-21,30,2,4,864,419,445,419,445
2015-07-22,30,3,4,783,380,403,380,403
2015-07-23,30,4,4,935,466,469,466,469
2015-07-24,30,5,4,678,334,344,334,344
2015-07-25,30,6,5,751,345,406,345,406
2015-07-26,30,7,5,822,395,427,395,427
2015-07-27,31,1,4,1007,483,524,483,524
2015-07-28,31,2,4,1074,521,553,521,553
2015-07-29,31,3,4,666,336,330,336,330
2015-07-30,31,4,4,772,382,390,382,390
2015-07-31,31,5,4,931,458,473,458,473
2015-08-01,31,6,5,214,99,115,99,115
2015-08-02,31,7,5,912,438,474,438,474
2015-08-03,32,1,4,927,449,478,449,478
2015-08-04,32,2,4,742,367,375,367,375
2015-08-05,32,3,4,463,231,232,231,232
2015-08-06,32,4,4,727,358,369,358,369
2015-08-07,32,5,4,613,294,319,294,319
2015-08-08,32,6,5,632,305,327,305,327
2015-08-09,32,7,5,190,84,106,84,106
2015-08-10,33,1,4,538,262,276,262,276
2015-08-11,33,2,4,1028,494,534,494,534
2015-08-12,33,3,4,956,455,501,455,501
2015-08-13,33,4,4,653,326,327,326,327
2015-08-14,33,5,4,368,174,194,174,194
2015-08-15,33,6,7,351,171,180,171,180
2015-08-16,33,7,5,449,199,250,199,250
2015-08-17,34,1,4,972,457,515,457,515
2015-08-18,34,2,4,1003,481,522,481,522
2015-08-19,34,3,4,988,483,505,483,505
2015-08-20,34,4,4,1014,489,525,489,525
2015-08-21,34,5,4,901,434,467,434,467
2015-08-22,34,6,5,907,432,475,432,475
2015-08-23,34,7,5,406,196,210,196,210
2015-08-24,35,1,4,193,91,102,91,102
2015-08-25,35,2,4,1020,498,522,498,522
2015-08-26,35,3,4,1230,635,595,635,595
2015-08-27,35,4,4,1001,484,517,484,517
2015-08-28,35,5,4,1041,518,523,518,523
2015-08-29,35,6,5,945,456,489,456,489
2015-08-30,35,7,5,832,408,424,408,424
2015-08-31,36,1,,1122,563,559,563,559
2015-09-01,36,2,,418,203,215,203,215
2015-09-02,36,3,,891,423,468,423,468
2015-09-03,36,4,,797,369,428,369,428
2015-09-04,36,5,,1035,507,528,507,528
2015-09-05,36,6,1,764,356,408,356,408
2015-09-06,36,7,1,1059,478,581,478,581
2015-09-07,37,1,,964,472,492,472,492
2015-09-08,37,2,,972,467,505,467,505
2015-09-09,37,3,,1175,571,604,571,604
2015-09-10,37,4,,945,467,478,467,478
2015-09-11,37,5,,906,442,464,442,464
2015-09-12,37,6,1,834,390,444,390,444
2015-09-13,37,7,1,705,335,370,335,370
2015-09-14,38,1,,530,259,271,259,271
2015-09-15,38,2,,941,450,491,450,491
2015-09-16,38,3,,695,346,349,346,349
2015-09-17,38,4,,313,151,162,151,162
2015-09-18,38,5,,716,347,369,347,369
2015-09-19,38,6,1,1051,503,548,503,548
2015-09-20,38,7,1,773,332,441,332,441
2015-09-21,39,1,,1036,511,525,511,525
2015-09-22,39,2,,870,432,438,432,438
2015-09-23,39,3,,301,143,158,143,158
2015-09-24,39,4,,898,430,468,430,468
2015-09-25,39,5,,845,406,439,406,439
2015-09-26,39,6,1,807,368,439,368,439
2015-09-27,39,7,1,931,401,530,401,530
2015-09-28,40,1,,766,364,402,364,402
2015-09-29,40,2,,869,410,459,410,459
2015-09-30,40,3,,1089,540,549,540,549
2015-10-01,40,4,,908,449,459,449,459
2015-10-02,40,5,,495,243,252,243,252
2015-10-03,40,6,1,344,154,190,154,190
2015-10-04,40,7,1,743,344,399,344,399
2015-10-05,41,1,,559,268,291,268,291
2015-10-06,41,2,,414,198,216,198,216
2015-10-07,41,3,,472,234,238,234,238
2015-10-08,41,4,,837,417,420,417,420
2015-10-09,41,5,,762,369,393,369,393
2015-10-10,41,6,1,732,327,405,327,405
2015-10-11,41,7,1,854,377,477,377,477
2015-10-12,42,1,,524,258,266,258,266
2015-10-13,42,2,,311,134,177,134,177
2015-10-14,42,3,,418,216,202,216,202
2015-10-15,42,4,,363,181,182,181,182
2015-10-16,42,5,,418,205,213,205,213
2015-10-17,42,6,5,730,341,389,341,389
2015-10-18,42,7,5,398,199,199,199,199
2015-10-19,43,1,4,628,291,337,291,337
2015-10-20,43,2,4,576,268,308,268,308
2015-10-21,43,3,4,584,289,295,289,295
2015-10-22,43,4,4,628,295,333,295,333
2015-10-23,43,5,4,721,330,391,330,391
2015-10-24,43,6,5,729,337,392,337,392
2015-10-25,43,7,5,670,298,372,298,372
2015-10-26,44,1,4,961,468,493,468,493
2015-10-27,44,2,4,571,261,310,261,310
2015-10-28,44,3,4,316,153,163,153,163
2015-10-29,44,4,4,638,294,344,294,344
2015-10-30,44,5,4,876,409,467,409,467
2015-10-31,44,6,5,860,407,453,407,453
2015-11-01,44,7,7,804,362,442,362,442
2015-11-02,45,1,,906,442,464,442,464
2015-11-03,45,2,,345,169,176,169,176
2015-11-04,45,3,,667,325,342,325,342
2015-11-05,45,4,,828,387,441,387,441
2015-11-06,45,5,,824,378,446,378,446
2015-11-07,45,6,1,954,435,519,435,519
2015-11-08,45,7,1,1049,473,576,473,576
2015-11-09,46,1,,877,411,466,411,466
2015-11-10,46,2,,757,364,393,364,393
2015-11-11,46,3,2,911,413,498,413,498
2015-11-12,46,4,,701,311,390,311,390
2015-11-13,46,5,,660,305,355,305,355
2015-11-14,46,6,1,727,322,405,322,405
2015-11-15,46,7,1,776,342,434,342,434
2015-11-16,47,1,,773,370,403,370,403
2015-11-17,47,2,,789,380,409,380,409
2015-11-18,47,3,,789,373,416,373,416
2015-11-19,47,4,,783,372,411,372,411
2015-11-20,47,5,,320,156,164,156,164
2015-11-21,47,6,1,61,31,30,31,30
2015-11-22,47,7,1,130,58,72,58,72
2015-11-23,48,1,,459,229,230,229,230
2015-11-24,48,2,,532,260,272,260,272
2015-11-25,48,3,,185,94,91,94,91
2015-11-26,48,4,,244,125,119,125,119
2015-11-27,48,5,,422,197,225,197,225
2015-11-28,48,6,1,123,59,64,59,64
2015-11-29,48,7,1,32,16,16,16,16
2015-11-30,49,1,,599,287,312,287,312
2015-12-01,49,2,,673,342,331,342,331
2015-12-02,49,3,,621,295,326,295,326
2015-12-03,49,4,,579,292,287,292,287
2015-12-04,49,5,,436,210,226,210,226
2015-12-05,49,6,1,254,121,133,121,133
2015-12-06,49,7,1,378,172,206,172,206
2015-12-07,50,1,,684,326,358,326,358
2015-12-08,50,2,,584,277,307,277,307
2015-12-09,50,3,,350,176,174,176,174
2015-12-10,50,4,,655,327,328,327,328
2015-12-11,50,5,,547,261,286,261,286
2015-12-12,50,6,1,596,272,324,272,324
2015-12-13,50,7,1,390,176,214,176,214
2015-12-14,51,1,,557,273,284,273,284
2015-12-15,51,2,,473,230,243,230,243
2015-12-16,51,3,,542,267,275,267,275
2015-12-17,51,4,,586,291,295,291,295
2015-12-18,51,5,,499,245,254,245,254
2015-12-19,51,6,5,617,287,330,287,330
2015-12-20,51,7,5,445,206,239,206,239
2015-12-21,52,1,4,287,136,151,136,151
2015-12-22,52,2,4,498,223,275,223,275
2015-12-23,52,3,4,604,288,316,288,316
2015-12-24,52,4,4,413,194,219,194,219
2015-12-25,52,5,6,211,109,102,109,102
2015-12-26,52,6,5,522,223,299,223,299
2015-12-27,52,7,5,546,239,307,239,307
2015-12-28,53,1,4,557,258,299,258,299
2015-12-29,53,2,4,241,111,130,111,130
2015-12-30,53,3,4,374,181,193,181,193
2015-12-31,53,4,4,133,72,61,72,61
2016-01-01,53,5,6,260,133,127,133,127
2016-01-02,53,6,5,54,27,27,27,27
2016-01-03,53,7,5,347,163,184,163,184
2016-01-04,01,1,,331,166,165,166,165
2016-01-05,01,2,,560,281,279,281,279
2016-01-06,01,3,,348,166,182,166,182
2016-01-07,01,4,,194,95,99,95,99
2016-01-08,01,5,,342,166,176,166,176
2016-01-09,01,6,1,47,19,28,19,28
2016-01-10,01,7,1,320,157,163,157,163
2016-01-11,02,1,,254,122,132,122,132
2016-01-12,02,2,,304,151,153,151,153
2016-01-13,02,3,,510,244,266,244,266
2016-01-14,02,4,,212,106,106,106,106
2016-01-15,02,5,,415,206,209,206,209
2016-01-16,02,6,1,46,23,23,23,23
2016-01-17,02,7,1,150,72,78,72,78
2016-01-18,03,1,,343,169,174,169,174
2016-01-19,03,2,,335,162,173,162,173
2016-01-20,03,3,,585,278,307,278,307
2016-01-21,03,4,,456,225,231,225,231
2016-01-22,03,5,,506,258,248,258,248
2016-01-23,03,6,1,492,222,270,222,270
2016-01-24,03,7,1,619,286,333,286,333
2016-01-25,04,1,,668,322,346,322,346
2016-01-26,04,2,,688,335,353,335,353
2016-01-27,04,3,,684,330,354,330,354
2016-01-28,04,4,,538,254,284,254,284
2016-01-29,04,5,,394,184,210,184,210
2016-01-30,04,6,1,822,387,435,387,435
2016-01-31,04,7,1,33,14,19,14,19
2016-02-01,05,1,,453,212,241,212,241
2016-02-02,05,2,,804,388,416,388,416
2016-02-03,05,3,,212,103,109,103,109
2016-02-04,05,4,,503,244,259,244,259
2016-02-05,05,5,,646,302,344,302,344
2016-02-06,05,6,1,677,341,336,341,336
2016-02-07,05,7,1,39,21,18,21,18
2016-02-08,06,1,,483,237,246,237,246
2016-02-09,06,2,,252,124,128,124,128
2016-02-10,06,3,,466,208,258,208,258
2016-02-11,06,4,,534,261,273,261,273
2016-02-12,06,5,,219,106,113,106,113
2016-02-13,06,6,5,377,187,190,187,190
2016-02-14,06,7,5,175,84,91,84,91
2016-02-15,07,1,4,274,132,142,132,142
2016-02-16,07,2,4,368,183,185,183,185
2016-02-17,07,3,4,517,248,269,248,269
2016-02-18,07,4,4,450,226,224,226,224
2016-02-19,07,5,4,357,169,188,169,188
2016-02-20,07,6,5,605,273,332,273,332
2016-02-21,07,7,5,991,455,536,455,536
2016-02-22,08,1,4,374,177,197,177,197
2016-02-23,08,2,4,299,141,158,141,158
2016-02-24,08,3,4,532,274,258,274,258
2016-02-25,08,4,4,182,90,92,90,92
2016-02-26,08,5,4,581,292,289,292,289
2016-02-27,08,6,5,560,258,302,258,302
2016-02-28,08,7,5,525,247,278,247,278
2016-02-29,09,1,,271,130,141,130,141
2016-03-01,09,2,,524,243,281,243,281
2016-03-02,09,3,,205,97,108,97,108
2016-03-03,09,4,,175,88,87,88,87
2016-03-04,09,5,,276,134,142,134,142
2016-03-05,09,6,1,349,164,185,164,185
2016-03-06,09,7,1,378,177,201,177,201
2016-03-07,10,1,,647,316,331,316,331
2016-03-08,10,2,,213,101,112,101,112
2016-03-09,10,3,,600,270,330,270,330
2016-03-10,10,4,,644,308,336,308,336
2016-03-11,10,5,,505,249,256,249,256
2016-03-12,10,6,1,611,294,317,294,317
2016-03-13,10,7,1,571,252,319,252,319
2016-03-14,11,1,,849,409,440,409,440
2016-03-15,11,2,,826,389,437,389,437
2016-03-16,11,3,,235,119,116,119,116
2016-03-17,11,4,,750,356,394,356,394
2016-03-18,11,5,,883,437,446,437,446
2016-03-19,11,6,1,1178,549,629,549,629
2016-03-20,11,7,1,758,333,425,333,425
2016-03-21,12,1,,773,357,416,357,416
2016-03-22,12,2,,667,318,349,318,349
2016-03-23,12,3,,686,319,367,319,367
2016-03-24,12,4,,822,366,456,366,456
2016-03-25,12,5,,466,225,241,225,241
2016-03-26,12,6,1,1263,587,676,587,676
2016-03-27,12,7,1,103,56,47,56,47
2016-03-28,13,1,2,356,171,185,171,185
2016-03-29,13,2,,555,274,281,274,281
2016-03-30,13,3,,1132,549,583,549,583
2016-03-31,13,4,,868,402,466,402,466
2016-04-01,13,5,,365,174,191,174,191
2016-04-02,13,6,1,990,456,534,456,534
2016-04-03,13,7,1,565,263,302,263,302
2016-04-04,14,1,,746,351,395,351,395
2016-04-05,14,2,,341,161,180,161,180
2016-04-06,14,3,,675,310,365,310,365
2016-04-07,14,4,,681,317,364,317,364
2016-04-08,14,5,,382,179,203,179,203
2016-04-09,14,6,5,428,191,237,191,237
2016-04-10,14,7,5,1372,603,769,603,769
2016-04-11,15,1,4,1040,485,555,485,555
2016-04-12,15,2,4,1259,597,662,597,662
2016-04-13,15,3,4,293,134,159,134,159
2016-04-14,15,4,4,1208,563,645,563,645
2016-04-15,15,5,4,845,394,451,394,451
2016-04-16,15,6,5,1028,480,548,480,548
2016-04-17,15,7,5,142,69,73,69,73
2016-04-18,16,1,4,440,198,242,198,242
2016-04-19,16,2,4,1145,550,595,550,595
2016-04-20,16,3,4,1277,622,655,622,655
2016-04-21,16,4,4,820,398,422,398,422
2016-04-22,16,5,4,460,221,239,221,239
2016-04-23,16,6,5,34,18,16,18,16
2016-04-24,16,7,5,309,132,177,132,177
2016-04-25,17,1,,625,288,337,288,337
2016-04-26,17,2,,601,289,312,289,312
2016-04-27,17,3,,896,435,461,435,461
2016-04-28,17,4,,1071,515,556,515,556
2016-04-29,17,5,,1038,480,558,480,558
2016-04-30,17,6,1,521,230,291,230,291
2016-05-01,17,7,3,54,25,29,25,29
2016-05-02,18,1,,552,254,298,254,298
2016-05-03,18,2,,715,349,366,349,366
2016-05-04,18,3,,1071,510,561,510,561
2016-05-05,18,4,2,1315,593,722,593,722
2016-05-06,18,5,,1020,491,529,491,529
2016-05-07,18,6,1,1000,462,538,462,538
2016-05-08,18,7,3,1102,506,596,506,596
2016-05-09,19,1,,645,318,327,318,327
2016-05-10,19,2,,988,478,510,478,510
2016-05-11,19,3,,203,100,103,100,103
2016-05-12,19,4,,478,217,261,217,261
2016-05-13,19,5,,219,111,108,111,108
2016-05-14,19,6,1,326,157,169,157,169
2016-05-15,19,7,1,695,310,385,310,385
2016-05-16,20,1,2,1508,712,796,712,796
2016-05-17,20,2,,1241,594,647,594,647
2016-05-18,20,3,,1080,512,568,512,568
2016-05-19,20,4,,254,127,127,127,127
2016-05-20,20,5,,1122,545,577,545,577
2016-05-21,20,6,1,1337,630,707,630,707
2016-05-22,20,7,1,733,336,397,336,397
2016-05-23,21,1,,243,111,132,111,132
2016-05-24,21,2,,790,374,416,374,416
2016-05-25,21,3,,1215,569,646,569,646
2016-05-26,21,4,,1234,592,642,592,642
2016-05-27,21,5,,1377,656,721,656,721
2016-05-28,21,6,1,1147,532,615,532,615
2016-05-29,21,7,1,172,83,89,83,89
2016-05-30,22,1,,519,264,255,264,255
2016-05-31,22,2,,486,224,262,224,262
2016-06-01,22,3,,777,358,419,358,419
2016-06-02,22,4,,697,335,362,335,362
2016-06-03,22,5,,824,399,425,399,425
2016-06-04,22,6,1,1102,514,588,514,588
2016-06-05,22,7,1,1087,491,596,491,596
2016-06-06,23,1,,1097,528,569,528,569
2016-06-07,23,2,,1034,518,516,518,516
2016-06-08,23,3,,908,423,485,423,485
2016-06-09,23,4,,1188,555,633,555,633
2016-06-10,23,5,,1158,542,616,542,616
2016-06-11,23,6,1,841,367,474,367,474
2016-06-12,23,7,1,1023,445,578,445,578
2016-06-13,24,1,,584,276,308,276,308
2016-06-14,24,2,,692,329,363,329,363
2016-06-15,24,3,,701,339,362,339,362
2016-06-16,24,4,,207,102,105,102,105
2016-06-17,24,5,,540,275,265,275,265
2016-06-18,24,6,1,466,221,245,221,245
2016-06-19,24,7,1,407,179,228,179,228
2016-06-20,25,1,,1142,537,605,537,605
2016-06-21,25,2,,962,455,507,455,507
2016-06-22,25,3,,1159,540,619,540,619
2016-06-23,25,4,,1082,537,545,537,545
2016-06-24,25,5,,1122,546,576,546,576
2016-06-25,25,6,1,701,328,373,328,373
2016-06-26,25,7,1,753,351,402,351,402
2016-06-27,26,1,,1023,488,535,488,535
2016-06-28,26,2,,1227,591,636,591,636
2016-06-29,26,3,,1128,534,594,534,594
2016-06-30,26,4,,915,441,474,441,474
2016-07-01,26,5,,1009,488,521,488,521
2016-07-02,26,6,1,722,335,387,335,387
2016-07-03,26,7,1,895,418,477,418,477
2016-07-04,27,1,,1181,577,604,577,604
2016-07-05,27,2,4,940,495,445,495,445
2016-07-06,27,3,4,1049,517,532,517,532
2016-07-07,27,4,4,1111,557,554,557,554
2016-07-08,27,5,4,918,470,448,470,448
2016-07-09,27,6,5,755,366,389,366,389
2016-07-10,27,7,5,643,312,331,312,331
2016-07-11,28,1,4,809,419,390,419,390
2016-07-12,28,2,4,297,146,151,146,151
2016-07-13,28,3,4,605,288,317,288,317
2016-07-14,28,4,6,491,236,255,236,255
2016-07-15,28,5,4,559,272,287,272,287
2016-07-16,28,6,5,851,410,441,410,441
2016-07-17,28,7,5,839,389,450,389,450
2016-07-18,29,1,4,1001,488,513,488,513
2016-07-19,29,2,4,1013,492,521,492,521
2016-07-20,29,3,4,982,477,505,477,505
2016-07-21,29,4,4,955,458,497,458,497
2016-07-22,29,5,4,564,273,291,273,291
2016-07-23,29,6,5,446,229,217,229,217
2016-07-24,29,7,5,751,350,401,350,401
2016-07-25,30,1,4,1119,523,596,523,596
2016-07-26,30,2,4,1057,512,545,512,545
2016-07-27,30,3,4,993,460,533,460,533
2016-07-28,30,4,4,952,454,498,454,498
2016-07-29,30,5,4,928,445,483,445,483
2016-07-30,30,6,5,713,317,396,317,396
2016-07-31,30,7,5,487,217,270,217,270
2016-08-01,31,1,4,995,489,506,489,506
2016-08-02,31,2,4,1072,512,560,512,560
2016-08-03,31,3,4,1008,480,528,480,528
2016-08-04,31,4,4,788,370,418,370,418
2016-08-05,31,5,4,332,162,170,162,170
2016-08-06,31,6,5,775,368,407,368,407
2016-08-07,31,7,5,725,341,384,341,384
2016-08-08,32,1,4,899,438,461,438,461
2016-08-09,32,2,4,762,355,407,355,407
2016-08-10,32,3,4,835,419,416,419,416
2016-08-11,32,4,4,793,368,425,368,425
2016-08-12,32,5,4,849,397,452,397,452
2016-08-13,32,6,5,753,371,382,371,382
2016-08-14,32,7,5,538,249,289,249,289
2016-08-15,33,1,6,726,360,366,360,366
2016-08-16,33,2,4,777,368,409,368,409
2016-08-17,33,3,4,847,400,447,400,447
2016-08-18,33,4,4,706,333,373,333,373
2016-08-19,33,5,4,892,420,472,420,472
2016-08-20,33,6,5,137,63,74,63,74
2016-08-21,33,7,5,837,392,445,392,445
2016-08-22,34,1,4,1183,533,650,533,650
2016-08-23,34,2,4,1133,542,591,542,591
2016-08-24,34,3,4,1048,518,530,518,530
2016-08-25,34,4,4,978,460,518,460,518
2016-08-26,34,5,4,997,488,509,488,509
2016-08-27,34,6,5,655,311,344,311,344
2016-08-28,34,7,5,656,342,314,342,314
2016-08-29,35,1,4,1079,516,563,516,563
2016-08-30,35,2,4,1168,565,603,565,603
2016-08-31,35,3,4,1213,582,631,582,631
2016-09-01,35,4,4,1057,515,542,515,542
2016-09-02,35,5,4,1046,525,521,525,521
2016-09-03,35,6,5,891,431,460,431,460
2016-09-04,35,7,5,945,446,499,446,499
2016-09-05,36,1,4,962,483,479,483,479
2016-09-06,36,2,4,1016,487,529,487,529
2016-09-07,36,3,4,1112,550,562,550,562
2016-09-08,36,4,4,946,460,486,460,486
2016-09-09,36,5,4,957,464,493,464,493
2016-09-10,36,6,5,883,424,459,424,459
2016-09-11,36,7,5,1015,457,558,457,558
2016-09-12,37,1,4,1056,509,547,509,547
2016-09-13,37,2,4,1121,544,577,544,577
2016-09-14,37,3,4,970,467,503,467,503
2016-09-15,37,4,4,722,345,377,345,377
2016-09-16,37,5,4,662,336,326,336,326
2016-09-17,37,6,5,109,49,60,49,60
2016-09-18,37,7,5,229,114,115,114,115
2016-09-19,38,1,4,768,364,404,364,404
2016-09-20,38,2,4,964,461,503,461,503
2016-09-21,38,3,4,936,448,488,448,488
2016-09-22,38,4,4,1108,538,570,538,570
2016-09-23,38,5,4,916,461,455,461,455
2016-09-24,38,6,5,949,424,525,424,525
2016-09-25,38,7,5,948,451,497,451,497
2016-09-26,39,1,4,823,389,434,389,434
2016-09-27,39,2,4,843,413,430,413,430
2016-09-28,39,3,4,1184,564,620,564,620
2016-09-29,39,4,4,1066,527,539,527,539
2016-09-30,39,5,4,1071,515,556,515,556
2016-10-01,39,6,5,318,159,159,159,159
2016-10-02,39,7,1,625,267,358,267,358
2016-10-03,40,1,,971,460,511,460,511
2016-10-04,40,2,,1070,515,555,515,555
2016-10-05,40,3,,998,465,533,465,533
2016-10-06,40,4,,736,356,380,356,380
2016-10-07,40,5,,683,342,341,342,341
2016-10-08,40,6,1,736,316,420,316,420
2016-10-09,40,7,1,688,327,361,327,361
2016-10-10,41,1,,712,332,380,332,380
2016-10-11,41,2,,680,342,338,342,338
2016-10-12,41,3,,840,400,440,400,440
2016-10-13,41,4,,230,114,116,114,116
2016-10-14,41,5,,173,87,86,87,86
2016-10-15,41,6,1,763,377,386,377,386
2016-10-16,41,7,1,813,380,433,380,433
2016-10-17,42,1,,263,126,137,126,137
2016-10-18,42,2,,629,298,331,298,331
2016-10-19,42,3,4,764,367,397,367,397
2016-10-20,42,4,4,642,303,339,303,339
2016-10-21,42,5,4,701,345,356,345,356
2016-10-22,42,6,5,868,384,484,384,484
2016-10-23,42,7,5,188,98,90,98,90
2016-10-24,43,1,4,748,350,398,350,398
2016-10-25,43,2,4,230,111,119,111,119
2016-10-26,43,3,4,301,146,155,146,155
2016-10-27,43,4,4,592,283,309,283,309
2016-10-28,43,5,4,720,360,360,360,360
2016-10-29,43,6,5,594,269,325,269,325
2016-10-30,43,7,5,599,278,321,278,321
2016-10-31,44,1,4,702,329,373,329,373
2016-11-01,44,2,6,624,299,325,299,325
2016-11-02,44,3,4,742,369,373,369,373
2016-11-03,44,4,,585,279,306,279,306
2016-11-04,44,5,,665,330,335,330,335
2016-11-05,44,6,1,114,53,61,53,61
2016-11-06,44,7,1,296,136,160,136,160
2016-11-07,45,1,,606,304,302,304,302
2016-11-08,45,2,,318,148,170,148,170
2016-11-09,45,3,,189,93,96,93,96
2016-11-10,45,4,,190,97,93,97,93
2016-11-11,45,5,2,97,48,49,48,49
2016-11-12,45,6,1,481,221,260,221,260
2016-11-13,45,7,1,246,115,131,115,131
2016-11-14,46,1,,382,193,189,193,189
2016-11-15,46,2,,511,251,260,251,260
2016-11-16,46,3,,596,298,298,298,298
2016-11-17,46,4,,647,316,331,316,331
2016-11-18,46,5,,342,172,170,172,170
2016-11-19,46,6,1,433,198,235,198,235
2016-11-20,46,7,1,480,209,271,209,271
2016-11-21,47,1,,269,129,140,129,140
2016-11-22,47,2,,229,112,117,112,117
2016-11-23,47,3,,690,330,360,330,360
2016-11-24,47,4,,218,97,121,97,121
2016-11-25,47,5,,331,167,164,167,164
2016-11-26,47,6,1,656,300,356,300,356
2016-11-27,47,7,1,600,267,333,267,333
2016-11-28,48,1,,545,270,275,270,275
2016-11-29,48,2,,535,269,266,269,266
2016-11-30,48,3,,606,300,306,300,306
2016-12-01,48,4,,541,281,260,281,260
2016-12-02,48,5,,364,171,193,171,193
2016-12-03,48,6,1,341,161,180,161,180
2016-12-04,48,7,1,330,155,175,155,175
2016-12-05,49,1,,514,262,252,262,252
2016-12-06,49,2,,475,244,231,244,231
2016-12-07,49,3,,519,253,266,253,266
2016-12-08,49,4,,509,251,258,251,258
2016-12-09,49,5,,470,228,242,228,242
2016-12-10,49,6,1,410,201,209,201,209
2016-12-11,49,7,1,359,160,199,160,199
2016-12-12,50,1,,432,217,215,217,215
2016-12-13,50,2,,505,248,257,248,257
2016-12-14,50,3,,463,230,233,230,233
2016-12-15,50,4,,486,241,245,241,245
2016-12-16,50,5,,440,214,226,214,226
2016-12-17,50,6,5,226,110,116,110,116
2016-12-18,50,7,5,181,88,93,88,93
2016-12-19,51,1,4,298,140,158,140,158
2016-12-20,51,2,4,312,162,150,162,150
2016-12-21,51,3,4,339,165,174,165,174
2016-12-22,51,4,4,347,175,172,175,172
2016-12-23,51,5,4,381,191,190,191,190
2016-12-24,51,6,5,264,134,130,134,130
2016-12-25,51,7,7,100,47,53,47,53
2016-12-26,52,1,4,315,149,166,149,166
2016-12-27,52,2,4,266,133,133,133,133
2016-12-28,52,3,4,393,188,205,188,205
2016-12-29,52,4,4,322,165,157,165,157
2016-12-30,52,5,4,324,166,158,166,158
2016-12-31,52,6,5,231,107,124,107,124
2017-01-01,52,7,7,59,25,34,25,34
2017-01-02,01,1,4,290,154,136,154,136
2017-01-03,01,2,,352,173,179,173,179
2017-01-04,01,3,,410,202,208,202,208
2017-01-05,01,4,,320,150,170,150,170
2017-01-06,01,5,,355,173,182,173,182
2017-01-07,01,6,1,322,156,166,156,166
2017-01-08,01,7,1,106,50,56,50,56
2017-01-09,02,1,,358,179,179,179,179
2017-01-10,02,2,,262,127,135,127,135
2017-01-11,02,3,,274,136,138,136,138
2017-01-12,02,4,,380,182,198,182,198
2017-01-13,02,5,,177,84,93,84,93
2017-01-14,02,6,1,42,21,21,21,21
2017-01-15,02,7,1,32,12,20,12,20
2017-01-16,03,1,,223,108,115,108,115
2017-01-17,03,2,,209,106,103,106,103
2017-01-18,03,3,,255,123,132,123,132
2017-01-19,03,4,,279,138,141,138,141
2017-01-20,03,5,,262,131,131,131,131
2017-01-21,03,6,1,201,101,100,101,100
2017-01-22,03,7,1,121,55,66,55,66
2017-01-23,04,1,,306,154,152,154,152
2017-01-24,04,2,,268,125,143,125,143
2017-01-25,04,3,,284,140,144,140,144
2017-01-26,04,4,,310,150,160,150,160
2017-01-27,04,5,,315,155,160,155,160
2017-01-28,04,6,1,346,164,182,164,182
2017-01-29,04,7,1,369,176,193,176,193
2017-01-30,05,1,,364,177,187,177,187
2017-01-31,05,2,,299,145,154,145,154
2017-02-01,05,3,,580,277,303,277,303
2017-02-02,05,4,,379,192,187,192,187
2017-02-03,05,5,,366,181,185,181,185
2017-02-04,05,6,1,356,157,199,157,199
2017-02-05,05,7,1,23,10,13,10,13
2017-02-06,06,1,,179,90,89,90,89
2017-02-07,06,2,,344,169,175,169,175
2017-02-08,06,3,,241,113,128,113,128
2017-02-09,06,4,,338,178,160,178,160
2017-02-10,06,5,,473,224,249,224,249
2017-02-11,06,6,1,629,308,321,308,321
2017-02-12,06,7,1,708,349,359,349,359
2017-02-13,07,1,,668,318,350,318,350
2017-02-14,07,2,,631,311,320,311,320
2017-02-15,07,3,,742,373,369,373,369
2017-02-16,07,4,,786,383,403,383,403
2017-02-17,07,5,,671,340,331,340,331
2017-02-18,07,6,5,918,417,501,417,501
2017-02-19,07,7,5,866,421,445,421,445
2017-02-20,08,1,4,856,432,424,432,424
2017-02-21,08,2,4,741,364,377,364,377
2017-02-22,08,3,4,928,448,480,448,480
2017-02-23,08,4,4,967,476,491,476,491
2017-02-24,08,5,4,303,144,159,144,159
2017-02-25,08,6,5,1028,461,567,461,567
2017-02-26,08,7,5,1022,463,559,463,559
2017-02-27,09,1,4,919,468,451,468,451
2017-02-28,09,2,4,230,119,111,119,111
2017-03-01,09,3,4,382,205,177,205,177
2017-03-02,09,4,4,362,181,181,181,181
2017-03-03,09,5,4,669,345,324,345,324
2017-03-04,09,6,5,99,47,52,47,52
2017-03-05,09,7,5,500,221,279,221,279
2017-03-06,10,1,,171,86,85,86,85
2017-03-07,10,2,,146,72,74,72,74
2017-03-08,10,3,,469,236,233,236,233
2017-03-09,10,4,,697,335,362,335,362
2017-03-10,10,5,,838,390,448,390,448
2017-03-11,10,6,1,1171,570,601,570,601
2017-03-12,10,7,1,956,479,477,479,477
2017-03-13,11,1,,900,434,466,434,466
2017-03-14,11,2,,1041,503,538,503,538
2017-03-15,11,3,,1032,511,521,511,521
2017-03-16,11,4,,1044,500,544,500,544
2017-03-17,11,5,,1005,499,506,499,506
2017-03-18,11,6,1,527,242,285,242,285
2017-03-19,11,7,1,972,453,519,453,519
2017-03-20,12,1,,945,450,495,450,495
2017-03-21,12,2,,800,383,417,383,417
2017-03-22,12,3,,741,378,363,378,363
2017-03-23,12,4,,568,272,296,272,296
2017-03-24,12,5,,427,215,212,215,212
2017-03-25,12,6,1,717,361,356,361,356
2017-03-26,12,7,1,1305,591,714,591,714
2017-03-27,13,1,,1073,533,540,533,540
2017-03-28,13,2,,1134,554,580,554,580
2017-03-29,13,3,,1279,617,662,617,662
2017-03-30,13,4,,1369,662,707,662,707
2017-03-31,13,5,,985,497,488,497,488
2017-04-01,13,6,1,231,132,99,132,99
2017-04-02,13,7,1,253,124,129,124,129
2017-04-03,14,1,,1097,558,539,558,539
2017-04-04,14,2,,983,492,491,492,491
2017-04-05,14,3,,973,468,505,468,505
2017-04-06,14,4,,843,408,435,408,435
2017-04-07,14,5,,1077,539,538,539,538
2017-04-08,14,6,1,1199,571,628,571,628
2017-04-09,14,7,1,1242,580,662,580,662
2017-04-10,15,1,,1167,579,588,579,588
2017-04-11,15,2,,781,375,406,375,406
2017-04-12,15,3,,1080,528,552,528,552
2017-04-13,15,4,,1119,543,576,543,576
2017-04-14,15,5,,955,474,481,474,481
2017-04-15,15,6,5,726,338,388,338,388
2017-04-16,15,7,5,426,210,216,210,216
2017-04-17,16,1,6,1057,520,537,520,537
2017-04-18,16,2,4,561,249,312,249,312
2017-04-19,16,3,4,614,285,329,285,329
2017-04-20,16,4,4,766,376,390,376,390
2017-04-21,16,5,4,834,416,418,416,418
2017-04-22,16,6,5,1136,530,606,530,606
2017-04-23,16,7,5,875,405,470,405,470
2017-04-24,17,1,4,1204,590,614,590,614
2017-04-25,17,2,4,527,253,274,253,274
2017-04-26,17,3,4,212,105,107,105,107
2017-04-27,17,4,4,284,151,133,151,133
2017-04-28,17,5,4,210,118,92,118,92
2017-04-29,17,6,5,1174,559,615,559,615
2017-04-30,17,7,5,845,393,452,393,452
2017-05-01,18,1,6,481,226,255,226,255
2017-05-02,18,2,,272,135,137,135,137
2017-05-03,18,3,,512,251,261,251,261
2017-05-04,18,4,,271,132,139,132,139
2017-05-05,18,5,,1138,581,557,581,557
2017-05-06,18,6,1,134,62,72,62,72
2017-05-07,18,7,1,278,123,155,123,155
2017-05-08,19,1,2,524,251,273,251,273
2017-05-09,19,2,,854,426,428,426,428
2017-05-10,19,3,,1046,533,513,533,513
2017-05-11,19,4,,376,180,196,180,196
2017-05-12,19,5,,329,163,166,163,166
2017-05-13,19,6,1,649,300,349,300,349
2017-05-14,19,7,1,1149,541,608,541,608
2017-05-15,20,1,,1171,578,593,578,593
2017-05-16,20,2,,1364,661,703,661,703
2017-05-17,20,3,,1248,611,637,611,637
2017-05-18,20,4,,999,495,504,495,504
2017-05-19,20,5,,309,147,162,147,162
2017-05-20,20,6,1,616,284,332,284,332
2017-05-21,20,7,1,1281,638,643,638,643
2017-05-22,21,1,,1128,549,579,549,579
2017-05-23,21,2,,1155,564,591,564,591
2017-05-24,21,3,,1018,493,525,493,525
2017-05-25,21,4,2,1021,508,513,508,513
2017-05-26,21,5,,860,420,440,420,440
2017-05-27,21,6,1,784,374,410,374,410
2017-05-28,21,7,1,809,395,414,395,414
2017-05-29,22,1,,997,491,506,491,506
2017-05-30,22,2,,1170,587,583,587,583
2017-05-31,22,3,,831,412,419,412,419
2017-06-01,22,4,,824,405,419,405,419
2017-06-02,22,5,,936,461,475,461,475
2017-06-03,22,6,1,678,322,356,322,356
2017-06-04,22,7,1,627,303,324,303,324
2017-06-05,23,1,2,1030,517,513,517,513
2017-06-06,23,2,,438,207,231,207,231
2017-06-07,23,3,,1001,484,517,484,517
2017-06-08,23,4,,1221,594,627,594,627
2017-06-09,23,5,,943,461,482,461,482
2017-06-10,23,6,1,940,432,508,432,508
2017-06-11,23,7,1,909,453,456,453,456
2017-06-12,24,1,,1130,552,578,552,578
2017-06-13,24,2,,1125,549,576,549,576
2017-06-14,24,3,,848,418,430,418,430
2017-06-15,24,4,,1049,506,543,506,543
2017-06-16,24,5,,1012,486,526,486,526
2017-06-17,24,6,1,779,353,426,353,426
2017-06-18,24,7,1,764,373,391,373,391
2017-06-19,25,1,,1013,495,518,495,518
2017-06-20,25,2,,1067,509,558,509,558
2017-06-21,25,3,,996,482,514,482,514
2017-06-22,25,4,,1032,498,534,498,534
2017-06-23,25,5,,903,420,483,420,483
2017-06-24,25,6,1,681,325,356,325,356
2017-06-25,25,7,1,756,374,382,374,382
2017-06-26,26,1,,974,485,489,485,489
2017-06-27,26,2,,1050,500,550,500,550
2017-06-28,26,3,,527,261,266,261,266
2017-06-29,26,4,,470,235,235,235,235
2017-06-30,26,5,,727,369,358,369,358
2017-07-01,26,6,1,466,219,247,219,247
2017-07-02,26,7,1,708,332,376,332,376
2017-07-03,27,1,,1103,546,557,546,557
2017-07-04,27,2,,1151,571,580,571,580
2017-07-05,27,3,,1142,553,589,553,589
2017-07-06,27,4,,1012,509,503,509,503
2017-07-07,27,5,,913,455,458,455,458
2017-07-08,27,6,5,695,365,330,365,330
2017-07-09,27,7,5,591,278,313,278,313
2017-07-10,28,1,4,857,404,453,404,453
2017-07-11,28,2,4,894,444,450,444,450
2017-07-12,28,3,4,1068,520,548,520,548
2017-07-13,28,4,4,896,421,475,421,475
2017-07-14,28,5,6,697,336,361,336,361
2017-07-15,28,6,5,678,321,357,321,357
2017-07-16,28,7,5,687,352,335,352,335
2017-07-17,29,1,4,991,502,489,502,489
2017-07-18,29,2,4,1048,519,529,519,529
2017-07-19,29,3,4,915,447,468,447,468
2017-07-20,29,4,4,779,374,405,374,405
2017-07-21,29,5,4,778,381,397,381,397
2017-07-22,29,6,5,613,297,316,297,316
2017-07-23,29,7,5,988,456,532,456,532
2017-07-24,30,1,4,519,245,274,245,274
2017-07-25,30,2,4,365,178,187,178,187
2017-07-26,30,3,4,1087,535,552,535,552
2017-07-27,30,4,4,971,476,495,476,495
2017-07-28,30,5,4,869,428,441,428,441
2017-07-29,30,6,5,832,400,432,400,432
2017-07-30,30,7,5,651,303,348,303,348
2017-07-31,31,1,4,927,452,475,452,475
2017-08-01,31,2,4,876,426,450,426,450
2017-08-02,31,3,4,942,479,463,479,463
2017-08-03,31,4,4,799,400,399,400,399
2017-08-04,31,5,4,730,356,374,356,374
2017-08-05,31,6,5,620,294,326,294,326
2017-08-06,31,7,5,706,333,373,333,373
2017-08-07,32,1,4,1020,500,520,500,520
2017-08-08,32,2,4,194,93,101,93,101
2017-08-09,32,3,4,916,436,480,436,480
2017-08-10,32,4,4,723,337,386,337,386
2017-08-11,32,5,4,147,74,73,74,73
2017-08-12,32,6,5,784,376,408,376,408
2017-08-13,32,7,5,713,351,362,351,362
2017-08-14,33,1,4,801,389,412,389,412
2017-08-15,33,2,6,810,385,425,385,425
2017-08-16,33,3,4,785,387,398,387,398
2017-08-17,33,4,4,1010,475,535,475,535
2017-08-18,33,5,4,758,348,410,348,410
2017-08-19,33,6,5,666,319,347,319,347
2017-08-20,33,7,5,859,407,452,407,452
2017-08-21,34,1,4,1045,510,535,510,535
2017-08-22,34,2,4,1119,524,595,524,595
2017-08-23,34,3,4,1106,522,584,522,584
2017-08-24,34,4,4,768,379,389,379,389
2017-08-25,34,5,4,997,498,499,498,499
2017-08-26,34,6,5,824,390,434,390,434
2017-08-27,34,7,5,794,402,392,402,392
2017-08-28,35,1,4,1052,533,519,533,519
2017-08-29,35,2,4,1055,516,539,516,539
2017-08-30,35,3,4,1028,502,526,502,526
2017-08-31,35,4,4,264,130,134,130,134
2017-09-01,35,5,4,545,281,264,281,264
2017-09-02,35,6,5,280,119,161,119,161
2017-09-03,35,7,5,1170,571,599,571,599
2017-09-04,36,1,,1075,516,559,516,559
2017-09-05,36,2,,1213,604,609,604,609
2017-09-06,36,3,,802,395,407,395,407
2017-09-07,36,4,,915,457,458,457,458
2017-09-08,36,5,,1038,502,536,502,536
2017-09-09,36,6,1,184,86,98,86,98
2017-09-10,36,7,1,625,317,308,317,308
2017-09-11,37,1,,765,377,388,377,388
2017-09-12,37,2,,780,369,411,369,411
2017-09-13,37,3,,1047,523,524,523,524
2017-09-14,37,4,,382,182,200,182,200
2017-09-15,37,5,,878,435,443,435,443
2017-09-16,37,6,1,803,410,393,410,393
2017-09-17,37,7,1,657,287,370,287,370
2017-09-18,38,1,,604,287,317,287,317
2017-09-19,38,2,,420,204,216,204,216
2017-09-20,38,3,,1008,503,505,503,505
2017-09-21,38,4,,950,475,475,475,475
2017-09-22,38,5,,876,423,453,423,453
2017-09-23,38,6,1,1336,650,686,650,686
2017-09-24,38,7,1,1067,501,566,501,566
2017-09-25,39,1,,934,453,481,453,481
2017-09-26,39,2,,897,455,442,455,442
2017-09-27,39,3,,1094,539,555,539,555
2017-09-28,39,4,,925,453,472,453,472
2017-09-29,39,5,,971,487,484,487,484
2017-09-30,39,6,1,608,309,299,309,299
2017-10-01,39,7,1,701,311,390,311,390
2017-10-02,40,1,,661,327,334,327,334
2017-10-03,40,2,,529,264,265,264,265
2017-10-04,40,3,,1088,534,554,534,554
2017-10-05,40,4,,1009,504,505,504,505
2017-10-06,40,5,,545,269,276,269,276
2017-10-07,40,6,1,803,382,421,382,421
2017-10-08,40,7,1,706,330,376,330,376
2017-10-09,41,1,,840,423,417,423,417
2017-10-10,41,2,,971,477,494,477,494
2017-10-11,41,3,,1127,561,566,561,566
2017-10-12,41,4,,1125,521,604,521,604
2017-10-13,41,5,,849,412,437,412,437
2017-10-14,41,6,1,959,451,508,451,508
2017-10-15,41,7,1,883,406,477,406,477
2017-10-16,42,1,,1068,548,520,548,520
2017-10-17,42,2,,1068,529,539,529,539
2017-10-18,42,3,,1038,504,534,504,534
2017-10-19,42,4,,946,444,502,444,502
2017-10-20,42,5,,697,344,353,344,353
2017-10-21,42,6,5,944,437,507,437,507
2017-10-22,42,7,5,292,141,151,141,151
2017-10-23,43,1,4,416,200,216,200,216
2017-10-24,43,2,4,907,442,465,442,465
2017-10-25,43,3,4,947,444,503,444,503
2017-10-26,43,4,4,943,460,483,460,483
2017-10-27,43,5,4,617,287,330,287,330
2017-10-28,43,6,5,665,310,355,310,355
2017-10-29,43,7,5,485,234,251,234,251
2017-10-30,44,1,4,472,232,240,232,240
2017-10-31,44,2,4,632,300,332,300,332
2017-11-01,44,3,6,611,283,328,283,328
2017-11-02,44,4,4,642,317,325,317,325
2017-11-03,44,5,4,723,350,373,350,373
2017-11-04,44,6,5,520,254,266,254,266
2017-11-05,44,7,5,115,54,61,54,61
2017-11-06,45,1,,250,121,129,121,129
2017-11-07,45,2,,466,235,231,235,231
2017-11-08,45,3,,456,218,238,218,238
2017-11-09,45,4,,407,209,198,209,198
2017-11-10,45,5,,461,214,247,214,247
2017-11-11,45,6,3,337,147,190,147,190
2017-11-12,45,7,1,211,98,113,98,113
2017-11-13,46,1,,173,90,83,90,83
2017-11-14,46,2,,520,253,267,253,267
2017-11-15,46,3,,612,310,302,310,302
2017-11-16,46,4,,617,301,316,301,316
2017-11-17,46,5,,507,258,249,258,249
2017-11-18,46,6,1,388,171,217,171,217
2017-11-19,46,7,1,459,220,239,220,239
2017-11-20,47,1,,657,336,321,336,321
2017-11-21,47,2,,698,351,347,351,347
2017-11-22,47,3,,832,396,436,396,436
2017-11-23,47,4,,598,307,291,307,291
2017-11-24,47,5,,600,279,321,279,321
2017-11-25,47,6,1,103,53,50,53,50
2017-11-26,47,7,1,312,170,142,170,142
2017-11-27,48,1,,595,304,291,304,291
2017-11-28,48,2,,495,246,249,246,249
2017-11-29,48,3,,360,184,176,184,176
2017-11-30,48,4,,344,181,163,181,163
2017-12-01,48,5,,195,98,97,98,97
2017-12-02,48,6,1,121,55,66,55,66
2017-12-03,48,7,1,92,38,54,38,54
2017-12-04,49,1,,405,200,205,200,205
2017-12-05,49,2,,459,233,226,233,226
2017-12-06,49,3,,372,186,186,186,186
2017-12-07,49,4,,366,186,180,186,180
2017-12-08,49,5,,213,107,106,107,106
2017-12-09,49,6,1,91,47,44,47,44
2017-12-10,49,7,1,17,6,11,6,11
2017-12-11,50,1,,166,82,84,82,84
2017-12-12,50,2,,221,109,112,109,112
2017-12-13,50,3,,412,198,214,198,214
2017-12-14,50,4,,303,150,153,150,153
2017-12-15,50,5,,287,143,144,143,144
2017-12-16,50,6,1,144,72,72,72,72
2017-12-17,50,7,1,202,95,107,95,107
2017-12-18,51,1,,152,66,86,66,86
2017-12-19,51,2,,219,114,105,114,105
2017-12-20,51,3,,336,171,165,171,165
2017-12-21,51,4,,346,173,173,173,173
2017-12-22,51,5,,338,164,174,164,174
2017-12-23,51,6,5,277,129,148,129,148
2017-12-24,51,7,5,193,107,86,107,86
2017-12-25,52,1,6,58,26,32,26,32
2017-12-26,52,2,4,120,59,61,59,61
2017-12-27,52,3,4,102,52,50,52,50
2017-12-28,52,4,4,174,89,85,89,85
2017-12-29,52,5,4,177,84,93,84,93
2017-12-30,52,6,5,41,18,23,18,23
2017-12-31,52,7,5,251,120,131,120,131
2018-01-01,01,1,6,178,92,86,92,86
2018-01-02,01,2,4,251,120,131,120,131
2018-01-03,01,3,4,178,84,94,84,94
2018-01-04,01,4,4,176,87,89,87,89
2018-01-05,01,5,4,456,216,240,216,240
2018-01-06,01,6,5,683,313,370,313,370
2018-01-07,01,7,5,348,169,179,169,179
2018-01-08,02,1,,557,279,278,279,278
2018-01-09,02,2,,341,162,179,162,179
2018-01-10,02,3,,528,253,275,253,275
2018-01-11,02,4,,588,287,301,287,301
2018-01-12,02,5,,471,233,238,233,238
2018-01-13,02,6,1,652,295,357,295,357
2018-01-14,02,7,1,313,162,151,162,151
2018-01-15,03,1,,599,294,305,294,305
2018-01-16,03,2,,252,129,123,129,123
2018-01-17,03,3,,266,131,135,131,135
2018-01-18,03,4,,372,168,204,168,204
2018-01-19,03,5,,323,167,156,167,156
2018-01-20,03,6,1,139,68,71,68,71
2018-01-21,03,7,1,91,42,49,42,49
2018-01-22,04,1,,182,88,94,88,94
2018-01-23,04,2,,564,276,288,276,288
2018-01-24,04,3,,901,452,449,452,449
2018-01-25,04,4,,565,282,283,282,283
2018-01-26,04,5,,204,101,103,101,103
2018-01-27,04,6,1,403,207,196,207,196
2018-01-28,04,7,1,386,183,203,183,203
2018-01-29,05,1,,720,367,353,367,353
2018-01-30,05,2,,579,284,295,284,295
2018-01-31,05,3,,816,396,420,396,420
2018-02-01,05,4,,197,99,98,99,98
2018-02-02,05,5,,483,238,245,238,245
2018-02-03,05,6,1,399,197,202,197,202
2018-02-04,05,7,1,380,189,191,189,191
2018-02-05,06,1,,347,177,170,177,170
2018-02-06,06,2,,505,262,243,262,243
2018-02-07,06,3,,335,163,172,163,172
2018-02-08,06,4,,353,176,177,176,177
2018-02-09,06,5,,526,258,268,258,268
2018-02-10,06,6,5,202,93,109,93,109
2018-02-11,06,7,5,181,88,93,88,93
2018-02-12,07,1,4,272,140,132,140,132
2018-02-13,07,2,4,537,261,276,261,276
2018-02-14,07,3,4,216,105,111,105,111
2018-02-15,07,4,4,185,88,97,88,97
2018-02-16,07,5,4,484,249,235,249,235
2018-02-17,07,6,5,59,22,37,22,37
2018-02-18,07,7,5,341,171,170,171,170
2018-02-19,08,1,4,536,277,259,277,259
2018-02-20,08,2,4,476,216,260,216,260
2018-02-21,08,3,4,398,196,202,196,202
2018-02-22,08,4,4,354,171,183,171,183
2018-02-23,08,5,4,349,179,170,179,170
2018-02-24,08,6,5,408,181,227,181,227
2018-02-25,08,7,5,237,108,129,108,129
2018-02-26,09,1,,344,169,175,169,175
2018-02-27,09,2,,313,158,155,158,155
2018-02-28,09,3,,271,138,133,138,133
2018-03-01,09,4,,238,121,117,121,117
2018-03-02,09,5,,219,111,108,111,108
2018-03-03,09,6,1,131,65,66,65,66
2018-03-04,09,7,1,573,266,307,266,307
2018-03-05,10,1,,527,264,263,264,263
2018-03-06,10,2,,421,218,203,218,203
2018-03-07,10,3,,570,290,280,290,280
2018-03-08,10,4,,782,379,403,379,403
2018-03-09,10,5,,831,418,413,418,413
2018-03-10,10,6,1,414,199,215,199,215
2018-03-11,10,7,1,339,162,177,162,177
2018-03-12,11,1,,441,220,221,220,221
2018-03-13,11,2,,492,249,243,249,243
2018-03-14,11,3,,1267,606,661,606,661
2018-03-15,11,4,,171,83,88,83,88
2018-03-16,11,5,,756,365,391,365,391
2018-03-17,11,6,1,81,42,39,42,39
2018-03-18,11,7,1,377,175,202,175,202
2018-03-19,12,1,,696,343,353,343,353
2018-03-20,12,2,,427,205,222,205,222
2018-03-21,12,3,,539,263,276,263,276
2018-03-22,12,4,,628,313,315,313,315
2018-03-23,12,5,,564,278,286,278,286
2018-03-24,12,6,1,1079,525,554,525,554
2018-03-25,12,7,1,388,170,218,170,218
2018-03-26,13,1,,737,363,374,363,374
2018-03-27,13,2,,441,219,222,219,222
2018-03-28,13,3,,519,259,260,259,260
2018-03-29,13,4,,472,223,249,223,249
2018-03-30,13,5,,308,154,154,154,154
2018-03-31,13,6,1,777,372,405,372,405
2018-04-01,13,7,1,528,254,274,254,274
2018-04-02,14,1,2,959,458,501,458,501
2018-04-03,14,2,,699,338,361,338,361
2018-04-04,14,3,,545,275,270,275,270
2018-04-05,14,4,,876,423,453,423,453
2018-04-06,14,5,,1235,609,626,609,626
2018-04-07,14,6,5,1087,523,564,523,564
2018-04-08,14,7,5,986,459,527,459,527
2018-04-09,15,1,4,711,338,373,338,373
2018-04-10,15,2,4,539,262,277,262,277
2018-04-11,15,3,4,916,431,485,431,485
2018-04-12,15,4,4,752,359,393,359,393
2018-04-13,15,5,4,827,400,427,400,427
2018-04-14,15,6,5,893,429,464,429,464
2018-04-15,15,7,5,1140,550,590,550,590
2018-04-16,16,1,4,883,433,450,433,450
2018-04-17,16,2,4,1384,680,704,680,704
2018-04-18,16,3,4,1249,614,635,614,635
2018-04-19,16,4,4,1261,630,631,630,631
2018-04-20,16,5,4,1122,554,568,554,568
2018-04-21,16,6,5,1304,623,681,623,681
2018-04-22,16,7,5,1340,646,694,646,694
2018-04-23,17,1,,1029,494,535,494,535
2018-04-24,17,2,,1394,675,719,675,719
2018-04-25,17,3,,1291,630,661,630,661
2018-04-26,17,4,,943,459,484,459,484
2018-04-27,17,5,,1328,662,666,662,666
2018-04-28,17,6,1,935,445,490,445,490
2018-04-29,17,7,1,744,360,384,360,384
2018-04-30,18,1,,698,333,365,333,365
2018-05-01,18,2,2,692,331,361,331,361
2018-05-02,18,3,,756,376,380,376,380
2018-05-03,18,4,,507,258,249,258,249
2018-05-04,18,5,,792,389,403,389,403
2018-05-05,18,6,1,1243,586,657,586,657
2018-05-06,18,7,1,1299,610,689,610,689
2018-05-07,19,1,,932,467,465,467,465
2018-05-08,19,2,2,1280,595,685,595,685
2018-05-09,19,3,,711,337,374,337,374
2018-05-10,19,4,2,224,113,111,113,111
2018-05-11,19,5,,980,476,504,476,504
2018-05-12,19,6,1,1044,521,523,521,523
2018-05-13,19,7,1,72,30,42,30,42
2018-05-14,20,1,,492,231,261,231,261
2018-05-15,20,2,,518,258,260,258,260
2018-05-16,20,3,,718,347,371,347,371
2018-05-17,20,4,,992,513,479,513,479
2018-05-18,20,5,,906,446,460,446,460
2018-05-19,20,6,1,1014,477,537,477,537
2018-05-20,20,7,1,1045,530,515,530,515
2018-05-21,21,1,2,1377,647,730,647,730
2018-05-22,21,2,,730,357,373,357,373
2018-05-23,21,3,,624,304,320,304,320
2018-05-24,21,4,,1130,552,578,552,578
2018-05-25,21,5,,1122,561,561,561,561
2018-05-26,21,6,1,1028,493,535,493,535
2018-05-27,21,7,1,651,321,330,321,330
2018-05-28,22,1,,639,317,322,317,322
2018-05-29,22,2,,831,410,421,410,421
2018-05-30,22,3,,601,299,302,299,302
2018-05-31,22,4,,669,337,332,337,332
2018-06-01,22,5,,1129,569,560,569,560
2018-06-02,22,6,1,1054,501,553,501,553
2018-06-03,22,7,1,871,429,442,429,442
2018-06-04,23,1,,734,385,349,385,349
2018-06-05,23,2,,886,439,447,439,447
2018-06-06,23,3,,995,461,534,461,534
2018-06-07,23,4,,578,288,290,288,290
2018-06-08,23,5,,875,424,451,424,451
2018-06-09,23,6,1,985,481,504,481,504
2018-06-10,23,7,1,995,488,507,488,507
2018-06-11,24,1,,592,294,298,294,298
2018-06-12,24,2,,696,340,356,340,356
2018-06-13,24,3,,270,132,138,132,138
2018-06-14,24,4,,1060,499,561,499,561
2018-06-15,24,5,,1067,515,552,515,552
2018-06-16,24,6,1,940,445,495,445,495
2018-06-17,24,7,1,660,310,350,310,350
2018-06-18,25,1,,957,459,498,459,498
2018-06-19,25,2,,1265,624,641,624,641
2018-06-20,25,3,,1298,620,678,620,678
2018-06-21,25,4,,1047,522,525,522,525
2018-06-22,25,5,,835,409,426,409,426
2018-06-23,25,6,1,1028,487,541,487,541
2018-06-24,25,7,1,962,450,512,450,512
2018-06-25,26,1,,1173,569,604,569,604
2018-06-26,26,2,,1182,569,613,569,613
2018-06-27,26,3,,1262,589,673,589,673
2018-06-28,26,4,,1191,570,621,570,621
2018-06-29,26,5,,1197,612,585,612,585
2018-06-30,26,6,1,802,405,397,405,397
2018-07-01,26,7,1,632,309,323,309,323
2018-07-02,27,1,,1052,500,552,500,552
2018-07-03,27,2,,1050,526,524,526,524
2018-07-04,27,3,,1056,509,547,509,547
2018-07-05,27,4,,900,435,465,435,465
2018-07-06,27,5,,775,368,407,368,407
2018-07-07,27,6,5,915,425,490,425,490
2018-07-08,27,7,5,703,318,385,318,385
2018-07-09,28,1,4,1201,563,638,563,638
2018-07-10,28,2,4,1088,527,561,527,561
2018-07-11,28,3,4,988,484,504,484,504
2018-07-12,28,4,4,1149,565,584,565,584
2018-07-13,28,5,4,1035,512,523,512,523
2018-07-14,28,6,7,757,359,398,359,398
2018-07-15,28,7,5,617,302,315,302,315
2018-07-16,29,1,4,909,435,474,435,474
2018-07-17,29,2,4,1103,524,579,524,579
2018-07-18,29,3,4,1115,539,576,539,576
2018-07-19,29,4,4,1051,504,547,504,547
2018-07-20,29,5,4,984,467,517,467,517
2018-07-21,29,6,5,749,352,397,352,397
2018-07-22,29,7,5,840,394,446,394,446
2018-07-23,30,1,4,1081,507,574,507,574
2018-07-24,30,2,4,1096,542,554,542,554
2018-07-25,30,3,4,1126,517,609,517,609
2018-07-26,30,4,4,983,488,495,488,495
2018-07-27,30,5,4,842,413,429,413,429
2018-07-28,30,6,5,657,308,349,308,349
2018-07-29,30,7,5,667,334,333,334,333
2018-07-30,31,1,4,863,431,432,431,432
2018-07-31,31,2,4,938,457,481,457,481
2018-08-01,31,3,4,880,427,453,427,453
2018-08-02,31,4,4,844,412,432,412,432
2018-08-03,31,5,4,718,342,376,342,376
2018-08-04,31,6,5,615,297,318,297,318
2018-08-05,31,7,5,389,189,200,189,200
2018-08-06,32,1,4,679,321,358,321,358
2018-08-07,32,2,4,780,375,405,375,405
2018-08-08,32,3,4,796,392,404,392,404
2018-08-09,32,4,4,357,176,181,176,181
2018-08-10,32,5,4,862,412,450,412,450
2018-08-11,32,6,5,823,366,457,366,457
2018-08-12,32,7,5,570,270,300,270,300
2018-08-13,33,1,4,317,158,159,158,159
2018-08-14,33,2,4,517,247,270,247,270
2018-08-15,33,3,6,838,380,458,380,458
2018-08-16,33,4,4,852,409,443,409,443
2018-08-17,33,5,4,683,317,366,317,366
2018-08-18,33,6,5,748,358,390,358,390
2018-08-19,33,7,5,792,382,410,382,410
2018-08-20,34,1,4,983,474,509,474,509
2018-08-21,34,2,4,1042,513,529,513,529
2018-08-22,34,3,4,913,438,475,438,475
2018-08-23,34,4,4,878,411,467,411,467
2018-08-24,34,5,4,676,312,364,312,364
2018-08-25,34,6,5,663,309,354,309,354
2018-08-26,34,7,5,947,433,514,433,514
2018-08-27,35,1,4,1091,535,556,535,556
2018-08-28,35,2,4,1189,572,617,572,617
2018-08-29,35,3,4,818,397,421,397,421
2018-08-30,35,4,4,880,422,458,422,458
2018-08-31,35,5,4,1040,497,543,497,543
2018-09-01,35,6,5,646,312,334,312,334
2018-09-02,35,7,5,997,463,534,463,534
2018-09-03,36,1,,1186,582,604,582,604
2018-09-04,36,2,,1279,620,659,620,659
2018-09-05,36,3,,1307,640,667,640,667
2018-09-06,36,4,,658,317,341,317,341
2018-09-07,36,5,,863,409,454,409,454
2018-09-08,36,6,1,1079,507,572,507,572
2018-09-09,36,7,1,1142,542,600,542,600
2018-09-10,37,1,,1263,608,655,608,655
2018-09-11,37,2,,1233,587,646,587,646
2018-09-12,37,3,,1146,543,603,543,603
2018-09-13,37,4,,1116,564,552,564,552
2018-09-14,37,5,,859,423,436,423,436
2018-09-15,37,6,1,1061,484,577,484,577
2018-09-16,37,7,1,1058,500,558,500,558
2018-09-17,38,1,,968,449,519,449,519
2018-09-18,38,2,,843,383,460,383,460
2018-09-19,38,3,,883,420,463,420,463
2018-09-20,38,4,,741,343,398,343,398
2018-09-21,38,5,,540,245,295,245,295
2018-09-22,38,6,1,791,398,393,398,393
2018-09-23,38,7,1,904,426,478,426,478
2018-09-24,39,1,,407,193,214,193,214
2018-09-25,39,2,,589,288,301,288,301
2018-09-26,39,3,,714,332,382,332,382
2018-09-27,39,4,,754,339,415,339,415
2018-09-28,39,5,,696,315,381,315,381
2018-09-29,39,6,1,764,349,415,349,415
2018-09-30,39,7,1,491,228,263,228,263
2018-10-01,40,1,,280,134,146,134,146
2018-10-02,40,2,,513,244,269,244,269
2018-10-03,40,3,,640,312,328,312,328
2018-10-04,40,4,,749,352,397,352,397
2018-10-05,40,5,,684,317,367,317,367
2018-10-06,40,6,1,605,272,333,272,333
2018-10-07,40,7,1,89,34,55,34,55
2018-10-08,41,1,,524,259,265,259,265
2018-10-09,41,2,,668,323,345,323,345
2018-10-10,41,3,,673,325,348,325,348
2018-10-11,41,4,,531,262,269,262,269
2018-10-12,41,5,,640,323,317,323,317
2018-10-13,41,6,1,904,417,487,417,487
2018-10-14,41,7,1,702,338,364,338,364
2018-10-15,42,1,,574,267,307,267,307
2018-10-16,42,2,,571,278,293,278,293
2018-10-17,42,3,,730,366,364,366,364
2018-10-18,42,4,,791,351,440,351,440
2018-10-19,42,5,,730,341,389,341,389
2018-10-20,42,6,5,707,327,380,327,380
2018-10-21,42,7,5,585,263,322,263,322
2018-10-22,43,1,4,587,259,328,259,328
2018-10-23,43,2,4,646,306,340,306,340
2018-10-24,43,3,4,639,283,356,283,356
2018-10-25,43,4,4,573,262,311,262,311
2018-10-26,43,5,4,556,256,300,256,300
2018-10-27,43,6,5,57,31,26,31,26
2018-10-28,43,7,5,209,94,115,94,115
2018-10-29,44,1,4,144,72,72,72,72
2018-10-30,44,2,4,445,217,228,217,228
2018-10-31,44,3,4,474,230,244,230,244
2018-11-01,44,4,6,214,95,119,95,119
2018-11-02,44,5,4,240,120,120,120,120
2018-11-03,44,6,5,590,278,312,278,312
2018-11-04,44,7,5,641,313,328,313,328
2018-11-05,45,1,,703,337,366,337,366
2018-11-06,45,2,,420,197,223,197,223
2018-11-07,45,3,,530,266,264,266,264
2018-11-08,45,4,,536,257,279,257,279
2018-11-09,45,5,,586,291,295,291,295
2018-11-10,45,6,1,530,249,281,249,281
2018-11-11,45,7,3,513,253,260,253,260
2018-11-12,46,1,,682,336,346,336,346
2018-11-13,46,2,,761,354,407,354,407
2018-11-14,46,3,,938,458,480,458,480
2018-11-15,46,4,,866,423,443,423,443
2018-11-16,46,5,,724,355,369,355,369
2018-11-17,46,6,1,788,374,414,374,414
2018-11-18,46,7,1,708,332,376,332,376
2018-11-19,47,1,,627,314,313,314,313
2018-11-20,47,2,,491,236,255,236,255
2018-11-21,47,3,,271,141,130,141,130
2018-11-22,47,4,,640,317,323,317,323
2018-11-23,47,5,,292,141,151,141,151
2018-11-24,47,6,1,707,343,364,343,364
2018-11-25,47,7,1,330,166,164,166,164
2018-11-26,48,1,,384,192,192,192,192
2018-11-27,48,2,,420,209,211,209,211
2018-11-28,48,3,,753,384,369,384,369
2018-11-29,48,4,,704,342,362,342,362
2018-11-30,48,5,,272,141,131,141,131
2018-12-01,48,6,1,536,247,289,247,289
2018-12-02,48,7,1,11,6,5,6,5
2018-12-03,49,1,,352,168,184,168,184
2018-12-04,49,2,,572,260,312,260,312
2018-12-05,49,3,,816,384,432,384,432
2018-12-06,49,4,,304,143,161,143,161
2018-12-07,49,5,,741,358,383,358,383
2018-12-08,49,6,1,320,158,162,158,162
2018-12-09,49,7,1,84,34,50,34,50
2018-12-10,50,1,,290,139,151,139,151
2018-12-11,50,2,,665,326,339,326,339
2018-12-12,50,3,,506,246,260,246,260
2018-12-13,50,4,,512,257,255,257,255
2018-12-14,50,5,,499,250,249,250,249
2018-12-15,50,6,1,389,192,197,192,197
2018-12-16,50,7,1,71,36,35,36,35
2018-12-17,51,1,,303,134,169,134,169
2018-12-18,51,2,,610,297,313,297,313
2018-12-19,51,3,,286,141,145,141,145
2018-12-20,51,4,,496,236,260,236,260
2018-12-21,51,5,,265,130,135,130,135
2018-12-22,51,6,5,281,135,146,135,146
2018-12-23,51,7,5,309,149,160,149,160
2018-12-24,52,1,4,220,107,113,107,113
2018-12-25,52,2,6,149,71,78,71,78
2018-12-26,52,3,4,417,192,225,192,225
2018-12-27,52,4,4,286,140,146,140,146
2018-12-28,52,5,4,249,114,135,114,135
2018-12-29,52,6,5,258,128,130,128,130
2018-12-30,52,7,5,299,147,152,147,152
2018-12-31,01,1,4,342,163,179,163,179
2019-01-01,01,2,6,157,65,92,65,92
2019-01-02,01,3,4,389,189,200,189,200
2019-01-03,01,4,4,559,276,283,276,283
2019-01-04,01,5,4,508,239,269,239,269
2019-01-05,01,6,5,379,159,220,159,220
2019-01-06,01,7,5,178,76,102,76,102
2019-01-07,02,1,,491,235,256,235,256
2019-01-08,02,2,,383,182,201,182,201
2019-01-09,02,3,,274,122,152,122,152
2019-01-10,02,4,,314,156,158,156,158
2019-01-11,02,5,,456,224,232,224,232
2019-01-12,02,6,1,319,147,172,147,172
2019-01-13,02,7,1,183,82,101,82,101
2019-01-14,03,1,,276,142,134,142,134
2019-01-15,03,2,,626,303,323,303,323
2019-01-16,03,3,,669,333,336,333,336
2019-01-17,03,4,,335,168,167,168,167
2019-01-18,03,5,,409,199,210,199,210
2019-01-19,03,6,1,534,242,292,242,292
2019-01-20,03,7,1,373,167,206,167,206
2019-01-21,04,1,,530,255,275,255,275
2019-01-22,04,2,,585,271,314,271,314
2019-01-23,04,3,,270,128,142,128,142
2019-01-24,04,4,,251,128,123,128,123
2019-01-25,04,5,,347,167,180,167,180
2019-01-26,04,6,1,379,182,197,182,197
2019-01-27,04,7,1,130,65,65,65,65
2019-01-28,05,1,,342,169,173,169,173
2019-01-29,05,2,,516,233,283,233,283
2019-01-30,05,3,,366,176,190,176,190
2019-01-31,05,4,,386,189,197,189,197
2019-02-01,05,5,,158,70,88,70,88
2019-02-02,05,6,1,253,113,140,113,140
2019-02-03,05,7,1,55,20,35,20,35
2019-02-04,06,1,,484,241,243,241,243
2019-02-05,06,2,,614,286,328,286,328
2019-02-06,06,3,,637,315,322,315,322
2019-02-07,06,4,,381,189,192,189,192
2019-02-08,06,5,,528,256,272,256,272
2019-02-09,06,6,1,459,224,235,224,235
2019-02-10,06,7,1,184,86,98,86,98
2019-02-11,07,1,,197,98,99,98,99
2019-02-12,07,2,,619,304,315,304,315
2019-02-13,07,3,,716,353,363,353,363
2019-02-14,07,4,,642,309,333,309,333
2019-02-15,07,5,,715,372,343,372,343
2019-02-16,07,6,5,962,467,495,467,495
2019-02-17,07,7,5,804,378,426,378,426
2019-02-18,08,1,4,871,422,449,422,449
2019-02-19,08,2,4,823,388,435,388,435
2019-02-20,08,3,4,899,432,467,432,467
2019-02-21,08,4,4,830,392,438,392,438
2019-02-22,08,5,4,939,444,495,444,495
2019-02-23,08,6,5,978,445,533,445,533
2019-02-24,08,7,5,847,418,429,418,429
2019-02-25,09,1,4,911,424,487,424,487
2019-02-26,09,2,4,999,486,513,486,513
2019-02-27,09,3,4,1062,512,550,512,550
2019-02-28,09,4,4,874,398,476,398,476
2019-03-01,09,5,4,524,248,276,248,276
2019-03-02,09,6,5,459,206,253,206,253
2019-03-03,09,7,5,978,473,505,473,505
2019-03-04,10,1,,518,251,267,251,267
2019-03-05,10,2,,1063,525,538,525,538
2019-03-06,10,3,,742,381,361,381,361
2019-03-07,10,4,,533,265,268,265,268
2019-03-08,10,5,,804,402,402,402,402
2019-03-09,10,6,1,589,275,314,275,314
2019-03-10,10,7,1,573,268,305,268,305
2019-03-11,11,1,,376,171,205,171,205
2019-03-12,11,2,,995,473,522,473,522
2019-03-13,11,3,,522,255,267,255,267
2019-03-14,11,4,,344,172,172,172,172
2019-03-15,11,5,,257,123,134,123,134
2019-03-16,11,6,1,1086,535,551,535,551
2019-03-17,11,7,1,1072,465,607,465,607
2019-03-18,12,1,,454,221,233,221,233
2019-03-19,12,2,,898,425,473,425,473
2019-03-20,12,3,,1049,505,544,505,544
2019-03-21,12,4,,991,492,499,492,499
2019-03-22,12,5,,1070,514,556,514,556
2019-03-23,12,6,1,1211,576,635,576,635
2019-03-24,12,7,1,1049,485,564,485,564
2019-03-25,13,1,,705,330,375,330,375
2019-03-26,13,2,,717,333,384,333,384
2019-03-27,13,3,,1080,506,574,506,574
2019-03-28,13,4,,1019,488,531,488,531
2019-03-29,13,5,,939,453,486,453,486
2019-03-30,13,6,1,1585,594,991,594,991
2019-03-31,13,7,1,1117,539,578,539,578
2019-04-01,14,1,,1037,501,536,501,536
2019-04-02,14,2,,966,474,492,474,492
2019-04-03,14,3,,302,147,155,147,155
2019-04-04,14,4,,322,176,146,176,146
2019-04-05,14,5,,867,423,444,423,444
2019-04-06,14,6,1,753,357,396,357,396
2019-04-07,14,7,1,442,210,232,210,232
2019-04-08,15,1,,775,364,411,364,411
2019-04-09,15,2,,1053,497,556,497,556
2019-04-10,15,3,,616,304,312,304,312
2019-04-11,15,4,,536,257,279,257,279
2019-04-12,15,5,,779,368,411,368,411
2019-04-13,15,6,5,727,351,376,351,376
2019-04-14,15,7,5,563,264,299,264,299
2019-04-15,16,1,4,1053,514,539,514,539
2019-04-16,16,2,4,423,207,216,207,216
2019-04-17,16,3,4,1264,614,650,614,650
2019-04-18,16,4,4,1118,534,584,534,584
2019-04-19,16,5,4,1039,518,521,518,521
2019-04-20,16,6,5,1099,530,569,530,569
2019-04-21,16,7,5,587,266,321,266,321
2019-04-22,17,1,6,934,443,491,443,491
2019-04-23,17,2,4,809,390,419,390,419
2019-04-24,17,3,4,353,167,186,167,186
2019-04-25,17,4,4,626,299,327,299,327
2019-04-26,17,5,4,593,282,311,282,311
2019-04-27,17,6,5,581,246,335,246,335
2019-04-28,17,7,5,175,79,96,79,96
2019-04-29,18,1,,646,306,340,306,340
2019-04-30,18,2,,1000,472,528,472,528
2019-05-01,18,3,2,1647,781,866,781,866
2019-05-02,18,4,,440,215,225,215,225
2019-05-03,18,5,,629,314,315,314,315
2019-05-04,18,6,1,688,309,379,309,379
2019-05-05,18,7,1,139,65,74,65,74
2019-05-06,19,1,,846,401,445,401,445
2019-05-07,19,2,,1145,567,578,567,578
2019-05-08,19,3,2,186,96,90,96,90
2019-05-09,19,4,,599,280,319,280,319
2019-05-10,19,5,,1082,523,559,523,559
2019-05-11,19,6,1,394,190,204,190,204
2019-05-12,19,7,1,644,294,350,294,350
2019-05-13,20,1,,957,458,499,458,499
2019-05-14,20,2,,1186,567,619,567,619
2019-05-15,20,3,,1144,538,606,538,606
2019-05-16,20,4,,1300,617,683,617,683
2019-05-17,20,5,,699,332,367,332,367
2019-05-18,20,6,1,598,273,325,273,325
2019-05-19,20,7,1,218,116,102,116,102
2019-05-20,21,1,,277,126,151,126,151
2019-05-21,21,2,,808,382,426,382,426
2019-05-22,21,3,,1316,622,694,622,694
2019-05-23,21,4,,1408,692,716,692,716
2019-05-24,21,5,,1090,528,562,528,562
2019-05-25,21,6,1,646,332,314,332,314
2019-05-26,21,7,1,824,384,440,384,440
2019-05-27,22,1,,977,440,537,440,537
2019-05-28,22,2,,370,170,200,170,200
2019-05-29,22,3,,672,311,361,311,361
2019-05-30,22,4,6,1123,531,592,531,592
2019-05-31,22,5,4,963,466,497,466,497
2019-06-01,22,6,5,907,431,476,431,476
2019-06-02,22,7,5,918,440,478,440,478
2019-06-03,23,1,,1148,561,587,561,587
2019-06-04,23,2,,1288,631,657,631,657
2019-06-05,23,3,,1265,616,649,616,649
2019-06-06,23,4,,1000,486,514,486,514
2019-06-07,23,5,,1102,551,551,551,551
2019-06-08,23,6,1,1038,481,557,481,557
2019-06-09,23,7,1,267,143,124,143,124
2019-06-10,24,1,2,229,111,118,111,118
2019-06-11,24,2,,280,135,145,135,145
2019-06-12,24,3,,1097,543,554,543,554
2019-06-13,24,4,,1539,748,791,748,791
2019-06-14,24,5,,812,367,445,367,445
2019-06-15,24,6,1,381,187,194,187,194
2019-06-16,24,7,1,1061,480,581,480,581
2019-06-17,25,1,,1235,589,646,589,646
2019-06-18,25,2,,1230,579,651,579,651
2019-06-19,25,3,,1331,621,710,621,710
2019-06-20,25,4,,635,298,337,298,337
2019-06-21,25,5,,671,316,355,316,355
2019-06-22,25,6,1,664,317,347,317,347
2019-06-23,25,7,1,925,433,492,433,492
2019-06-24,26,1,,1214,592,622,592,622
2019-06-25,26,2,,1204,579,625,579,625
2019-06-26,26,3,,1042,501,541,501,541
2019-06-27,26,4,,987,496,491,496,491
2019-06-28,26,5,,866,431,435,431,435
2019-06-29,26,6,1,544,269,275,269,275
2019-06-30,26,7,1,382,184,198,184,198
2019-07-01,27,1,,971,461,510,461,510
2019-07-02,27,2,,1108,531,577,531,577
2019-07-03,27,3,,1144,525,619,525,619
2019-07-04,27,4,,1154,535,619,535,619
2019-07-05,27,5,,1050,504,546,504,546
2019-07-06,27,6,5,690,322,368,322,368
2019-07-07,27,7,5,713,352,361,352,361
2019-07-08,28,1,4,1098,521,577,521,577
2019-07-09,28,2,4,802,388,414,388,414
2019-07-10,28,3,4,1222,594,628,594,628
2019-07-11,28,4,4,1131,560,571,560,571
2019-07-12,28,5,4,1028,521,507,521,507
2019-07-13,28,6,5,893,416,477,416,477
2019-07-14,28,7,7,710,338,372,338,372
2019-07-15,29,1,4,817,384,433,384,433
2019-07-16,29,2,4,1258,615,643,615,643
2019-07-17,29,3,4,1254,602,652,602,652
2019-07-18,29,4,4,1133,541,592,541,592
2019-07-19,29,5,4,1015,477,538,477,538
2019-07-20,29,6,5,775,378,397,378,397
2019-07-21,29,7,5,660,325,335,325,335
2019-07-22,30,1,4,1071,519,552,519,552
2019-07-23,30,2,4,997,472,525,472,525
2019-07-24,30,3,4,944,434,510,434,510
2019-07-25,30,4,4,845,405,440,405,440
2019-07-26,30,5,4,775,380,395,380,395
2019-07-27,30,6,5,333,168,165,168,165
2019-07-28,30,7,5,178,82,96,82,96
2019-07-29,31,1,4,1291,631,660,631,660
2019-07-30,31,2,4,1279,616,663,616,663
2019-07-31,31,3,4,1035,496,539,496,539
2019-08-01,31,4,4,1205,597,608,597,608
2019-08-02,31,5,4,932,453,479,453,479
2019-08-03,31,6,5,815,398,417,398,417
2019-08-04,31,7,5,691,316,375,316,375
2019-08-05,32,1,4,917,434,483,434,483
2019-08-06,32,2,4,845,440,405,440,405
2019-08-07,32,3,4,471,226,245,226,245
2019-08-08,32,4,4,1053,519,534,519,534
2019-08-09,32,5,4,790,389,401,389,401
2019-08-10,32,6,5,617,295,322,295,322
2019-08-11,32,7,5,579,296,283,296,283
2019-08-12,33,1,4,413,199,214,199,214
2019-08-13,33,2,4,842,401,441,401,441
2019-08-14,33,3,4,931,446,485,446,485
2019-08-15,33,4,6,700,346,354,346,354
2019-08-16,33,5,4,730,361,369,361,369
2019-08-17,33,6,5,734,368,366,368,366
2019-08-18,33,7,5,686,319,367,319,367
2019-08-19,34,1,4,666,324,342,324,342
2019-08-20,34,2,4,167,85,82,85,82
2019-08-21,34,3,4,906,423,483,423,483
2019-08-22,34,4,4,1068,513,555,513,555
2019-08-23,34,5,4,1057,505,552,505,552
2019-08-24,34,6,5,829,388,441,388,441
2019-08-25,34,7,5,677,328,349,328,349
2019-08-26,35,1,4,1252,597,655,597,655
2019-08-27,35,2,4,1215,591,624,591,624
2019-08-28,35,3,4,1000,480,520,480,520
2019-08-29,35,4,4,1215,570,645,570,645
2019-08-30,35,5,4,1067,496,571,496,571
2019-08-31,35,6,5,1002,493,509,493,509
2019-09-01,35,7,5,868,424,444,424,444
2019-09-02,36,1,,853,409,444,409,444
2019-09-03,36,2,,1284,634,650,634,650
2019-09-04,36,3,,1318,601,717,601,717
2019-09-05,36,4,,849,421,428,421,428
2019-09-06,36,5,,788,394,394,394,394
2019-09-07,36,6,1,933,439,494,439,494
2019-09-08,36,7,1,406,200,206,200,206
2019-09-09,37,1,,1003,496,507,496,507
2019-09-10,37,2,,689,323,366,323,366
2019-09-11,37,3,,1303,618,685,618,685
2019-09-12,37,4,,1168,559,609,559,609
2019-09-13,37,5,,1133,544,589,544,589
2019-09-14,37,6,1,991,454,537,454,537
2019-09-15,37,7,1,923,441,482,441,482
2019-09-16,38,1,,1163,568,595,568,595
2019-09-17,38,2,,1288,641,647,641,647
2019-09-18,38,3,,1261,609,652,609,652
2019-09-19,38,4,,1121,525,596,525,596
2019-09-20,38,5,,1099,552,547,552,547
2019-09-21,38,6,1,1235,526,709,526,709
2019-09-22,38,7,1,614,265,349,265,349
2019-09-23,39,1,,1028,503,525,503,525
2019-09-24,39,2,,784,372,412,372,412
2019-09-25,39,3,,763,393,370,393,370
2019-09-26,39,4,,938,465,473,465,473
2019-09-27,39,5,,1193,572,621,572,621
2019-09-28,39,6,1,982,468,514,468,514
2019-09-29,39,7,1,993,456,537,456,537
2019-09-30,40,1,,1124,547,577,547,577
2019-10-01,40,2,,1213,572,641,572,641
2019-10-02,40,3,,464,225,239,225,239
2019-10-03,40,4,,976,482,494,482,494
2019-10-04,40,5,,824,394,430,394,430
2019-10-05,40,6,1,646,322,324,322,324
2019-10-06,40,7,1,698,344,354,344,354
2019-10-07,41,1,,750,362,388,362,388
2019-10-08,41,2,,1194,572,622,572,622
2019-10-09,41,3,,459,227,232,227,232
2019-10-10,41,4,,1127,535,592,535,592
2019-10-11,41,5,,1133,553,580,553,580
2019-10-12,41,6,1,721,341,380,341,380
2019-10-13,41,7,1,844,429,415,429,415
2019-10-14,42,1,,1261,618,643,618,643
2019-10-15,42,2,,281,141,140,141,140
2019-10-16,42,3,,1161,562,599,562,599
2019-10-17,42,4,,945,463,482,463,482
2019-10-18,42,5,,643,307,336,307,336
2019-10-19,42,6,5,416,195,221,195,221
2019-10-20,42,7,5,517,243,274,243,274
2019-10-21,43,1,4,367,178,189,178,189
2019-10-22,43,2,4,680,315,365,315,365
2019-10-23,43,3,4,829,400,429,400,429
2019-10-24,43,4,4,765,367,398,367,398
2019-10-25,43,5,4,814,392,422,392,422
2019-10-26,43,6,5,929,428,501,428,501
2019-10-27,43,7,5,843,400,443,400,443
2019-10-28,44,1,4,714,353,361,353,361
2019-10-29,44,2,4,736,347,389,347,389
2019-10-30,44,3,4,941,445,496,445,496
2019-10-31,44,4,4,304,150,154,150,154
2019-11-01,44,5,6,431,187,244,187,244
2019-11-02,44,6,5,184,88,96,88,96
2019-11-03,44,7,5,69,32,37,32,37
2019-11-04,45,1,4,365,167,198,167,198
2019-11-05,45,2,4,731,359,372,359,372
2019-11-06,45,3,4,443,219,224,219,224
2019-11-07,45,4,4,376,178,198,178,198
2019-11-08,45,5,4,671,330,341,330,341
2019-11-09,45,6,5,555,263,292,263,292
2019-11-10,45,7,5,301,153,148,153,148
2019-11-11,46,1,6,511,247,264,247,264
2019-11-12,46,2,4,822,402,420,402,420
2019-11-13,46,3,4,809,401,408,401,408
2019-11-14,46,4,4,412,204,208,204,208
2019-11-15,46,5,,392,188,204,188,204
2019-11-16,46,6,1,472,241,231,241,231
2019-11-17,46,7,1,128,63,65,63,65
2019-11-18,47,1,,664,335,329,335,329
2019-11-19,47,2,,645,320,325,320,325
2019-11-20,47,3,,855,416,439,416,439
2019-11-21,47,4,,655,321,334,321,334
2019-11-22,47,5,,634,300,334,300,334
2019-11-23,47,6,1,282,139,143,139,143
2019-11-24,47,7,1,288,144,144,144,144
2019-11-25,48,1,,807,401,406,401,406
2019-11-26,48,2,,850,423,427,423,427
2019-11-27,48,3,,420,205,215,205,215
2019-11-28,48,4,,450,213,237,213,237
2019-11-29,48,5,,478,234,244,234,244
2019-11-30,48,6,1,533,267,266,267,266
2019-12-01,48,7,1,23,11,12,11,12
2019-12-02,49,1,,598,293,305,293,305
2019-12-03,49,2,,638,318,320,318,320
2019-12-04,49,3,,703,347,356,347,356
2019-12-05,49,4,,856,433,423,433,423
2019-12-06,49,5,,698,342,356,342,356
2019-12-07,49,6,1,610,287,323,287,323
2019-12-08,49,7,1,416,199,217,199,217
2019-12-09,50,1,,418,198,220,198,220
2019-12-10,50,2,,766,375,391,375,391
2019-12-11,50,3,,470,239,231,239,231
2019-12-12,50,4,,678,332,346,332,346
2019-12-13,50,5,,335,164,171,164,171
2019-12-14,50,6,1,105,51,54,51,54
2019-12-15,50,7,1,528,239,289,239,289
2019-12-16,51,1,,730,361,369,361,369
2019-12-17,51,2,,861,415,446,415,446
2019-12-18,51,3,,919,444,475,444,475
2019-12-19,51,4,,899,445,454,445,454
2019-12-20,51,5,,223,115,108,115,108
2019-12-21,51,6,5,483,237,246,237,246
2019-12-22,51,7,5,90,46,44,46,44
2019-12-23,52,1,4,207,106,101,106,101
2019-12-24,52,2,4,129,61,68,61,68
2019-12-25,52,3,6,90,43,47,43,47
2019-12-26,52,4,4,372,191,181,191,181
2019-12-27,52,5,4,135,67,68,67,68
2019-12-28,52,6,5,400,198,202,198,202
2019-12-29,52,7,5,289,142,147,142,147
2019-12-30,01,1,4,469,229,240,229,240
2019-12-31,01,2,4,489,238,251,238,251
2020-01-01,01,3,6,169,76,93,76,93
2020-01-02,01,4,4,383,183,200,183,200
2020-01-03,01,5,4,464,219,245,219,245
2020-01-04,01,6,5,530,253,277,253,277
2020-01-05,01,7,5,430,205,225,205,225
2020-01-06,02,1,,761,358,403,358,403
2020-01-07,02,2,,801,389,412,389,412
2020-01-08,02,3,,771,377,394,377,394
2020-01-09,02,4,,818,394,424,394,424
2020-01-10,02,5,,540,259,281,259,281
2020-01-11,02,6,1,598,275,323,275,323
2020-01-12,02,7,1,700,316,384,316,384
2020-01-13,03,1,,792,376,416,376,416
2020-01-14,03,2,,855,420,435,420,435
2020-01-15,03,3,,775,368,407,368,407
2020-01-16,03,4,,870,425,445,425,445
2020-01-17,03,5,,439,213,226,213,226
2020-01-18,03,6,1,453,219,234,219,234
2020-01-19,03,7,1,303,135,168,135,168
2020-01-20,04,1,,649,321,328,321,328
2020-01-21,04,2,,654,321,333,321,333
2020-01-22,04,3,,693,350,343,350,343
2020-01-23,04,4,,686,334,352,334,352
2020-01-24,04,5,,506,256,250,256,250
2020-01-25,04,6,1,584,266,318,266,318
2020-01-26,04,7,1,181,88,93,88,93
2020-01-27,05,1,,691,334,357,334,357
2020-01-28,05,2,,299,142,157,142,157
2020-01-29,05,3,,396,195,201,195,201
2020-01-30,05,4,,527,260,267,260,267
2020-01-31,05,5,,0,0,0,0,0
2020-02-01,05,6,1,400,202,198,202,198
2020-02-02,05,7,1,82,36,46,36,46
2020-02-03,06,1,,1004,485,519,485,519
2020-02-04,06,2,,356,169,187,169,187
2020-02-05,06,3,,673,313,360,313,360
2020-02-06,06,4,,746,370,376,370,376
2020-02-07,06,5,,763,367,396,367,396
2020-02-08,06,6,1,833,378,455,378,455
2020-02-09,06,7,1,654,301,353,301,353
2020-02-10,07,1,,719,342,377,342,377
2020-02-11,07,2,,419,203,216,203,216
2020-02-12,07,3,,944,458,486,458,486
2020-02-13,07,4,,487,242,245,242,245
2020-02-14,07,5,,742,365,377,365,377
2020-02-15,07,6,1,1081,492,589,492,589
2020-02-16,07,7,1,829,389,440,389,440
2020-02-17,08,1,,600,273,327,273,327
2020-02-18,08,2,,930,455,475,455,475
2020-02-19,08,3,,451,215,236,215,236
2020-02-20,08,4,,1078,537,541,537,541
2020-02-21,08,5,,843,406,437,406,437
2020-02-22,08,6,5,1141,549,592,549,592
2020-02-23,08,7,5,1035,476,559,476,559
2020-02-24,09,1,4,1266,598,668,598,668
2020-02-25,09,2,4,624,310,314,310,314
2020-02-26,09,3,4,322,159,163,159,163
2020-02-27,09,4,4,320,159,161,159,161
2020-02-28,09,5,4,821,392,429,392,429
2020-02-29,09,6,5,221,120,101,120,101
2020-03-01,09,7,5,536,255,281,255,281
2020-03-02,10,1,4,220,107,113,107,113
2020-03-03,10,2,4,773,380,393,380,393
2020-03-04,10,3,4,850,411,439,411,439
2020-03-05,10,4,4,264,133,131,133,131
2020-03-06,10,5,4,753,367,386,367,386
2020-03-07,10,6,5,702,319,383,319,383
2020-03-08,10,7,5,913,408,505,408,505
2020-03-09,11,1,,434,212,222,212,222
2020-03-10,11,2,,548,266,282,266,282
2020-03-11,11,3,,1330,653,677,653,677
2020-03-12,11,4,,1024,487,537,487,537
2020-03-13,11,5,,696,325,371,325,371
2020-03-14,11,6,1,1195,568,627,568,627
2020-03-15,11,7,1,1438,670,768,670,768
2020-03-16,12,1,,1041,490,551,490,551
2020-03-17,12,2,32,786,379,407,379,407
2020-03-18,12,3,32,818,375,443,375,443
2020-03-19,12,4,32,708,325,383,325,383
2020-03-20,12,5,32,470,221,249,221,249
2020-03-21,12,6,33,338,153,185,153,185
2020-03-22,12,7,33,146,74,72,74,72
2020-03-23,13,1,32,145,62,83,62,83
2020-03-24,13,2,32,38,19,19,19,19
2020-03-25,13,3,32,24,10,14,10,14
2020-03-26,13,4,32,31,14,17,14,17
2020-03-27,13,5,32,51,24,27,24,27
2020-03-28,13,6,33,30,12,18,12,18
2020-03-29,13,7,33,5,1,4,1,4
2020-03-30,14,1,32,22,8,14,8,14
2020-03-31,14,2,32,39,18,21,18,21
2020-04-01,14,3,32,38,18,20,18,20
2020-04-02,14,4,32,60,29,31,29,31
2020-04-03,14,5,32,30,13,17,13,17
2020-04-04,14,6,33,44,25,19,25,19
2020-04-05,14,7,33,41,19,22,19,22
2020-04-06,15,1,32,69,31,38,31,38
2020-04-07,15,2,32,88,43,45,43,45
2020-04-08,15,3,32,69,36,33,36,33
2020-04-09,15,4,32,94,45,49,45,49
2020-04-10,15,5,32,159,74,85,74,85
2020-04-11,15,6,33,93,42,51,42,51
2020-04-12,15,7,33,40,18,22,18,22
2020-04-13,16,1,34,48,26,22,26,22
2020-04-14,16,2,32,151,67,84,67,84
2020-04-15,16,3,32,167,77,90,77,90
2020-04-16,16,4,32,154,76,78,76,78
2020-04-17,16,5,32,176,82,94,82,94
2020-04-18,16,6,37,80,37,43,37,43
2020-04-19,16,7,37,39,23,16,23,16
2020-04-20,17,1,36,144,76,68,76,68
2020-04-21,17,2,36,153,78,75,78,75
2020-04-22,17,3,36,168,89,79,89,79
2020-04-23,17,4,36,188,88,100,88,100
2020-04-24,17,5,36,218,110,108,110,108
2020-04-25,17,6,37,155,64,91,64,91
2020-04-26,17,7,37,75,42,33,42,33
2020-04-27,18,1,36,142,67,75,67,75
2020-04-28,18,2,36,79,37,42,37,42
2020-04-29,18,3,36,227,110,117,110,117
2020-04-30,18,4,36,99,47,52,47,52
2020-05-01,18,5,38,30,17,13,17,13
2020-05-02,18,6,37,67,27,40,27,40
2020-05-03,18,7,37,137,65,72,65,72
2020-05-04,19,1,32,332,161,171,161,171
2020-05-05,19,2,32,290,136,154,136,154
2020-05-06,19,3,32,327,149,178,149,178
2020-05-07,19,4,32,349,158,191,158,191
2020-05-08,19,5,34,240,115,125,115,125
2020-05-09,19,6,33,272,115,157,115,157
2020-05-10,19,7,33,137,60,77,60,77
2020-05-11,20,1,32,964,434,530,434,530
2020-05-12,20,2,,961,471,490,471,490
2020-05-13,20,3,,413,199,214,199,214
2020-05-14,20,4,,774,354,420,354,420
2020-05-15,20,5,,608,294,314,294,314
2020-05-16,20,6,1,1523,708,815,708,815
2020-05-17,20,7,1,1489,691,798,691,798
2020-05-18,21,1,,1576,782,794,782,794
2020-05-19,21,2,,1556,751,805,751,805
2020-05-20,21,3,4,1592,769,823,769,823
2020-05-21,21,4,6,1656,809,847,809,847
2020-05-22,21,5,4,1388,678,710,678,710
2020-05-23,21,6,5,775,367,408,367,408
2020-05-24,21,7,5,1786,829,957,829,957
2020-05-25,22,1,,1688,827,861,827,861
2020-05-26,22,2,,1700,813,887,813,887
2020-05-27,22,3,,1742,825,917,825,917
2020-05-28,22,4,,1584,767,817,767,817
2020-05-29,22,5,,1546,766,780,766,780
2020-05-30,22,6,1,1711,831,880,831,880
2020-05-31,22,7,1,1658,799,859,799,859
2020-06-01,23,1,2,1705,800,905,800,905
2020-06-02,23,2,,1523,732,791,732,791
2020-06-03,23,3,,958,462,496,462,496
2020-06-04,23,4,,415,205,210,205,210
2020-06-05,23,5,,721,353,368,353,368
2020-06-06,23,6,1,1734,809,925,809,925
2020-06-07,23,7,1,530,258,272,258,272
2020-06-08,24,1,,1132,55,1077,55,1077
2020-06-09,24,2,,388,189,199,189,199
2020-06-10,24,3,,381,178,203,178,203
2020-06-11,24,4,,1264,612,652,612,652
2020-06-12,24,5,,1149,551,598,551,598
2020-06-13,24,6,1,501,228,273,228,273
2020-06-14,24,7,1,1672,769,903,769,903
2020-06-15,25,1,,1400,664,736,664,736
2020-06-16,25,2,,1373,653,720,653,720
2020-06-17,25,3,,1246,610,636,610,636
2020-06-18,25,4,,1163,552,611,552,611
2020-06-19,25,5,,1322,639,683,639,683
2020-06-20,25,6,1,1566,755,811,755,811
2020-06-21,25,7,1,1443,687,756,687,756
2020-06-22,26,1,,1377,698,679,698,679
2020-06-23,26,2,,1645,789,856,789,856
2020-06-24,26,3,,1555,747,808,747,808
2020-06-25,26,4,,1425,703,722,703,722
2020-06-26,26,5,,1280,619,661,619,661
2020-06-27,26,6,1,1348,663,685,663,685
2020-06-28,26,7,1,1268,600,668,600,668
2020-06-29,27,1,,1365,669,696,669,696
2020-06-30,27,2,,1672,823,849,823,849
2020-07-01,27,3,,1047,512,535,512,535
2020-07-02,27,4,,1313,630,683,630,683
2020-07-03,27,5,,1021,493,528,493,528
2020-07-04,27,6,5,1425,689,736,689,736
2020-07-05,27,7,5,1163,552,611,552,611
2020-07-06,28,1,4,1189,562,627,562,627
2020-07-07,28,2,4,1558,770,788,770,788
2020-07-08,28,3,4,1469,724,745,724,745
2020-07-09,28,4,4,1368,667,701,667,701
2020-07-10,28,5,4,1016,483,533,483,533
2020-07-11,28,6,5,934,440,494,440,494
2020-07-12,28,7,5,976,463,513,463,513
2020-07-13,29,1,4,1162,556,606,556,606
2020-07-14,29,2,6,1101,494,607,494,607
2020-07-15,29,3,4,1213,583,630,583,630
2020-07-16,29,4,4,1152,568,584,568,584
2020-07-17,29,5,4,962,475,487,475,487
2020-07-18,29,6,5,1062,496,566,496,566
2020-07-19,29,7,5,1052,469,583,469,583
2020-07-20,30,1,4,1351,659,692,659,692
2020-07-21,30,2,4,1322,647,675,647,675
2020-07-22,30,3,4,935,452,483,452,483
2020-07-23,30,4,4,1386,668,718,668,718
2020-07-24,30,5,4,961,460,501,460,501
2020-07-25,30,6,5,1044,485,559,485,559
2020-07-26,30,7,5,925,435,490,435,490
2020-07-27,31,1,4,1124,543,581,543,581
2020-07-28,31,2,4,1114,552,562,552,562
2020-07-29,31,3,4,1203,594,609,594,609
2020-07-30,31,4,4,1034,503,531,503,531
2020-07-31,31,5,4,865,431,434,431,434
2020-08-01,31,6,5,687,336,351,336,351
2020-08-02,31,7,5,824,373,451,373,451
2020-08-03,32,1,4,697,344,353,344,353
2020-08-04,32,2,4,1058,502,556,502,556
2020-08-05,32,3,4,1200,586,614,586,614
2020-08-06,32,4,4,1100,546,554,546,554
2020-08-07,32,5,4,853,424,429,424,429
2020-08-08,32,6,5,772,370,402,370,402
2020-08-09,32,7,5,626,305,321,305,321
2020-08-10,33,1,4,831,424,407,424,407
2020-08-11,33,2,4,1008,489,519,489,519
2020-08-12,33,3,4,924,455,469,455,469
2020-08-13,33,4,4,748,366,382,366,382
2020-08-14,33,5,4,899,440,459,440,459
2020-08-15,33,6,7,951,461,490,461,490
2020-08-16,33,7,5,795,355,440,355,440
2020-08-17,34,1,4,1043,520,523,520,523
2020-08-18,34,2,4,1207,601,606,601,606
2020-08-19,34,3,4,1259,615,644,615,644
2020-08-20,34,4,4,1007,505,502,505,502
2020-08-21,34,5,4,1003,501,502,501,502
2020-08-22,34,6,5,782,376,406,376,406
2020-08-23,34,7,5,749,349,400,349,400
2020-08-24,35,1,4,1284,603,681,603,681
2020-08-25,35,2,4,1419,701,718,701,718
2020-08-26,35,3,4,1312,635,677,635,677
2020-08-27,35,4,4,1379,690,689,690,689
2020-08-28,35,5,4,558,263,295,263,295
2020-08-29,35,6,5,183,84,99,84,99
2020-08-30,35,7,5,541,243,298,243,298
2020-08-31,36,1,4,1153,566,587,566,587
2020-09-01,36,2,,1372,668,704,668,704
2020-09-02,36,3,,1649,794,855,794,855
2020-09-03,36,4,,1526,753,773,753,773
2020-09-04,36,5,,1426,691,735,691,735
2020-09-05,36,6,1,1249,593,656,593,656
2020-09-06,36,7,1,1137,522,615,522,615
2020-09-07,37,1,,1211,578,633,578,633
2020-09-08,37,2,,1654,801,853,801,853
2020-09-09,37,3,,1490,736,754,736,754
2020-09-10,37,4,,1477,717,760,717,760
2020-09-11,37,5,,1316,640,676,640,676
2020-09-12,37,6,1,1292,616,676,616,676
2020-09-13,37,7,1,1209,587,622,587,622
2020-09-14,38,1,,1485,723,762,723,762
2020-09-15,38,2,,1739,845,894,845,894
2020-09-16,38,3,,1481,707,774,707,774
2020-09-17,38,4,,1498,753,745,753,745
2020-09-18,38,5,,1411,704,707,704,707
2020-09-19,38,6,1,1222,566,656,566,656
2020-09-20,38,7,1,860,389,471,389,471
2020-09-21,39,1,,1137,566,571,566,571
2020-09-22,39,2,,1070,524,546,524,546
2020-09-23,39,3,,1397,676,721,676,721
2020-09-24,39,4,,821,397,424,397,424
2020-09-25,39,5,,503,237,266,237,266
2020-09-26,39,6,1,339,162,177,162,177
2020-09-27,39,7,1,316,130,186,130,186
2020-09-28,40,1,,790,380,410,380,410
2020-09-29,40,2,,1318,619,699,619,699
2020-09-30,40,3,,1820,898,922,898,922
2020-10-01,40,4,,939,475,464,475,464
2020-10-02,40,5,,425,200,225,200,225
2020-10-03,40,6,1,766,368,398,368,398
2020-10-04,40,7,1,558,265,293,265,293
2020-10-05,41,1,,962,473,489,473,489
2020-10-06,41,2,,595,285,310,285,310
2020-10-07,41,3,,1271,629,642,629,642
2020-10-08,41,4,,1650,790,860,790,860
2020-10-09,41,5,,1217,610,607,610,607
2020-10-10,41,6,1,605,279,326,279,326
2020-10-11,41,7,1,613,269,344,269,344
2020-10-12,42,1,,908,449,459,449,459
2020-10-13,42,2,,1134,564,570,564,570
2020-10-14,42,3,,813,395,418,395,418
2020-10-15,42,4,,599,292,307,292,307
2020-10-16,42,5,,653,321,332,321,332
2020-10-17,42,6,5,892,397,495,397,495
2020-10-18,42,7,5,836,382,454,382,454
2020-10-19,43,1,4,1319,634,685,634,685
2020-10-20,43,2,4,1097,568,529,568,529
2020-10-21,43,3,4,1005,491,514,491,514
2020-10-22,43,4,4,757,369,388,369,388
2020-10-23,43,5,4,388,189,199,189,199
2020-10-24,43,6,5,1211,559,652,559,652
2020-10-25,43,7,5,1138,528,610,528,610
2020-10-26,44,1,4,353,163,190,163,190
2020-10-27,44,2,4,924,449,475,449,475
2020-10-28,44,3,4,856,429,427,429,427
2020-10-29,44,4,4,1088,528,560,528,560
2020-10-30,44,5,36,571,293,278,293,278
2020-10-31,44,6,5,495,245,250,245,250
2020-11-01,44,7,39,432,211,221,211,221
2020-11-02,45,1,32,832,415,417,415,417
2020-11-03,45,2,32,474,223,251,223,251
2020-11-04,45,3,32,605,290,315,290,315
2020-11-05,45,4,32,707,355,352,355,352
2020-11-06,45,5,32,808,418,390,418,390
2020-11-07,45,6,33,679,332,347,332,347
2020-11-08,45,7,33,392,197,195,197,195
2020-11-09,46,1,32,934,462,472,462,472
2020-11-10,46,2,32,874,438,436,438,436
2020-11-11,46,3,34,688,299,389,299,389
2020-11-12,46,4,32,900,441,459,441,459
2020-11-13,46,5,32,820,391,429,391,429
2020-11-14,46,6,33,1017,497,520,497,520
2020-11-15,46,7,33,559,272,287,272,287
2020-11-16,47,1,32,667,317,350,317,350
2020-11-17,47,2,32,834,411,423,411,423
2020-11-18,47,3,32,1074,516,558,516,558
2020-11-19,47,4,32,544,255,289,255,289
2020-11-20,47,5,32,614,297,317,297,317
2020-11-21,47,6,33,757,339,418,339,418
2020-11-22,47,7,33,686,307,379,307,379
2020-11-23,48,1,32,787,382,405,382,405
2020-11-24,48,2,32,853,410,443,410,443
2020-11-25,48,3,32,793,358,435,358,435
2020-11-26,48,4,32,713,336,377,336,377
2020-11-27,48,5,32,685,324,361,324,361
2020-11-28,48,6,33,1143,528,615,528,615
2020-11-29,48,7,33,575,270,305,270,305
2020-11-30,49,1,32,648,339,309,13,285,326,24
2020-12-01,49,2,32,339,169,170,7,159,162,11
2020-12-02,49,3,32,535,265,270,9,239,256,31
2020-12-03,49,4,32,867,419,448,22,409,397,39
2020-12-04,49,5,32,220,107,113,10,105,97,8
2020-12-05,49,6,33,173,77,96,8,74,69,22
2020-12-06,49,7,33,418,203,215,29,180,174,35
2020-12-07,50,1,32,531,255,276,12,257,243,19
2020-12-08,50,2,32,645,335,310,16,278,319,32
2020-12-09,50,3,32,337,167,170,14,151,153,19
2020-12-10,50,4,32,562,284,278,11,247,273,31
2020-12-11,50,5,32,357,182,175,10,162,172,13
2020-12-12,50,6,33,83,41,42,3,37,38,5
2020-12-13,50,7,33,556,261,295,39,243,222,52
2020-12-14,51,1,32,873,416,457,31,405,385,52
2020-12-15,51,2,32,440,216,224,10,202,206,22
2020-12-16,51,3,,830,404,426,31,385,373,41
2020-12-17,51,4,,604,296,308,17,289,279,19
2020-12-18,51,5,,636,300,336,26,297,274,39
2020-12-19,51,6,5,771,367,404,33,345,334,59
2020-12-20,51,7,5,171,84,87,13,69,71,18
2020-12-21,52,1,4,437,206,231,15,208,191,23
2020-12-22,52,2,4,850,413,437,45,384,368,53
2020-12-23,52,3,4,641,311,330,40,282,271,48
2020-12-24,52,4,4,342,169,173,20,149,149,24
2020-12-25,52,5,6,28,12,16,3,13,9,3
2020-12-26,52,6,5,239,116,123,13,109,103,14
2020-12-27,52,7,5,251,121,130,14,107,107,23
2020-12-28,53,1,4,487,236,251,24,214,212,37
2020-12-29,53,2,,458,222,236,24,198,198,38
2020-12-30,53,3,,362,162,200,19,174,143,26
2020-12-31,53,4,,142,67,75,7,65,60,10
2021-01-01,53,5,,77,36,41,5,33,31,8
2021-01-02,53,6,,200,95,105,8,87,87,18
2021-01-03,53,7,,212,102,110,12,104,90,6
2021-01-04,1,1,,556,272,284,14,250,258,34
