date,week,dow,status,total,in,out,101000565,102000565,353244422,353244427
2009-06-17,25,3,,1384,675,709,675,709
2009-06-18,25,4,,2663,1376,1287,1376,1287
2009-06-19,25,5,,2295,1208,1087,1208,1087
2009-06-20,25,6,1,1084,538,546,538,546
2009-06-21,25,7,1,888,452,436,452,436
2009-06-22,26,1,,2251,1145,1106,1145,1106
2009-06-23,26,2,,2469,1262,1207,1262,1207
2009-06-24,26,3,,2538,1331,1207,1331,1207
2009-06-25,26,4,,2658,1341,1317,1341,1317
2009-06-26,26,5,,2241,1149,1092,1149,1092
2009-06-27,26,6,1,946,490,456,490,456
2009-06-28,26,7,1,1046,514,532,514,532
2009-06-29,27,1,,2335,1229,1106,1229,1106
2009-06-30,27,2,,2654,1333,1321,1333,1321
2009-07-01,27,3,,2425,1252,1173,1252,1173
2009-07-02,27,4,4,2482,1243,1239,1243,1239
2009-07-03,27,5,4,2266,1163,1103,1163,1103
2009-07-04,27,6,5,997,503,494,503,494
2009-07-05,27,7,5,782,388,394,388,394
2009-07-06,28,1,4,2105,1069,1036,1069,1036
2009-07-07,28,2,4,2261,1147,1114,1147,1114
2009-07-08,28,3,4,1936,989,947,989,947
2009-07-09,28,4,4,2184,1107,1077,1107,1077
2009-07-10,28,5,4,1979,1012,967,1012,967
2009-07-11,28,6,5,873,441,432,441,432
2009-07-12,28,7,5,684,334,350,334,350
2009-07-13,29,1,4,985,508,477,508,477
2009-07-14,29,2,6,695,363,332,363,332
2009-07-15,29,3,4,1799,924,875,924,875
2009-07-16,29,4,4,1975,1007,968,1007,968
2009-07-17,29,5,4,1207,607,600,607,600
2009-07-18,29,6,5,583,274,309,274,309
2009-07-19,29,7,5,767,405,362,405,362
2009-07-20,30,1,4,1754,893,861,893,861
2009-07-21,30,2,4,1891,938,953,938,953
2009-07-22,30,3,4,1624,814,810,814,810
2009-07-23,30,4,4,1446,723,723,723,723
2009-07-24,30,5,4,1551,771,780,771,780
2009-07-25,30,6,5,827,423,404,423,404
2009-07-26,30,7,5,775,389,386,389,386
2009-07-27,31,1,4,1598,820,778,820,778
2009-07-28,31,2,4,1816,928,888,928,888
2009-07-29,31,3,260,12,4,8,4,8
2009-07-30,31,4,4,1633,862,771,862,771
2009-07-31,31,5,4,1552,821,731,821,731
2009-08-01,31,6,5,736,379,357,379,357
2009-08-02,31,7,5,679,330,349,330,349
2009-08-03,32,1,4,1046,553,493,553,493
2009-08-04,32,2,4,1505,786,719,786,719
2009-08-05,32,3,4,1700,991,709,991,709
2009-08-06,32,4,4,1421,732,689,732,689
2009-08-07,32,5,4,1199,614,585,614,585
2009-08-08,32,6,5,675,338,337,338,337
2009-08-09,32,7,5,525,258,267,258,267
2009-08-10,33,1,4,850,437,413,437,413
2009-08-11,33,2,4,1321,659,662,659,662
2009-08-12,33,3,4,1304,679,625,679,625
2009-08-13,33,4,4,1284,669,615,669,615
2009-08-14,33,5,4,1094,562,532,562,532
2009-08-15,33,6,7,562,297,265,297,265
2009-08-16,33,7,5,629,311,318,311,318
2009-08-17,34,1,4,1323,669,654,669,654
2009-08-18,34,2,4,1454,751,703,751,703
2009-08-19,34,3,4,1471,777,694,777,694
2009-08-20,34,4,4,1431,741,690,741,690
2009-08-21,34,5,4,1364,720,644,720,644
2009-08-22,34,6,5,713,374,339,374,339
2009-08-23,34,7,5,726,360,366,360,366
2009-08-24,35,1,4,1575,825,750,825,750
2009-08-25,35,2,4,1337,675,662,675,662
2009-08-26,35,3,4,1534,788,746,788,746
2009-08-27,35,4,4,1903,981,922,981,922
2009-08-28,35,5,4,1777,917,860,917,860
2009-08-29,35,6,5,836,408,428,408,428
2009-08-30,35,7,5,946,459,487,459,487
2009-08-31,36,1,4,2115,1080,1035,1080,1035
2009-09-01,36,2,4,2420,1240,1180,1240,1180
2009-09-02,36,3,,2087,1076,1011,1076,1011
2009-09-03,36,4,,2415,1226,1189,1226,1189
2009-09-04,36,5,,2142,1087,1055,1087,1055
2009-09-05,36,6,1,1105,570,535,570,535
2009-09-06,36,7,1,1078,549,529,549,529
2009-09-07,37,1,,2335,1194,1141,1194,1141
2009-09-08,37,2,,2748,1379,1369,1379,1369
2009-09-09,37,3,,2674,1345,1329,1345,1329
2009-09-10,37,4,,2616,1322,1294,1322,1294
2009-09-11,37,5,,2516,1271,1245,1271,1245
2009-09-12,37,6,1,990,513,477,513,477
2009-09-13,37,7,1,1045,544,501,544,501
2009-09-14,38,1,,2324,1184,1140,1184,1140
2009-09-15,38,2,,2172,1105,1067,1105,1067
2009-09-16,38,3,,1842,936,906,936,906
2009-09-17,38,4,,2515,1277,1238,1277,1238
2009-09-18,38,5,,2430,1244,1186,1244,1186
2009-09-19,38,6,1,1100,579,521,579,521
2009-09-20,38,7,1,785,368,417,368,417
2009-09-21,39,1,,2350,1215,1135,1215,1135
2009-09-22,39,2,,2727,1412,1315,1412,1315
2009-09-23,39,3,,2780,1443,1337,1443,1337
2009-09-24,39,4,,2684,1413,1271,1413,1271
2009-09-25,39,5,,2504,1288,1216,1288,1216
2009-09-26,39,6,1,1066,535,531,535,531
2009-09-27,39,7,1,1049,517,532,517,532
2009-09-28,40,1,,282,172,110,172,110
2009-09-29,40,2,,15,3,12,3,12
2009-09-30,40,3,,15,4,11,4,11
2009-10-01,40,4,,35,16,19,16,19
2009-10-02,40,5,,86,29,57,29,57
2009-10-03,40,6,1,870,497,373,497,373
2009-10-04,40,7,1,989,516,473,516,473
2009-10-05,41,1,,718,392,326,392,326
2009-10-06,41,2,,38,15,23,15,23
2009-10-07,41,3,,49,10,39,10,39
2009-10-08,41,4,,186,100,86,100,86
2009-10-09,41,5,,1464,753,711,753,711
2009-10-10,41,6,1,711,346,365,346,365
2009-10-11,41,7,1,895,423,472,423,472
2009-10-12,42,1,,1563,792,771,792,771
2009-10-13,42,2,,2603,1282,1321,1282,1321
2009-10-14,42,3,,2573,1309,1264,1309,1264
2009-10-15,42,4,,2209,1151,1058,1151,1058
2009-10-16,42,5,,2100,1079,1021,1079,1021
2009-10-17,42,6,1,932,472,460,472,460
2009-10-18,42,7,1,753,371,382,371,382
2009-10-19,43,1,,2184,1131,1053,1131,1053
2009-10-20,43,2,,2298,1150,1148,1150,1148
2009-10-21,43,3,,1971,994,977,994,977
2009-10-22,43,4,,2141,1095,1046,1095,1046
2009-10-23,43,5,,1592,799,793,799,793
2009-10-24,43,6,5,949,491,458,491,458
2009-10-25,43,7,5,739,378,361,378,361
2009-10-26,44,1,4,1665,861,804,861,804
2009-10-27,44,2,4,1957,1005,952,1005,952
2009-10-28,44,3,4,1996,1027,969,1027,969
2009-10-29,44,4,4,1903,978,925,978,925
2009-10-30,44,5,4,1706,887,819,887,819
2009-10-31,44,6,5,826,435,391,435,391
2009-11-01,44,7,7,723,331,392,331,392
2009-11-02,45,1,4,1090,538,552,538,552
2009-11-03,45,2,4,1268,630,638,630,638
2009-11-04,45,3,4,1325,678,647,678,647
2009-11-05,45,4,,1945,995,950,995,950
2009-11-06,45,5,,1876,982,894,982,894
2009-11-07,45,6,1,598,300,298,300,298
2009-11-08,45,7,1,777,367,410,367,410
2009-11-09,46,1,,1623,836,787,836,787
2009-11-10,46,2,,1964,1022,942,1022,942
2009-11-11,46,3,2,840,429,411,429,411
2009-11-12,46,4,,2065,1054,1011,1054,1011
2009-11-13,46,5,,2206,1137,1069,1137,1069
2009-11-14,46,6,1,1012,509,503,509,503
2009-11-15,46,7,1,867,420,447,420,447
2009-11-16,47,1,,2263,1154,1109,1154,1109
2009-11-17,47,2,,2301,1147,1154,1147,1154
2009-11-18,47,3,,2468,1282,1186,1282,1186
2009-11-19,47,4,,2420,1250,1170,1250,1170
2009-11-20,47,5,,2379,1219,1160,1219,1160
2009-11-21,47,6,1,998,508,490,508,490
2009-11-22,47,7,1,487,246,241,246,241
2009-11-23,48,1,,1886,976,910,976,910
2009-11-24,48,2,,1981,1006,975,1006,975
2009-11-25,48,3,,2381,1215,1166,1215,1166
2009-11-26,48,4,,2074,1070,1004,1070,1004
2009-11-27,48,5,,2083,1074,1009,1074,1009
2009-11-28,48,6,1,1004,503,501,503,501
2009-11-29,48,7,1,665,346,319,346,319
2009-11-30,49,1,,1144,578,566,578,566
2009-12-01,49,2,,1844,948,896,948,896
2009-12-02,49,3,,2014,1026,988,1026,988
2009-12-03,49,4,,1708,842,866,842,866
2009-12-04,49,5,,1454,762,692,762,692
2009-12-05,49,6,1,819,419,400,419,400
2009-12-06,49,7,1,603,296,307,296,307
2009-12-07,50,1,,1583,806,777,806,777
2009-12-08,50,2,,2021,1027,994,1027,994
2009-12-09,50,3,,2115,1100,1015,1100,1015
2009-12-10,50,4,,2133,1104,1029,1104,1029
2009-12-11,50,5,,1990,1045,945,1045,945
2009-12-12,50,6,1,681,362,319,362,319
2009-12-13,50,7,1,564,290,274,290,274
2009-12-14,51,1,,1813,938,875,938,875
2009-12-15,51,2,,1832,912,920,912,920
2009-12-16,51,3,,1703,865,838,865,838
2009-12-17,51,4,,1511,793,718,793,718
2009-12-18,51,5,,1356,684,672,684,672
2009-12-19,51,6,5,260,137,123,137,123
2009-12-20,51,7,5,203,99,104,99,104
2009-12-21,52,1,4,676,327,349,327,349
2009-12-22,52,2,4,1012,523,489,523,489
2009-12-23,52,3,4,801,421,380,421,380
2009-12-24,52,4,4,603,318,285,318,285
2009-12-25,52,5,6,168,83,85,83,85
2009-12-26,52,6,5,347,171,176,171,176
2009-12-27,52,7,5,372,185,187,185,187
2009-12-28,53,1,4,442,225,217,225,217
2009-12-29,53,2,4,612,312,300,312,300
2009-12-30,53,3,4,566,295,271,295,271
2009-12-31,53,4,4,561,290,271,290,271
2010-01-01,53,5,6,149,74,75,74,75
2010-01-02,53,6,5,341,159,182,159,182
2010-01-03,53,7,5,439,231,208,231,208
2010-01-04,01,1,,766,388,378,388,378
2010-01-05,01,2,,1190,593,597,593,597
2010-01-06,01,3,,1437,726,711,726,711
2010-01-07,01,4,,1435,740,695,740,695
2010-01-08,01,5,,663,320,343,320,343
2010-01-09,01,6,1,295,151,144,151,144
2010-01-10,01,7,1,232,120,112,120,112
2010-01-11,02,1,,1068,532,536,532,536
2010-01-12,02,2,,1216,605,611,605,611
2010-01-13,02,3,,974,499,475,499,475
2010-01-14,02,4,,1328,656,672,656,672
2010-01-15,02,5,,1241,635,606,635,606
2010-01-16,02,6,1,516,256,260,256,260
2010-01-17,02,7,1,382,175,207,175,207
2010-01-18,03,1,,1671,848,823,848,823
2010-01-19,03,2,,1727,895,832,895,832
2010-01-20,03,3,,1403,713,690,713,690
2010-01-21,03,4,,0,0,0,0,0
2010-01-22,03,5,,1605,827,778,827,778
2010-01-23,03,6,1,638,323,315,323,315
2010-01-24,03,7,1,497,263,234,263,234
2010-01-25,04,1,,1497,762,735,762,735
2010-01-26,04,2,,1596,813,783,813,783
2010-01-27,04,3,,1496,781,715,781,715
2010-01-28,04,4,,1473,750,723,750,723
2010-01-29,04,5,,1376,706,670,706,670
2010-01-30,04,6,1,560,278,282,278,282
2010-01-31,04,7,1,530,266,264,266,264
2010-02-01,05,1,,1545,776,769,776,769
2010-02-02,05,2,,1442,727,715,727,715
2010-02-03,05,3,,1576,824,752,824,752
2010-02-04,05,4,,1715,869,846,869,846
2010-02-05,05,5,,1127,570,557,570,557
2010-02-06,05,6,1,381,190,191,190,191
2010-02-07,05,7,1,479,233,246,233,246
2010-02-08,06,1,,1754,893,861,893,861
2010-02-09,06,2,,1266,647,619,647,619
2010-02-10,06,3,,1180,616,564,616,564
2010-02-11,06,4,,0,0,0,0,0
2010-02-12,06,5,,954,499,455,499,455
2010-02-13,06,6,5,452,244,208,244,208
2010-02-14,06,7,5,419,222,197,222,197
2010-02-15,07,1,4,1090,561,529,561,529
2010-02-16,07,2,4,1165,590,575,590,575
2010-02-17,07,3,4,865,448,417,448,417
2010-02-18,07,4,4,1075,559,516,559,516
2010-02-19,07,5,4,587,300,287,300,287
2010-02-20,07,6,5,598,315,283,315,283
2010-02-21,07,7,5,528,243,285,243,285
2010-02-22,08,1,4,1359,687,672,687,672
2010-02-23,08,2,4,1086,555,531,555,531
2010-02-24,08,3,4,1206,601,605,601,605
2010-02-25,08,4,4,1275,668,607,668,607
2010-02-26,08,5,4,618,618,0,618,0
2010-02-27,08,6,5,690,341,349,341,349
2010-02-28,08,7,5,651,336,315,336,315
2010-03-01,09,1,,1871,966,905,966,905
2010-03-02,09,2,,2169,1122,1047,1122,1047
2010-03-03,09,3,,1592,810,782,810,782
2010-03-04,09,4,,0,0,0,0,0
2010-03-05,09,5,,1775,885,890,885,890
2010-03-06,09,6,1,760,396,364,396,364
2010-03-07,09,7,1,314,150,164,150,164
2010-03-08,10,1,,1449,752,697,752,697
2010-03-09,10,2,,1727,897,830,897,830
2010-03-10,10,3,,1593,833,760,833,760
2010-03-11,10,4,,1608,826,782,826,782
2010-03-12,10,5,,1536,789,747,789,747
2010-03-13,10,6,1,762,393,369,393,369
2010-03-14,10,7,1,648,318,330,318,330
2010-03-15,11,1,,1795,932,863,932,863
2010-03-16,11,2,,1998,1028,970,1028,970
2010-03-17,11,3,,2024,1047,977,1047,977
2010-03-18,11,4,,2099,1085,1014,1085,1014
2010-03-19,11,5,,2009,1048,961,1048,961
2010-03-20,11,6,1,901,488,413,488,413
2010-03-21,11,7,1,633,339,294,339,294
2010-03-22,12,1,,1789,915,874,915,874
2010-03-23,12,2,,2341,1242,1099,1242,1099
2010-03-24,12,3,,2435,1254,1181,1254,1181
2010-03-25,12,4,,2317,1178,1139,1178,1139
2010-03-26,12,5,,1203,609,594,609,594
2010-03-27,12,6,1,539,269,270,269,270
2010-03-28,12,7,1,652,327,325,327,325
2010-03-29,13,1,,2097,1064,1033,1064,1033
2010-03-30,13,2,,1697,868,829,868,829
2010-03-31,13,3,,1909,980,929,980,929
2010-04-01,13,4,,1464,759,705,759,705
2010-04-02,13,5,,1952,985,967,985,967
2010-04-03,13,6,1,726,359,367,359,367
2010-04-04,13,7,1,602,314,288,314,288
2010-04-05,14,1,2,656,345,311,345,311
2010-04-06,14,2,,2356,1199,1157,1199,1157
2010-04-07,14,3,,1596,797,799,797,799
2010-04-08,14,4,,1528,790,738,790,738
2010-04-09,14,5,,1889,965,924,965,924
2010-04-10,14,6,5,976,494,482,494,482
2010-04-11,14,7,5,889,434,455,434,455
2010-04-12,15,1,4,1173,595,578,595,578
2010-04-13,15,2,4,1348,702,646,702,646
2010-04-14,15,3,4,1683,878,805,878,805
2010-04-15,15,4,4,1621,838,783,838,783
2010-04-16,15,5,4,1476,743,733,743,733
2010-04-17,15,6,5,859,461,398,461,398
2010-04-18,15,7,5,888,434,454,434,454
2010-04-19,16,1,4,1713,869,844,869,844
2010-04-20,16,2,4,1976,1013,963,1013,963
2010-04-21,16,3,4,2066,1028,1038,1028,1038
2010-04-22,16,4,4,2069,1055,1014,1055,1014
2010-04-23,16,5,4,1747,910,837,910,837
2010-04-24,16,6,5,1075,569,506,569,506
2010-04-25,16,7,5,1228,610,618,610,618
2010-04-26,17,1,,2361,1223,1138,1223,1138
2010-04-27,17,2,,2722,1439,1283,1439,1283
2010-04-28,17,3,,2812,1437,1375,1437,1375
2010-04-29,17,4,,2743,1423,1320,1423,1320
2010-04-30,17,5,,2548,1296,1252,1296,1252
2010-05-01,17,6,3,721,379,342,379,342
2010-05-02,17,7,1,532,270,262,270,262
2010-05-03,18,1,,3,0,3,0,3
2010-05-04,18,2,,1706,866,840,866,840
2010-05-05,18,3,,1229,623,606,623,606
2010-05-06,18,4,,1901,976,925,976,925
2010-05-07,18,5,,3,0,3,0,3
2010-05-08,18,6,3,946,503,443,503,443
2010-05-09,18,7,1,13,5,8,5,8
2010-05-10,19,1,,1542,789,753,789,753
2010-05-11,19,2,,1771,873,898,873,898
2010-05-12,19,3,,1521,795,726,795,726
2010-05-13,19,4,2,530,275,255,275,255
2010-05-14,19,5,,803,415,388,415,388
2010-05-15,19,6,1,474,253,221,253,221
2010-05-16,19,7,1,659,329,330,329,330
2010-05-17,20,1,,4,3,1,3,1
2010-05-18,20,2,,2429,1226,1203,1226,1203
2010-05-19,20,3,,4,3,1,3,1
2010-05-20,20,4,,0,0,0,0,0
2010-05-21,20,5,,0,0,0,0,0
2010-05-22,20,6,1,0,0,0,0,0
2010-05-23,20,7,1,0,0,0,0,0
2010-05-24,21,1,2,0,0,0,0,0
2010-05-25,21,2,,0,0,0,0,0
2010-05-26,21,3,,2353,1194,1159,1194,1159
2010-05-27,21,4,,2318,1232,1086,1232,1086
2010-05-28,21,5,,2794,1461,1333,1461,1333
2010-05-29,21,6,1,1565,820,745,820,745
2010-05-30,21,7,1,547,258,289,258,289
2010-05-31,22,1,,1301,675,626,675,626
2010-06-01,22,2,,2628,1347,1281,1347,1281
2010-06-02,22,3,,2444,1273,1171,1273,1171
2010-06-03,22,4,,2791,1449,1342,1449,1342
2010-06-04,22,5,,2993,1561,1432,1561,1432
2010-06-05,22,6,1,1250,631,619,631,619
2010-06-06,22,7,1,860,429,431,429,431
2010-06-07,23,1,,2164,1102,1062,1102,1062
2010-06-08,23,2,,2637,1314,1323,1314,1323
2010-06-09,23,3,,2642,1358,1284,1358,1284
2010-06-10,23,4,,8,3,5,3,5
2010-06-11,23,5,,2905,1546,1359,1546,1359
2010-06-12,23,6,1,1258,666,592,666,592
2010-06-13,23,7,1,1248,583,665,583,665
2010-06-14,24,1,,2329,1208,1121,1208,1121
2010-06-15,24,2,,1365,687,678,687,678
2010-06-16,24,3,,1447,769,678,769,678
2010-06-17,24,4,,1616,817,799,817,799
2010-06-18,24,5,,2270,1158,1112,1158,1112
2010-06-19,24,6,1,809,410,399,410,399
2010-06-20,24,7,1,432,211,221,211,221
2010-06-21,25,1,,1751,905,846,905,846
2010-06-22,25,2,,2401,1270,1131,1270,1131
2010-06-23,25,3,,2569,1310,1259,1310,1259
2010-06-24,25,4,,2824,1522,1302,1522,1302
2010-06-25,25,5,,2495,1261,1234,1261,1234
2010-06-26,25,6,1,1089,566,523,566,523
2010-06-27,25,7,1,964,482,482,482,482
2010-06-28,26,1,,2485,1271,1214,1271,1214
2010-06-29,26,2,,2673,1363,1310,1363,1310
2010-06-30,26,3,,2456,1246,1210,1246,1210
2010-07-01,26,4,,1245,5,1240,5,1240
2010-07-02,26,5,4,2328,1208,1120,1208,1120
2010-07-03,26,6,5,1022,530,492,530,492
2010-07-04,26,7,5,946,433,513,433,513
2010-07-05,27,1,4,2200,1153,1047,1153,1047
2010-07-06,27,2,4,2260,1178,1082,1178,1082
2010-07-07,27,3,4,2325,1185,1140,1185,1140
2010-07-08,27,4,4,2434,1240,1194,1240,1194
2010-07-09,27,5,4,2084,1082,1002,1082,1002
2010-07-10,27,6,5,834,431,403,431,403
2010-07-11,27,7,5,737,362,375,362,375
2010-07-12,28,1,4,1769,912,857,912,857
2010-07-13,28,2,4,1860,930,930,930,930
2010-07-14,28,3,6,648,321,327,321,327
2010-07-15,28,4,4,1714,837,877,837,877
2010-07-16,28,5,4,1691,859,832,859,832
2010-07-17,28,6,5,746,390,356,390,356
2010-07-18,28,7,5,745,367,378,367,378
2010-07-19,29,1,4,1835,923,912,923,912
2010-07-20,29,2,4,2136,1043,1093,1043,1093
2010-07-21,29,3,4,1954,977,977,977,977
2010-07-22,29,4,4,1654,793,861,793,861
2010-07-23,29,5,4,1417,728,689,728,689
2010-07-24,29,6,5,838,416,422,416,422
2010-07-25,29,7,5,835,425,410,425,410
2010-07-26,30,1,4,1692,878,814,878,814
2010-07-27,30,2,4,1806,937,869,937,869
2010-07-28,30,3,4,1806,909,897,909,897
2010-07-29,30,4,4,1389,744,645,744,645
2010-07-30,30,5,4,1756,903,853,903,853
2010-07-31,30,6,5,891,437,454,437,454
2010-08-01,30,7,5,680,335,345,335,345
2010-08-02,31,1,4,1084,543,541,543,541
2010-08-03,31,2,4,1210,570,640,570,640
2010-08-04,31,3,4,1598,770,828,770,828
2010-08-05,31,4,4,837,435,402,435,402
2010-08-06,31,5,4,1599,825,774,825,774
2010-08-07,31,6,5,1038,515,523,515,523
2010-08-08,31,7,5,772,407,365,407,365
2010-08-09,32,1,4,1266,660,606,660,606
2010-08-10,32,2,4,1401,727,674,727,674
2010-08-11,32,3,4,1325,679,646,679,646
2010-08-12,32,4,4,1359,647,712,647,712
2010-08-13,32,5,4,1168,606,562,606,562
2010-08-14,32,6,5,496,266,230,266,230
2010-08-15,32,7,7,8,2,6,2,6
2010-08-16,33,1,4,886,446,440,446,440
2010-08-17,33,2,4,1506,749,757,749,757
2010-08-18,33,3,4,1346,695,651,695,651
2010-08-19,33,4,4,1493,792,701,792,701
2010-08-20,33,5,4,1093,546,547,546,547
2010-08-21,33,6,5,1113,577,536,577,536
2010-08-22,33,7,5,804,364,440,364,440
2010-08-23,34,1,4,1641,806,835,806,835
2010-08-24,34,2,4,2170,1156,1014,1156,1014
2010-08-25,34,3,4,2078,1060,1018,1060,1018
2010-08-26,34,4,4,2273,1150,1123,1150,1123
2010-08-27,34,5,4,1517,752,765,752,765
2010-08-28,34,6,5,975,563,412,563,412
2010-08-29,34,7,5,898,463,435,463,435
2010-08-30,35,1,4,1718,881,837,881,837
2010-08-31,35,2,4,2195,1136,1059,1136,1059
2010-09-01,35,3,4,2447,1244,1203,1244,1203
2010-09-02,35,4,,2425,1248,1177,1248,1177
2010-09-03,35,5,,2360,1201,1159,1201,1159
2010-09-04,35,6,1,1121,603,518,603,518
2010-09-05,35,7,1,1047,539,508,539,508
2010-09-06,36,1,,2418,1240,1178,1240,1178
2010-09-07,36,2,,1884,996,888,996,888
2010-09-08,36,3,,3398,1660,1738,1660,1738
2010-09-09,36,4,,3665,1790,1875,1790,1875
2010-09-10,36,5,,2727,1456,1271,1456,1271
2010-09-11,36,6,1,1557,866,691,866,691
2010-09-12,36,7,1,1420,681,739,681,739
2010-09-13,37,1,,3356,1658,1698,1658,1698
2010-09-14,37,2,,3345,1547,1798,1547,1798
2010-09-15,37,3,,2787,1427,1360,1427,1360
2010-09-16,37,4,,2558,1286,1272,1286,1272
2010-09-17,37,5,,1855,941,914,941,914
2010-09-18,37,6,1,537,267,270,267,270
2010-09-19,37,7,1,975,496,479,496,479
2010-09-20,38,1,,2580,1324,1256,1324,1256
2010-09-21,38,2,,2820,1432,1388,1432,1388
2010-09-22,38,3,,2788,1448,1340,1448,1340
2010-09-23,38,4,,3033,1627,1406,1627,1406
2010-09-24,38,5,,1883,959,924,959,924
2010-09-25,38,6,1,581,310,271,310,271
2010-09-26,38,7,1,826,442,384,442,384
2010-09-27,39,1,,3116,1613,1503,1613,1503
2010-09-28,39,2,,2829,1480,1349,1480,1349
2010-09-29,39,3,,2683,1374,1309,1374,1309
2010-09-30,39,4,,2512,1247,1265,1247,1265
2010-10-01,39,5,,2566,1342,1224,1342,1224
2010-10-02,39,6,1,1620,883,737,883,737
2010-10-03,39,7,1,1192,605,587,605,587
2010-10-04,40,1,,1868,919,949,919,949
2010-10-05,40,2,,2564,1304,1260,1304,1260
2010-10-06,40,3,,2770,1398,1372,1398,1372
2010-10-07,40,4,,3104,1590,1514,1590,1514
2010-10-08,40,5,,2706,1356,1350,1356,1350
2010-10-09,40,6,1,1286,658,628,658,628
2010-10-10,40,7,1,966,487,479,487,479
2010-10-11,41,1,,2095,1084,1011,1084,1011
2010-10-12,41,2,,3099,1626,1473,1626,1473
2010-10-13,41,3,,8,1,7,1,7
2010-10-14,41,4,,2580,1287,1293,1287,1293
2010-10-15,41,5,,2386,1246,1140,1246,1140
2010-10-16,41,6,1,944,507,437,507,437
2010-10-17,41,7,1,462,226,236,226,236
2010-10-18,42,1,,1994,1014,980,1014,980
2010-10-19,42,2,,2921,1557,1364,1557,1364
2010-10-20,42,3,,2145,1061,1084,1061,1084
2010-10-21,42,4,,2650,1375,1275,1375,1275
2010-10-22,42,5,,2453,1256,1197,1256,1197
2010-10-23,42,6,5,979,475,504,475,504
2010-10-24,42,7,5,242,130,112,130,112
2010-10-25,43,1,4,953,482,471,482,471
2010-10-26,43,2,4,1718,878,840,878,840
2010-10-27,43,3,4,1704,881,823,881,823
2010-10-28,43,4,4,1902,1015,887,1015,887
2010-10-29,43,5,4,1716,882,834,882,834
2010-10-30,43,6,5,680,326,354,326,354
2010-10-31,43,7,5,505,264,241,264,241
2010-11-01,44,1,6,494,261,233,261,233
2010-11-02,44,2,4,3850,770,3080,770,3080
2010-11-03,44,3,4,1,0,1,0,1
2010-11-04,44,4,,2638,1341,1297,1341,1297
2010-11-05,44,5,,2541,1256,1285,1256,1285
2010-11-06,44,6,1,1308,716,592,716,592
2010-11-07,44,7,1,910,493,417,493,417
2010-11-08,45,1,,3011,1403,1608,1403,1608
2010-11-09,45,2,,3739,1781,1958,1781,1958
2010-11-10,45,3,,3013,1510,1503,1510,1503
2010-11-11,45,4,2,1379,795,584,795,584
2010-11-12,45,5,,1389,751,638,751,638
2010-11-13,45,6,1,1930,1048,882,1048,882
2010-11-14,45,7,1,2270,1097,1173,1097,1173
2010-11-15,46,1,,1613,798,815,798,815
2010-11-16,46,2,,1545,842,703,842,703
2010-11-17,46,3,,2552,1215,1337,1215,1337
2010-11-18,46,4,,2022,1061,961,1061,961
2010-11-19,46,5,,2546,1271,1275,1271,1275
2010-11-20,46,6,1,981,487,494,487,494
2010-11-21,46,7,1,2070,1065,1005,1065,1005
2010-11-22,47,1,,1970,955,1015,955,1015
2010-11-23,47,2,,2147,1137,1010,1137,1010
2010-11-24,47,3,,2,0,2,0,2
2010-11-25,47,4,,1998,1036,962,1036,962
2010-11-26,47,5,,1547,831,716,831,716
2010-11-27,47,6,1,704,338,366,338,366
2010-11-28,47,7,1,508,249,259,249,259
2010-11-29,48,1,,1991,1002,989,1002,989
2010-11-30,48,2,,2047,991,1056,991,1056
2010-12-01,48,3,,743,418,325,418,325
2010-12-02,48,4,,1350,671,679,671,679
2010-12-03,48,5,,0,0,0,0,0
2010-12-04,48,6,1,436,219,217,219,217
2010-12-05,48,7,1,345,197,148,197,148
2010-12-06,49,1,,1371,691,680,691,680
2010-12-07,49,2,,1827,901,926,901,926
2010-12-08,49,3,,1875,958,917,958,917
2010-12-09,49,4,,2126,1072,1054,1072,1054
2010-12-10,49,5,,3849,1762,2087,1762,2087
2010-12-11,49,6,1,1518,722,796,722,796
2010-12-12,49,7,1,1374,717,657,717,657
2010-12-13,50,1,,2984,1370,1614,1370,1614
2010-12-14,50,2,,1,0,1,0,1
2010-12-15,50,3,,1495,770,725,770,725
2010-12-16,50,4,,8,0,8,0,8
2010-12-17,50,5,,5,0,5,0,5
2010-12-18,50,6,5,0,0,0,0,0
2010-12-19,50,7,5,1,0,1,0,1
2010-12-20,51,1,4,1161,585,576,585,576
2010-12-21,51,2,4,1130,589,541,589,541
2010-12-22,51,3,4,1091,548,543,548,543
2010-12-23,51,4,4,752,373,379,373,379
2010-12-24,51,5,4,365,193,172,193,172
2010-12-25,51,6,7,80,51,29,51,29
2010-12-26,51,7,5,146,80,66,80,66
2010-12-27,52,1,4,300,159,141,159,141
2010-12-28,52,2,4,499,243,256,243,256
2010-12-29,52,3,4,563,269,294,269,294
2010-12-30,52,4,4,623,285,338,285,338
2010-12-31,52,5,4,589,299,290,299,290
2011-01-01,52,6,7,193,94,99,94,99
2011-01-02,52,7,5,291,142,149,142,149
2011-01-03,01,1,,1500,777,723,777,723
2011-01-04,01,2,,1757,893,864,893,864
2011-01-05,01,3,,1887,928,959,928,959
2011-01-06,01,4,,1459,740,719,740,719
2011-01-07,01,5,,1715,849,866,849,866
2011-01-08,01,6,1,913,465,448,465,448
2011-01-09,01,7,1,497,253,244,253,244
2011-01-10,02,1,,1664,799,865,799,865
2011-01-11,02,2,,1596,749,847,749,847
2011-01-12,02,3,,1754,862,892,862,892
2011-01-13,02,4,,1970,916,1054,916,1054
2011-01-14,02,5,,1878,915,963,915,963
2011-01-15,02,6,1,1295,662,633,662,633
2011-01-16,02,7,1,1031,433,598,433,598
2011-01-17,03,1,,3431,1627,1804,1627,1804
2011-01-18,03,2,,4084,1958,2126,1958,2126
2011-01-19,03,3,,2758,1467,1291,1467,1291
2011-01-20,03,4,,2678,1394,1284,1394,1284
2011-01-21,03,5,,2346,1289,1057,1289,1057
2011-01-22,03,6,1,710,333,377,333,377
2011-01-23,03,7,1,497,281,216,281,216
2011-01-24,04,1,,1996,1008,988,1008,988
2011-01-25,04,2,,1971,995,976,995,976
2011-01-26,04,3,,2118,1083,1035,1083,1035
2011-01-27,04,4,,2064,930,1134,930,1134
2011-01-28,04,5,,1773,906,867,906,867
2011-01-29,04,6,1,900,412,488,412,488
2011-01-30,04,7,1,520,255,265,255,265
2011-01-31,05,1,,1800,946,854,946,854
2011-02-01,05,2,,1837,929,908,929,908
2011-02-02,05,3,,1647,841,806,841,806
2011-02-03,05,4,,1765,890,875,890,875
2011-02-04,05,5,,1748,880,868,880,868
2011-02-05,05,6,1,920,445,475,445,475
2011-02-06,05,7,1,675,330,345,330,345
2011-02-07,06,1,,1944,1011,933,1011,933
2011-02-08,06,2,,2144,1125,1019,1125,1019
2011-02-09,06,3,,2189,1077,1112,1077,1112
2011-02-10,06,4,,2123,1065,1058,1065,1058
2011-02-11,06,5,,1974,1017,957,1017,957
2011-02-12,06,6,1,898,474,424,474,424
2011-02-13,06,7,1,715,386,329,386,329
2011-02-14,07,1,,1851,949,902,949,902
2011-02-15,07,2,,1646,828,818,828,818
2011-02-16,07,3,,1944,998,946,998,946
2011-02-17,07,4,,2177,1091,1086,1091,1086
2011-02-18,07,5,,1985,1014,971,1014,971
2011-02-19,07,6,1,1068,526,542,526,542
2011-02-20,07,7,1,411,182,229,182,229
2011-02-21,08,1,,1958,1022,936,1022,936
2011-02-22,08,2,,2102,1079,1023,1079,1023
2011-02-23,08,3,,2081,1067,1014,1067,1014
2011-02-24,08,4,,1935,967,968,967,968
2011-02-25,08,5,,1819,955,864,955,864
2011-02-26,08,6,5,809,398,411,398,411
2011-02-27,08,7,5,204,106,98,106,98
2011-02-28,09,1,4,1256,676,580,676,580
2011-03-01,09,2,4,1445,746,699,746,699
2011-03-02,09,3,4,6,0,6,0,6
2011-03-03,09,4,4,1448,727,721,727,721
2011-03-04,09,5,4,1383,697,686,697,686
2011-03-05,09,6,5,777,376,401,376,401
2011-03-06,09,7,5,688,350,338,350,338
2011-03-07,10,1,4,1652,856,796,856,796
2011-03-08,10,2,4,1771,922,849,922,849
2011-03-09,10,3,4,1807,925,882,925,882
2011-03-10,10,4,4,1752,896,856,896,856
2011-03-11,10,5,4,1730,885,845,885,845
2011-03-12,10,6,5,722,368,354,368,354
2011-03-13,10,7,5,681,332,349,332,349
2011-03-14,11,1,,2051,1089,962,1089,962
2011-03-15,11,2,,2213,1129,1084,1129,1084
2011-03-16,11,3,,1995,1021,974,1021,974
2011-03-17,11,4,,1223,635,588,635,588
2011-03-18,11,5,,1948,1019,929,1019,929
2011-03-19,11,6,1,417,193,224,193,224
2011-03-20,11,7,1,663,319,344,319,344
2011-03-21,12,1,,2155,1097,1058,1097,1058
2011-03-22,12,2,,2401,1213,1188,1213,1188
2011-03-23,12,3,,2362,1205,1157,1205,1157
2011-03-24,12,4,,2515,1247,1268,1247,1268
2011-03-25,12,5,,2359,1208,1151,1208,1151
2011-03-26,12,6,1,1179,613,566,613,566
2011-03-27,12,7,1,536,252,284,252,284
2011-03-28,13,1,,1827,910,917,910,917
2011-03-29,13,2,,2323,1149,1174,1149,1174
2011-03-30,13,3,,2026,1011,1015,1011,1015
2011-03-31,13,4,,2265,1113,1152,1113,1152
2011-04-01,13,5,,2377,1106,1271,1106,1271
2011-04-02,13,6,1,1238,668,570,668,570
2011-04-03,13,7,1,1081,555,526,555,526
2011-04-04,14,1,,1718,858,860,858,860
2011-04-05,14,2,,2662,1362,1300,1362,1300
2011-04-06,14,3,,2660,1340,1320,1340,1320
2011-04-07,14,4,,2804,1378,1426,1378,1426
2011-04-08,14,5,,2553,1319,1234,1319,1234
2011-04-09,14,6,1,1456,693,763,693,763
2011-04-10,14,7,1,1234,637,597,637,597
2011-04-11,15,1,,2503,1278,1225,1278,1225
2011-04-12,15,2,,2240,1103,1137,1103,1137
2011-04-13,15,3,,2749,1426,1323,1426,1323
2011-04-14,15,4,,2601,1325,1276,1325,1276
2011-04-15,15,5,,2468,1256,1212,1256,1212
2011-04-16,15,6,1,1334,664,670,664,670
2011-04-17,15,7,1,1151,591,560,591,560
2011-04-18,16,1,,2521,1279,1242,1279,1242
2011-04-19,16,2,,2727,1377,1350,1377,1350
2011-04-20,16,3,,2677,1348,1329,1348,1329
2011-04-21,16,4,,2662,1339,1323,1339,1323
2011-04-22,16,5,,2405,1231,1174,1231,1174
2011-04-23,16,6,5,781,386,395,386,395
2011-04-24,16,7,5,799,411,388,411,388
2011-04-25,17,1,6,561,294,267,294,267
2011-04-26,17,2,4,1887,935,952,935,952
2011-04-27,17,3,4,1866,960,906,960,906
2011-04-28,17,4,4,1515,792,723,792,723
2011-04-29,17,5,4,1445,704,741,704,741
2011-04-30,17,6,5,977,494,483,494,483
2011-05-01,17,7,7,1048,543,505,543,505
2011-05-02,18,1,4,2001,1010,991,1010,991
2011-05-03,18,2,4,1947,997,950,997,950
2011-05-04,18,3,4,2167,1114,1053,1114,1053
2011-05-05,18,4,4,2297,1200,1097,1200,1097
2011-05-06,18,5,4,2165,1107,1058,1107,1058
2011-05-07,18,6,5,1022,512,510,512,510
2011-05-08,18,7,7,966,482,484,482,484
2011-05-09,19,1,,2722,1394,1328,1394,1328
2011-05-10,19,2,,2851,1438,1413,1438,1413
2011-05-11,19,3,,2777,1423,1354,1423,1354
2011-05-12,19,4,,2653,1375,1278,1375,1278
2011-05-13,19,5,,2374,1214,1160,1214,1160
2011-05-14,19,6,1,916,450,466,450,466
2011-05-15,19,7,1,726,369,357,369,357
2011-05-16,20,1,,2652,1324,1328,1324,1328
2011-05-17,20,2,,2869,1486,1383,1486,1383
2011-05-18,20,3,,2796,1415,1381,1415,1381
2011-05-19,20,4,,2837,1471,1366,1471,1366
2011-05-20,20,5,,2565,1311,1254,1311,1254
2011-05-21,20,6,1,1218,618,600,618,600
2011-05-22,20,7,1,1052,526,526,526,526
2011-05-23,21,1,,2608,1334,1274,1334,1274
2011-05-24,21,2,,2953,1495,1458,1495,1458
2011-05-25,21,3,,2950,1494,1456,1494,1456
2011-05-26,21,4,,2780,1417,1363,1417,1363
2011-05-27,21,5,,2147,1056,1091,1056,1091
2011-05-28,21,6,1,1303,676,627,676,627
2011-05-29,21,7,1,1043,526,517,526,517
2011-05-30,22,1,,2621,1362,1259,1362,1259
2011-05-31,22,2,,1860,980,880,980,880
2011-06-01,22,3,,1224,604,620,604,620
2011-06-02,22,4,2,579,304,275,304,275
2011-06-03,22,5,,1239,643,596,643,596
2011-06-04,22,6,1,808,404,404,404,404
2011-06-05,22,7,1,642,312,330,312,330
2011-06-06,23,1,,2456,1285,1171,1285,1171
2011-06-07,23,2,,2095,1057,1038,1057,1038
2011-06-08,23,3,,1576,798,778,798,778
2011-06-09,23,4,,2560,1325,1235,1325,1235
2011-06-10,23,5,,2252,1152,1100,1152,1100
2011-06-11,23,6,1,910,461,449,461,449
2011-06-12,23,7,1,864,445,419,445,419
2011-06-13,24,1,2,1038,542,496,542,496
2011-06-14,24,2,,2684,1368,1316,1368,1316
2011-06-15,24,3,,2726,1396,1330,1396,1330
2011-06-16,24,4,,2171,1097,1074,1097,1074
2011-06-17,24,5,,2040,1055,985,1055,985
2011-06-18,24,6,1,734,381,353,381,353
2011-06-19,24,7,1,977,481,496,481,496
2011-06-20,25,1,,2483,1274,1209,1274,1209
2011-06-21,25,2,,2693,1358,1335,1358,1335
2011-06-22,25,3,,2099,1073,1026,1073,1026
2011-06-23,25,4,,2013,998,1015,998,1015
2011-06-24,25,5,,2279,1157,1122,1157,1122
2011-06-25,25,6,1,1100,565,535,565,535
2011-06-26,25,7,1,958,479,479,479,479
2011-06-27,26,1,,2495,1298,1197,1298,1197
2011-06-28,26,2,,2536,1316,1220,1316,1220
2011-06-29,26,3,,1844,923,921,923,921
2011-06-30,26,4,,2463,1236,1227,1236,1227
2011-07-01,26,5,,2377,1218,1159,1218,1159
2011-07-02,26,6,5,1079,546,533,546,533
2011-07-03,26,7,5,795,404,391,404,391
2011-07-04,27,1,4,2062,1088,974,1088,974
2011-07-05,27,2,4,2347,1224,1123,1224,1123
2011-07-06,27,3,4,2100,1090,1010,1090,1010
2011-07-07,27,4,4,2216,1133,1083,1133,1083
2011-07-08,27,5,4,2144,1115,1029,1115,1029
2011-07-09,27,6,5,1027,526,501,526,501
2011-07-10,27,7,5,832,437,395,437,395
2011-07-11,28,1,4,1934,1023,911,1023,911
2011-07-12,28,2,4,2007,1018,989,1018,989
2011-07-13,28,3,4,1045,536,509,536,509
2011-07-14,28,4,6,606,320,286,320,286
2011-07-15,28,5,4,1003,511,492,511,492
2011-07-16,28,6,5,763,378,385,378,385
2011-07-17,28,7,5,247,133,114,133,114
2011-07-18,29,1,4,1570,803,767,803,767
2011-07-19,29,2,4,988,501,487,501,487
2011-07-20,29,3,4,1043,524,519,524,519
2011-07-21,29,4,4,1627,824,803,824,803
2011-07-22,29,5,4,1800,922,878,922,878
2011-07-23,29,6,5,867,433,434,433,434
2011-07-24,29,7,5,707,338,369,338,369
2011-07-25,30,1,4,1667,870,797,870,797
2011-07-26,30,2,4,1845,940,905,940,905
2011-07-27,30,3,4,1403,733,670,733,670
2011-07-28,30,4,4,1624,840,784,840,784
2011-07-29,30,5,4,1677,778,899,778,899
2011-07-30,30,6,5,794,397,397,397,397
2011-07-31,30,7,5,719,371,348,371,348
2011-08-01,31,1,4,1420,720,700,720,700
2011-08-02,31,2,4,1605,835,770,835,770
2011-08-03,31,3,4,1523,798,725,798,725
2011-08-04,31,4,4,1475,746,729,746,729
2011-08-05,31,5,4,1400,704,696,704,696
2011-08-06,31,6,5,621,326,295,326,295
2011-08-07,31,7,5,514,262,252,262,252
2011-08-08,32,1,4,1328,691,637,691,637
2011-08-09,32,2,4,1339,692,647,692,647
2011-08-10,32,3,4,1389,722,667,722,667
2011-08-11,32,4,4,1359,691,668,691,668
2011-08-12,32,5,4,1233,615,618,615,618
2011-08-13,32,6,5,619,300,319,300,319
2011-08-14,32,7,5,504,249,255,249,255
2011-08-15,33,1,6,497,280,217,280,217
2011-08-16,33,2,4,1364,690,674,690,674
2011-08-17,33,3,4,1400,698,702,698,702
2011-08-18,33,4,4,1405,722,683,722,683
2011-08-19,33,5,4,1408,703,705,703,705
2011-08-20,33,6,5,800,408,392,408,392
2011-08-21,33,7,5,610,310,300,310,300
2011-08-22,34,1,4,1510,777,733,777,733
2011-08-23,34,2,4,1697,875,822,875,822
2011-08-24,34,3,4,1649,857,792,857,792
2011-08-25,34,4,4,1769,919,850,919,850
2011-08-26,34,5,4,1259,634,625,634,625
2011-08-27,34,6,5,725,363,362,363,362
2011-08-28,34,7,5,790,374,416,374,416
2011-08-29,35,1,4,2003,1042,961,1042,961
2011-08-30,35,2,4,2292,1198,1094,1198,1094
2011-08-31,35,3,4,2264,1154,1110,1154,1110
2011-09-01,35,4,4,2215,1156,1059,1156,1059
2011-09-02,35,5,4,2310,1198,1112,1198,1112
2011-09-03,35,6,5,968,495,473,495,473
2011-09-04,35,7,5,428,340,88,340,88
2011-09-05,36,1,,1116,1030,86,1030,86
2011-09-06,36,2,,2118,1361,757,1361,757
2011-09-07,36,3,,2680,1345,1335,1345,1335
2011-09-08,36,4,,2737,1371,1366,1371,1366
2011-09-09,36,5,,2574,1311,1263,1311,1263
2011-09-10,36,6,1,1131,558,573,558,573
2011-09-11,36,7,1,925,455,470,455,470
2011-09-12,37,1,,1550,1256,294,1256,294
2011-09-13,37,2,,2109,1476,633,1476,633
2011-09-14,37,3,,1338,1178,160,1178,160
2011-09-15,37,4,,1711,1408,303,1408,303
2011-09-16,37,5,,1688,1230,458,1230,458
2011-09-17,37,6,1,493,427,66,427,66
2011-09-18,37,7,1,471,246,225,246,225
2011-09-19,38,1,,1399,733,666,733,666
2011-09-20,38,2,,2748,1446,1302,1446,1302
2011-09-21,38,3,,2713,1391,1322,1391,1322
2011-09-22,38,4,,2925,1468,1457,1468,1457
2011-09-23,38,5,,2687,1373,1314,1373,1314
2011-09-24,38,6,1,1212,627,585,627,585
2011-09-25,38,7,1,966,458,508,458,508
2011-09-26,39,1,,2767,1398,1369,1398,1369
2011-09-27,39,2,,3008,1557,1451,1557,1451
2011-09-28,39,3,,3216,1585,1631,1585,1631
2011-09-29,39,4,,3448,1701,1747,1701,1747
2011-09-30,39,5,,3017,1550,1467,1550,1467
2011-10-01,39,6,1,1523,744,779,744,779
2011-10-02,39,7,1,1311,678,633,678,633
2011-10-03,40,1,,2814,1431,1383,1431,1383
2011-10-04,40,2,,3123,1580,1543,1580,1543
2011-10-05,40,3,,2920,1534,1386,1534,1386
2011-10-06,40,4,,2881,1516,1365,1516,1365
2011-10-07,40,5,,2476,1225,1251,1225,1251
2011-10-08,40,6,1,696,353,343,353,343
2011-10-09,40,7,1,764,319,445,319,445
2011-10-10,41,1,,2202,1052,1150,1052,1150
2011-10-11,41,2,,3206,1528,1678,1528,1678
2011-10-12,41,3,,2840,1394,1446,1394,1446
2011-10-13,41,4,,2981,1551,1430,1551,1430
2011-10-14,41,5,,2653,1342,1311,1342,1311
2011-10-15,41,6,1,1167,592,575,592,575
2011-10-16,41,7,1,955,461,494,461,494
2011-10-17,42,1,,2653,1359,1294,1359,1294
2011-10-18,42,2,,2935,1491,1444,1491,1444
2011-10-19,42,3,,1810,933,877,933,877
2011-10-20,42,4,,2450,1254,1196,1254,1196
2011-10-21,42,5,,2311,1178,1133,1178,1133
2011-10-22,42,6,5,1053,557,496,557,496
2011-10-23,42,7,5,826,409,417,409,417
2011-10-24,43,1,4,1821,943,878,943,878
2011-10-25,43,2,4,1460,750,710,750,710
2011-10-26,43,3,4,1897,978,919,978,919
2011-10-27,43,4,4,1882,963,919,963,919
2011-10-28,43,5,4,1704,879,825,879,825
2011-10-29,43,6,5,771,378,393,378,393
2011-10-30,43,7,5,688,357,331,357,331
2011-10-31,44,1,4,1095,554,541,554,541
2011-11-01,44,2,6,740,361,379,361,379
2011-11-02,44,3,4,2142,1058,1084,1058,1084
2011-11-03,44,4,,2367,1177,1190,1177,1190
2011-11-04,44,5,,1268,662,606,662,606
2011-11-05,44,6,1,650,321,329,321,329
2011-11-06,44,7,1,1013,496,517,496,517
2011-11-07,45,1,,2468,1271,1197,1271,1197
2011-11-08,45,2,,2561,1305,1256,1305,1256
2011-11-09,45,3,,2669,1363,1306,1363,1306
2011-11-10,45,4,,2519,1295,1224,1295,1224
2011-11-11,45,5,2,833,403,430,403,430
2011-11-12,45,6,1,961,489,472,489,472
2011-11-13,45,7,1,841,396,445,396,445
2011-11-14,46,1,,2517,1290,1227,1290,1227
2011-11-15,46,2,,2543,1303,1240,1303,1240
2011-11-16,46,3,,2518,1300,1218,1300,1218
2011-11-17,46,4,,2542,1322,1220,1322,1220
2011-11-18,46,5,,2272,1159,1113,1159,1113
2011-11-19,46,6,1,969,518,451,518,451
2011-11-20,46,7,1,757,374,383,374,383
2011-11-21,47,1,,2354,1219,1135,1219,1135
2011-11-22,47,2,,2654,1366,1288,1366,1288
2011-11-23,47,3,,2514,1303,1211,1303,1211
2011-11-24,47,4,,2415,1233,1182,1233,1182
2011-11-25,47,5,,2246,1182,1064,1182,1064
2011-11-26,47,6,1,862,427,435,427,435
2011-11-27,47,7,1,668,329,339,329,339
2011-11-28,48,1,,2248,1139,1109,1139,1109
2011-11-29,48,2,,2438,1237,1201,1237,1201
2011-11-30,48,3,,2295,1166,1129,1166,1129
2011-12-01,48,4,,2348,1178,1170,1178,1170
2011-12-02,48,5,,2161,1135,1026,1135,1026
2011-12-03,48,6,1,934,469,465,469,465
2011-12-04,48,7,1,692,345,347,345,347
2011-12-05,49,1,,1385,703,682,703,682
2011-12-06,49,2,,1905,993,912,993,912
2011-12-07,49,3,,1294,675,619,675,619
2011-12-08,49,4,,2111,1084,1027,1084,1027
2011-12-09,49,5,,2036,1050,986,1050,986
2011-12-10,49,6,1,964,487,477,487,477
2011-12-11,49,7,1,676,322,354,322,354
2011-12-12,50,1,,1319,687,632,687,632
2011-12-13,50,2,,2021,1032,989,1032,989
2011-12-14,50,3,,1697,903,794,903,794
2011-12-15,50,4,,1965,1025,940,1025,940
2011-12-16,50,5,,1271,651,620,651,620
2011-12-17,50,6,5,519,261,258,261,258
2011-12-18,50,7,5,298,144,154,144,154
2011-12-19,51,1,4,1180,624,556,624,556
2011-12-20,51,2,4,828,412,416,412,416
2011-12-21,51,3,4,862,436,426,436,426
2011-12-22,51,4,4,1067,562,505,562,505
2011-12-23,51,5,4,894,471,423,471,423
2011-12-24,51,6,5,308,163,145,163,145
2011-12-25,51,7,7,202,96,106,96,106
2011-12-26,52,1,4,433,223,210,223,210
2011-12-27,52,2,4,675,349,326,349,326
2011-12-28,52,3,4,663,338,325,338,325
2011-12-29,52,4,4,547,274,273,274,273
2011-12-30,52,5,4,285,149,136,149,136
2011-12-31,52,6,5,194,92,102,92,102
2012-01-01,52,7,7,289,155,134,155,134
2012-01-02,01,1,4,677,346,331,346,331
2012-01-03,01,2,,1785,909,876,909,876
2012-01-04,01,3,,1151,595,556,595,556
2012-01-05,01,4,,1232,630,602,630,602
2012-01-06,01,5,,1392,724,668,724,668
2012-01-07,01,6,1,658,330,328,330,328
2012-01-08,01,7,1,470,241,229,241,229
2012-01-09,02,1,,2008,1041,967,1041,967
2012-01-10,02,2,,2237,1160,1077,1160,1077
2012-01-11,02,3,,1978,1020,958,1020,958
2012-01-12,02,4,,2162,1097,1065,1097,1065
2012-01-13,02,5,,1902,983,919,983,919
2012-01-14,02,6,1,720,376,344,376,344
2012-01-15,02,7,1,581,268,313,268,313
2012-01-16,03,1,,1941,996,945,996,945
2012-01-17,03,2,,2129,1090,1039,1090,1039
2012-01-18,03,3,,1938,983,955,983,955
2012-01-19,03,4,,1984,990,994,990,994
2012-01-20,03,5,,1241,636,605,636,605
2012-01-21,03,6,1,549,284,265,284,265
2012-01-22,03,7,1,541,276,265,276,265
2012-01-23,04,1,,2040,1056,984,1056,984
2012-01-24,04,2,,2126,1084,1042,1084,1042
2012-01-25,04,3,,1919,997,922,997,922
2012-01-26,04,4,,2134,1063,1071,1063,1071
2012-01-27,04,5,,1674,865,809,865,809
2012-01-28,04,6,1,864,433,431,433,431
2012-01-29,04,7,1,559,279,280,279,280
2012-01-30,05,1,,1808,929,879,929,879
2012-01-31,05,2,,1224,627,597,627,597
2012-02-01,05,3,,1480,775,705,775,705
2012-02-02,05,4,,1597,829,768,829,768
2012-02-03,05,5,,1254,638,616,638,616
2012-02-04,05,6,1,444,224,220,224,220
2012-02-05,05,7,1,319,159,160,159,160
2012-02-06,06,1,,1409,720,689,720,689
2012-02-07,06,2,,1381,708,673,708,673
2012-02-08,06,3,,1262,658,604,658,604
2012-02-09,06,4,,1432,736,696,736,696
2012-02-10,06,5,,1302,683,619,683,619
2012-02-11,06,6,5,468,236,232,236,232
2012-02-12,06,7,5,304,163,141,163,141
2012-02-13,07,1,4,990,514,476,514,476
2012-02-14,07,2,4,1198,636,562,636,562
2012-02-15,07,3,4,1022,526,496,526,496
2012-02-16,07,4,4,1228,618,610,618,610
2012-02-17,07,5,4,1231,643,588,643,588
2012-02-18,07,6,5,628,330,298,330,298
2012-02-19,07,7,5,493,244,249,244,249
2012-02-20,08,1,4,1336,689,647,689,647
2012-02-21,08,2,4,1539,791,748,791,748
2012-02-22,08,3,4,1468,755,713,755,713
2012-02-23,08,4,4,1613,821,792,821,792
2012-02-24,08,5,4,1546,797,749,797,749
2012-02-25,08,6,5,641,353,288,353,288
2012-02-26,08,7,5,582,304,278,304,278
2012-02-27,09,1,,2009,1035,974,1035,974
2012-02-28,09,2,,2225,1145,1080,1145,1080
2012-02-29,09,3,,2224,1164,1060,1164,1060
2012-03-01,09,4,,2308,1191,1117,1191,1117
2012-03-02,09,5,,2277,1170,1107,1170,1107
2012-03-03,09,6,1,1131,592,539,592,539
2012-03-04,09,7,1,887,459,428,459,428
2012-03-05,10,1,,1687,852,835,852,835
2012-03-06,10,2,,2146,1110,1036,1110,1036
2012-03-07,10,3,,2165,1109,1056,1109,1056
2012-03-08,10,4,,1783,900,883,900,883
2012-03-09,10,5,,2175,1145,1030,1145,1030
2012-03-10,10,6,1,998,523,475,523,475
2012-03-11,10,7,1,791,411,380,411,380
2012-03-12,11,1,,2223,1145,1078,1145,1078
2012-03-13,11,2,,2528,1329,1199,1329,1199
2012-03-14,11,3,,2487,1260,1227,1260,1227
2012-03-15,11,4,,2687,1374,1313,1374,1313
2012-03-16,11,5,,2349,1234,1115,1234,1115
2012-03-17,11,6,1,1111,571,540,571,540
2012-03-18,11,7,1,411,200,211,200,211
2012-03-19,12,1,,1939,985,954,985,954
2012-03-20,12,2,,2539,1301,1238,1301,1238
2012-03-21,12,3,,2475,1268,1207,1268,1207
2012-03-22,12,4,,2606,1335,1271,1335,1271
2012-03-23,12,5,,2379,1233,1146,1233,1146
2012-03-24,12,6,1,1167,615,552,615,552
2012-03-25,12,7,1,968,475,493,475,493
2012-03-26,13,1,,2480,1272,1208,1272,1208
2012-03-27,13,2,,2886,1495,1391,1495,1391
2012-03-28,13,3,,2771,1431,1340,1431,1340
2012-03-29,13,4,,2868,1495,1373,1495,1373
2012-03-30,13,5,,2695,1383,1312,1383,1312
2012-03-31,13,6,1,1238,645,593,645,593
2012-04-01,13,7,1,879,438,441,438,441
2012-04-02,14,1,,2491,1291,1200,1291,1200
2012-04-03,14,2,,2602,1358,1244,1358,1244
2012-04-04,14,3,,1897,981,916,981,916
2012-04-05,14,4,,2234,1145,1089,1145,1089
2012-04-06,14,5,,2037,1043,994,1043,994
2012-04-07,14,6,5,789,403,386,403,386
2012-04-08,14,7,5,472,242,230,242,230
2012-04-09,15,1,6,650,349,301,349,301
2012-04-10,15,2,4,1667,854,813,854,813
2012-04-11,15,3,4,1365,723,642,723,642
2012-04-12,15,4,4,1536,782,754,782,754
2012-04-13,15,5,4,1447,758,689,758,689
2012-04-14,15,6,5,526,279,247,279,247
2012-04-15,15,7,5,450,227,223,227,223
2012-04-16,16,1,4,1099,579,520,579,520
2012-04-17,16,2,4,1738,903,835,903,835
2012-04-18,16,3,4,1613,850,763,850,763
2012-04-19,16,4,4,1337,696,641,696,641
2012-04-20,16,5,4,1631,832,799,832,799
2012-04-21,16,6,5,876,429,447,429,447
2012-04-22,16,7,5,1046,523,523,523,523
2012-04-23,17,1,,2245,1155,1090,1155,1090
2012-04-24,17,2,,1916,997,919,997,919
2012-04-25,17,3,,2289,1171,1118,1171,1118
2012-04-26,17,4,,2465,1260,1205,1260,1205
2012-04-27,17,5,,2440,1256,1184,1256,1184
2012-04-28,17,6,1,1320,683,637,683,637
2012-04-29,17,7,1,950,496,454,496,454
2012-04-30,18,1,,1317,672,645,672,645
2012-05-01,18,2,2,1349,725,624,725,624
2012-05-02,18,3,,1908,997,911,997,911
2012-05-03,18,4,,2646,1378,1268,1378,1268
2012-05-04,18,5,,2461,1271,1190,1271,1190
2012-05-05,18,6,1,1028,533,495,533,495
2012-05-06,18,7,1,1056,543,513,543,513
2012-05-07,19,1,,1833,945,888,945,888
2012-05-08,19,2,2,843,438,405,438,405
2012-05-09,19,3,,2294,1193,1101,1193,1101
2012-05-10,19,4,,2911,1515,1396,1515,1396
2012-05-11,19,5,,2825,1479,1346,1479,1346
2012-05-12,19,6,1,1085,555,530,555,530
2012-05-13,19,7,1,824,428,396,428,396
2012-05-14,20,1,,2726,1427,1299,1427,1299
2012-05-15,20,2,,2794,1437,1357,1437,1357
2012-05-16,20,3,,2279,1170,1109,1170,1109
2012-05-17,20,4,2,889,452,437,452,437
2012-05-18,20,5,,1115,585,530,585,530
2012-05-19,20,6,1,992,509,483,509,483
2012-05-20,20,7,1,844,421,423,421,423
2012-05-21,21,1,,1475,759,716,759,716
2012-05-22,21,2,,1284,659,625,659,625
2012-05-23,21,3,,2296,1196,1100,1196,1100
2012-05-24,21,4,,2598,1328,1270,1328,1270
2012-05-25,21,5,,2601,1345,1256,1345,1256
2012-05-26,21,6,1,1143,597,546,597,546
2012-05-27,21,7,1,639,319,320,319,320
2012-05-28,22,1,2,1048,540,508,540,508
2012-05-29,22,2,,2844,1462,1382,1462,1382
2012-05-30,22,3,,2971,1545,1426,1545,1426
2012-05-31,22,4,,2910,1489,1421,1489,1421
2012-06-01,22,5,,2936,1497,1439,1497,1439
2012-06-02,22,6,1,1410,694,716,694,716
2012-06-03,22,7,1,753,387,366,387,366
2012-06-04,23,1,,1674,864,810,864,810
2012-06-05,23,2,,2882,1492,1390,1492,1390
2012-06-06,23,3,,2189,1134,1055,1134,1055
2012-06-07,23,4,,2865,1464,1401,1464,1401
2012-06-08,23,5,,2028,1051,977,1051,977
2012-06-09,23,6,1,1203,638,565,638,565
2012-06-10,23,7,1,832,411,421,411,421
2012-06-11,24,1,,2225,1170,1055,1170,1055
2012-06-12,24,2,,2022,1026,996,1026,996
2012-06-13,24,3,,2069,1061,1008,1061,1008
2012-06-14,24,4,,2801,1434,1367,1434,1367
2012-06-15,24,5,,2642,1358,1284,1358,1284
2012-06-16,24,6,1,1293,656,637,656,637
2012-06-17,24,7,1,1052,521,531,521,531
2012-06-18,25,1,,2564,1338,1226,1338,1226
2012-06-19,25,2,,2643,1364,1279,1364,1279
2012-06-20,25,3,,2141,1118,1023,1118,1023
2012-06-21,25,4,,2661,1390,1271,1390,1271
2012-06-22,25,5,,2590,1314,1276,1314,1276
2012-06-23,25,6,1,1276,651,625,651,625
2012-06-24,25,7,1,1011,512,499,512,499
2012-06-25,26,1,,2239,1200,1039,1200,1039
2012-06-26,26,2,,2756,1444,1312,1444,1312
2012-06-27,26,3,,2641,1367,1274,1367,1274
2012-06-28,26,4,,2764,1445,1319,1445,1319
2012-06-29,26,5,,2610,1379,1231,1379,1231
2012-06-30,26,6,1,1078,548,530,548,530
2012-07-01,26,7,1,521,258,263,258,263
2012-07-02,27,1,,1452,762,690,762,690
2012-07-03,27,2,,2522,1327,1195,1327,1195
2012-07-04,27,3,,2473,1295,1178,1295,1178
2012-07-05,27,4,4,2217,1161,1056,1161,1056
2012-07-06,27,5,4,2131,1099,1032,1099,1032
2012-07-07,27,6,5,977,504,473,504,473
2012-07-08,27,7,5,827,426,401,426,401
2012-07-09,28,1,4,2235,1175,1060,1175,1060
2012-07-10,28,2,4,2299,1189,1110,1189,1110
2012-07-11,28,3,4,2167,1141,1026,1141,1026
2012-07-12,28,4,4,2325,1232,1093,1232,1093
2012-07-13,28,5,4,1852,985,867,985,867
2012-07-14,28,6,7,707,361,346,361,346
2012-07-15,28,7,5,784,391,393,391,393
2012-07-16,29,1,4,1967,1014,953,1014,953
2012-07-17,29,2,4,2213,1158,1055,1158,1055
2012-07-18,29,3,4,2139,1115,1024,1115,1024
2012-07-19,29,4,4,2263,1164,1099,1164,1099
2012-07-20,29,5,4,1900,990,910,990,910
2012-07-21,29,6,5,778,409,369,409,369
2012-07-22,29,7,5,791,383,408,383,408
2012-07-23,30,1,4,1938,1004,934,1004,934
2012-07-24,30,2,4,2132,1132,1000,1132,1000
2012-07-25,30,3,4,1871,986,885,986,885
2012-07-26,30,4,4,2011,1057,954,1057,954
2012-07-27,30,5,4,1786,961,825,961,825
2012-07-28,30,6,5,777,402,375,402,375
2012-07-29,30,7,5,772,404,368,404,368
2012-07-30,31,1,4,1645,883,762,883,762
2012-07-31,31,2,4,1819,962,857,962,857
2012-08-01,31,3,4,1680,867,813,867,813
2012-08-02,31,4,4,1698,882,816,882,816
2012-08-03,31,5,4,1487,765,722,765,722
2012-08-04,31,6,5,757,398,359,398,359
2012-08-05,31,7,5,527,270,257,270,257
2012-08-06,32,1,4,1109,601,508,601,508
2012-08-07,32,2,4,1620,867,753,867,753
2012-08-08,32,3,4,1459,748,711,748,711
2012-08-09,32,4,4,1549,802,747,802,747
2012-08-10,32,5,4,1362,707,655,707,655
2012-08-11,32,6,5,631,324,307,324,307
2012-08-12,32,7,5,575,282,293,282,293
2012-08-13,33,1,4,1248,660,588,660,588
2012-08-14,33,2,4,1387,747,640,747,640
2012-08-15,33,3,6,628,337,291,337,291
2012-08-16,33,4,4,1324,702,622,702,622
2012-08-17,33,5,4,1194,638,556,638,556
2012-08-18,33,6,5,670,356,314,356,314
2012-08-19,33,7,5,588,317,271,317,271
2012-08-20,34,1,4,1424,743,681,743,681
2012-08-21,34,2,4,1572,845,727,845,727
2012-08-22,34,3,4,1519,786,733,786,733
2012-08-23,34,4,4,1549,810,739,810,739
2012-08-24,34,5,4,1495,762,733,762,733
2012-08-25,34,6,5,657,354,303,354,303
2012-08-26,34,7,5,746,379,367,379,367
2012-08-27,35,1,4,1852,971,881,971,881
2012-08-28,35,2,4,2051,1069,982,1069,982
2012-08-29,35,3,4,1950,1025,925,1025,925
2012-08-30,35,4,4,1023,510,513,510,513
2012-08-31,35,5,4,1241,651,590,651,590
2012-09-01,35,6,5,532,265,267,265,267
2012-09-02,35,7,5,869,418,451,418,451
2012-09-03,36,1,4,2237,1189,1048,1189,1048
2012-09-04,36,2,,2577,1341,1236,1341,1236
2012-09-05,36,3,,2477,1307,1170,1307,1170
2012-09-06,36,4,,2701,1410,1291,1410,1291
2012-09-07,36,5,,2598,1364,1234,1364,1234
2012-09-08,36,6,1,1230,625,605,625,605
2012-09-09,36,7,1,1061,544,517,544,517
2012-09-10,37,1,,2728,1412,1316,1412,1316
2012-09-11,37,2,,2848,1473,1375,1473,1375
2012-09-12,37,3,,1651,853,798,853,798
2012-09-13,37,4,,2645,1337,1308,1337,1308
2012-09-14,37,5,,2640,1380,1260,1380,1260
2012-09-15,37,6,1,1042,546,496,546,496
2012-09-16,37,7,1,1013,492,521,492,521
2012-09-17,38,1,,2809,1443,1366,1443,1366
2012-09-18,38,2,,2904,1496,1408,1496,1408
2012-09-19,38,3,,2200,1129,1071,1129,1071
2012-09-20,38,4,,2855,1479,1376,1479,1376
2012-09-21,38,5,,2725,1409,1316,1409,1316
2012-09-22,38,6,1,922,463,459,463,459
2012-09-23,38,7,1,965,489,476,489,476
2012-09-24,39,1,,1353,686,667,686,667
2012-09-25,39,2,,2777,1414,1363,1414,1363
2012-09-26,39,3,,1995,1016,979,1016,979
2012-09-27,39,4,,2529,1309,1220,1309,1220
2012-09-28,39,5,,2627,1392,1235,1392,1235
2012-09-29,39,6,1,654,328,326,328,326
2012-09-30,39,7,1,816,397,419,397,419
2012-10-01,40,1,,2481,1316,1165,1316,1165
2012-10-02,40,2,,2962,1554,1408,1554,1408
2012-10-03,40,3,,2898,1494,1404,1494,1404
2012-10-04,40,4,,2867,1499,1368,1499,1368
2012-10-05,40,5,,2720,1445,1275,1445,1275
2012-10-06,40,6,1,1229,630,599,630,599
2012-10-07,40,7,1,877,446,431,446,431
2012-10-08,41,1,,2469,1272,1197,1272,1197
2012-10-09,41,2,,2193,1141,1052,1141,1052
2012-10-10,41,3,,2435,1284,1151,1284,1151
2012-10-11,41,4,,2737,1413,1324,1413,1324
2012-10-12,41,5,,2109,1126,983,1126,983
2012-10-13,41,6,1,1191,613,578,613,578
2012-10-14,41,7,1,648,343,305,343,305
2012-10-15,42,1,,1974,1019,955,1019,955
2012-10-16,42,2,,2560,1342,1218,1342,1218
2012-10-17,42,3,,2530,1321,1209,1321,1209
2012-10-18,42,4,,2662,1389,1273,1389,1273
2012-10-19,42,5,,2630,1391,1239,1391,1239
2012-10-20,42,6,1,1403,744,659,744,659
2012-10-21,42,7,1,921,467,454,467,454
2012-10-22,43,1,,2473,1313,1160,1313,1160
2012-10-23,43,2,,2881,1503,1378,1503,1378
2012-10-24,43,3,,2860,1509,1351,1509,1351
2012-10-25,43,4,,2827,1493,1334,1493,1334
2012-10-26,43,5,,1929,985,944,985,944
2012-10-27,43,6,5,468,239,229,239,229
2012-10-28,43,7,5,34,14,20,14,20
2012-10-29,44,1,4,717,345,372,345,372
2012-10-30,44,2,4,1364,719,645,719,645
2012-10-31,44,3,4,1159,614,545,614,545
2012-11-01,44,4,6,542,283,259,283,259
2012-11-02,44,5,4,952,527,425,527,425
2012-11-03,44,6,5,655,348,307,348,307
2012-11-04,44,7,5,505,254,251,254,251
2012-11-05,45,1,4,1625,828,797,828,797
2012-11-06,45,2,4,1809,942,867,942,867
2012-11-07,45,3,4,1841,989,852,989,852
2012-11-08,45,4,4,2115,1071,1044,1071,1044
2012-11-09,45,5,4,1914,984,930,984,930
2012-11-10,45,6,5,487,248,239,248,239
2012-11-11,45,7,7,469,243,226,243,226
2012-11-12,46,1,,2206,1151,1055,1151,1055
2012-11-13,46,2,,2673,1388,1285,1388,1285
2012-11-14,46,3,,2617,1400,1217,1400,1217
2012-11-15,46,4,,2553,1326,1227,1326,1227
2012-11-16,46,5,,2287,1212,1075,1212,1075
2012-11-17,46,6,1,933,459,474,459,474
2012-11-18,46,7,1,813,431,382,431,382
2012-11-19,47,1,,2368,1249,1119,1249,1119
2012-11-20,47,2,,2634,1388,1246,1388,1246
2012-11-21,47,3,,2407,1256,1151,1256,1151
2012-11-22,47,4,,2493,1322,1171,1322,1171
2012-11-23,47,5,,2391,1243,1148,1243,1148
2012-11-24,47,6,1,1064,574,490,574,490
2012-11-25,47,7,1,784,399,385,399,385
2012-11-26,48,1,,2057,1085,972,1085,972
2012-11-27,48,2,,1249,629,620,629,620
2012-11-28,48,3,,1251,649,602,649,602
2012-11-29,48,4,,1611,849,762,849,762
2012-11-30,48,5,,1865,994,871,994,871
2012-12-01,48,6,1,829,412,417,412,417
2012-12-02,48,7,1,359,182,177,182,177
2012-12-03,49,1,,1530,795,735,795,735
2012-12-04,49,2,,1484,772,712,772,712
2012-12-05,49,3,,1672,866,806,866,806
2012-12-06,49,4,,1805,944,861,944,861
2012-12-07,49,5,,1395,732,663,732,663
2012-12-08,49,6,1,509,266,243,266,243
2012-12-09,49,7,1,434,216,218,216,218
2012-12-10,50,1,,1120,587,533,587,533
2012-12-11,50,2,,1696,893,803,893,803
2012-12-12,50,3,,1644,859,785,859,785
2012-12-13,50,4,,1746,900,846,900,846
2012-12-14,50,5,,1666,861,805,861,805
2012-12-15,50,6,1,840,428,412,428,412
2012-12-16,50,7,1,626,310,316,310,316
2012-12-17,51,1,,1548,800,748,800,748
2012-12-18,51,2,,1631,875,756,875,756
2012-12-19,51,3,,1790,931,859,931,859
2012-12-20,51,4,,1626,841,785,841,785
2012-12-21,51,5,,1520,792,728,792,728
2012-12-22,51,6,5,687,352,335,352,335
2012-12-23,51,7,5,432,231,201,231,201
2012-12-24,52,1,4,512,256,256,256,256
2012-12-25,52,2,6,180,88,92,88,92
2012-12-26,52,3,4,588,310,278,310,278
2012-12-27,52,4,4,600,306,294,306,294
2012-12-28,52,5,4,715,386,329,386,329
2012-12-29,52,6,5,463,250,213,250,213
2012-12-30,52,7,5,482,251,231,251,231
2012-12-31,01,1,4,547,297,250,297,250
2013-01-01,01,2,6,240,131,109,131,109
2013-01-02,01,3,4,907,477,430,477,430
2013-01-03,01,4,4,1278,655,623,655,623
2013-01-04,01,5,4,1295,686,609,686,609
2013-01-05,01,6,5,558,278,280,278,280
2013-01-06,01,7,5,554,292,262,292,262
2013-01-07,02,1,,2000,1053,947,1053,947
2013-01-08,02,2,,2278,1173,1105,1173,1105
2013-01-09,02,3,,2007,1038,969,1038,969
2013-01-10,02,4,,1871,973,898,973,898
2013-01-11,02,5,,1198,619,579,619,579
2013-01-12,02,6,1,761,395,366,395,366
2013-01-13,02,7,1,515,261,254,261,254
2013-01-14,03,1,,1537,810,727,810,727
2013-01-15,03,2,,1454,776,678,776,678
2013-01-16,03,3,,1445,746,699,746,699
2013-01-17,03,4,,1016,527,489,527,489
2013-01-18,03,5,,1238,648,590,648,590
2013-01-19,03,6,1,503,245,258,245,258
2013-01-20,03,7,1,451,227,224,227,224
2013-01-21,04,1,,1667,891,776,891,776
2013-01-22,04,2,,1913,983,930,983,930
2013-01-23,04,3,,1951,1010,941,1010,941
2013-01-24,04,4,,1869,954,915,954,915
2013-01-25,04,5,,1740,921,819,921,819
2013-01-26,04,6,1,774,408,366,408,366
2013-01-27,04,7,1,548,278,270,278,270
2013-01-28,05,1,,1739,923,816,923,816
2013-01-29,05,2,,2045,1046,999,1046,999
2013-01-30,05,3,,2032,1072,960,1072,960
2013-01-31,05,4,,2021,1036,985,1036,985
2013-02-01,05,5,,1688,849,839,849,839
2013-02-02,05,6,1,532,262,270,262,270
2013-02-03,05,7,1,400,199,201,199,201
2013-02-04,06,1,,1258,659,599,659,599
2013-02-05,06,2,,1626,847,779,847,779
2013-02-06,06,3,,1373,709,664,709,664
2013-02-07,06,4,,1608,812,796,812,796
2013-02-08,06,5,,1649,849,800,849,800
2013-02-09,06,6,1,627,320,307,320,307
2013-02-10,06,7,1,450,213,237,213,237
2013-02-11,07,1,,663,353,310,353,310
2013-02-12,07,2,,981,490,491,490,491
2013-02-13,07,3,,1365,698,667,698,667
2013-02-14,07,4,,1640,831,809,831,809
2013-02-15,07,5,,1458,746,712,746,712
2013-02-16,07,6,1,760,390,370,390,370
2013-02-17,07,7,1,605,305,300,305,300
2013-02-18,08,1,,1846,960,886,960,886
2013-02-19,08,2,,2058,1077,981,1077,981
2013-02-20,08,3,,2025,1053,972,1053,972
2013-02-21,08,4,,2022,1047,975,1047,975
2013-02-22,08,5,,1667,866,801,866,801
2013-02-23,08,6,5,454,234,220,234,220
2013-02-24,08,7,5,148,74,74,74,74
2013-02-25,09,1,4,976,521,455,521,455
2013-02-26,09,2,4,1368,725,643,725,643
2013-02-27,09,3,4,1316,700,616,700,616
2013-02-28,09,4,4,1468,756,712,756,712
2013-03-01,09,5,4,1345,712,633,712,633
2013-03-02,09,6,5,606,320,286,320,286
2013-03-03,09,7,5,639,321,318,321,318
2013-03-04,10,1,4,1618,866,752,866,752
2013-03-05,10,2,4,1673,895,778,895,778
2013-03-06,10,3,4,1531,803,728,803,728
2013-03-07,10,4,4,1571,825,746,825,746
2013-03-08,10,5,4,1067,559,508,559,508
2013-03-09,10,6,5,916,493,423,493,423
2013-03-10,10,7,5,837,442,395,442,395
2013-03-11,11,1,,2078,1086,992,1086,992
2013-03-12,11,2,,2138,1115,1023,1115,1023
2013-03-13,11,3,,1725,895,830,895,830
2013-03-14,11,4,,1745,897,848,897,848
2013-03-15,11,5,,1740,886,854,886,854
2013-03-16,11,6,1,818,402,416,402,416
2013-03-17,11,7,1,477,242,235,242,235
2013-03-18,12,1,,1115,595,520,595,520
2013-03-19,12,2,,2204,1162,1042,1162,1042
2013-03-20,12,3,,1794,938,856,938,856
2013-03-21,12,4,,2243,1154,1089,1154,1089
2013-03-22,12,5,,2116,1093,1023,1093,1023
2013-03-23,12,6,1,911,480,431,480,431
2013-03-24,12,7,1,362,190,172,190,172
2013-03-25,13,1,,1867,962,905,962,905
2013-03-26,13,2,,2117,1113,1004,1113,1004
2013-03-27,13,3,,2198,1178,1020,1178,1020
2013-03-28,13,4,,1203,619,584,619,584
2013-03-29,13,5,,1377,731,646,731,646
2013-03-30,13,6,1,535,261,274,261,274
2013-03-31,13,7,1,483,266,217,266,217
2013-04-01,14,1,2,582,295,287,295,287
2013-04-02,14,2,,2196,1172,1024,1172,1024
2013-04-03,14,3,,2274,1197,1077,1197,1077
2013-04-04,14,4,,2183,1149,1034,1149,1034
2013-04-05,14,5,,1929,1013,916,1013,916
2013-04-06,14,6,1,835,447,388,447,388
2013-04-07,14,7,1,604,321,283,321,283
2013-04-08,15,1,,1926,996,930,996,930
2013-04-09,15,2,,1948,1033,915,1033,915
2013-04-10,15,3,,2352,1253,1099,1253,1099
2013-04-11,15,4,,2209,1177,1032,1177,1032
2013-04-12,15,5,,2025,1080,945,1080,945
2013-04-13,15,6,1,1174,631,543,631,543
2013-04-14,15,7,1,925,468,457,468,457
2013-04-15,16,1,,2473,1312,1161,1312,1161
2013-04-16,16,2,,2799,1478,1321,1478,1321
2013-04-17,16,3,,2748,1462,1286,1462,1286
2013-04-18,16,4,,2819,1486,1333,1486,1333
2013-04-19,16,5,,1270,678,592,678,592
2013-04-20,16,6,5,655,338,317,338,317
2013-04-21,16,7,5,597,304,293,304,293
2013-04-22,17,1,4,1620,849,771,849,771
2013-04-23,17,2,4,2000,1089,911,1089,911
2013-04-24,17,3,4,1929,1034,895,1034,895
2013-04-25,17,4,4,2072,1082,990,1082,990
2013-04-26,17,5,4,1132,586,546,586,546
2013-04-27,17,6,5,222,122,100,122,100
2013-04-28,17,7,5,493,242,251,242,251
2013-04-29,18,1,4,1048,562,486,562,486
2013-04-30,18,2,4,1267,677,590,677,590
2013-05-01,18,3,6,781,419,362,419,362
2013-05-02,18,4,4,1554,807,747,807,747
2013-05-03,18,5,4,1230,667,563,667,563
2013-05-04,18,6,5,823,405,418,405,418
2013-05-05,18,7,5,832,432,400,432,400
2013-05-06,19,1,,1821,967,854,967,854
2013-05-07,19,2,,2336,1236,1100,1236,1100
2013-05-08,19,3,2,988,512,476,512,476
2013-05-09,19,4,2,611,309,302,309,302
2013-05-10,19,5,,922,488,434,488,434
2013-05-11,19,6,1,809,422,387,422,387
2013-05-12,19,7,1,782,383,399,383,399
2013-05-13,20,1,,2650,1369,1281,1369,1281
2013-05-14,20,2,,2896,1498,1398,1498,1398
2013-05-15,20,3,,1872,993,879,993,879
2013-05-16,20,4,,1363,712,651,712,651
2013-05-17,20,5,,1739,913,826,913,826
2013-05-18,20,6,1,825,406,419,406,419
2013-05-19,20,7,1,511,267,244,267,244
2013-05-20,21,1,2,1045,552,493,552,493
2013-05-21,21,2,,2313,1200,1113,1200,1113
2013-05-22,21,3,,1800,930,870,930,870
2013-05-23,21,4,,2205,1143,1062,1143,1062
2013-05-24,21,5,,1694,878,816,878,816
2013-05-25,21,6,1,596,305,291,305,291
2013-05-26,21,7,1,732,378,354,378,354
2013-05-27,22,1,,2523,1315,1208,1315,1208
2013-05-28,22,2,,1976,999,977,999,977
2013-05-29,22,3,,1779,935,844,935,844
2013-05-30,22,4,,2074,1089,985,1089,985
2013-05-31,22,5,,1934,1000,934,1000,934
2013-06-01,22,6,1,645,325,320,325,320
2013-06-02,22,7,1,808,409,399,409,399
2013-06-03,23,1,,2516,1321,1195,1321,1195
2013-06-04,23,2,,2782,1445,1337,1445,1337
2013-06-05,23,3,,2813,1467,1346,1467,1346
2013-06-06,23,4,,2903,1498,1405,1498,1405
2013-06-07,23,5,,2836,1447,1389,1447,1389
2013-06-08,23,6,1,1245,637,608,637,608
2013-06-09,23,7,1,846,440,406,440,406
2013-06-10,24,1,,2465,1267,1198,1267,1198
2013-06-11,24,2,,2962,1561,1401,1561,1401
2013-06-12,24,3,,2847,1470,1377,1470,1377
2013-06-13,24,4,,2853,1493,1360,1493,1360
2013-06-14,24,5,,2360,1226,1134,1226,1134
2013-06-15,24,6,1,1262,694,568,694,568
2013-06-16,24,7,1,971,511,460,511,460
2013-06-17,25,1,,2701,1410,1291,1410,1291
2013-06-18,25,2,,2862,1482,1380,1482,1380
2013-06-19,25,3,,2602,1351,1251,1351,1251
2013-06-20,25,4,,2397,1243,1154,1243,1154
2013-06-21,25,5,,2635,1419,1216,1419,1216
2013-06-22,25,6,1,1272,658,614,658,614
2013-06-23,25,7,1,861,427,434,427,434
2013-06-24,26,1,,1697,903,794,903,794
2013-06-25,26,2,,2654,1375,1279,1375,1279
2013-06-26,26,3,,2408,1264,1144,1264,1144
2013-06-27,26,4,,2578,1347,1231,1347,1231
2013-06-28,26,5,,2435,1270,1165,1270,1165
2013-06-29,26,6,1,685,359,326,359,326
2013-06-30,26,7,1,1024,518,506,518,506
2013-07-01,27,1,,2555,1335,1220,1335,1220
2013-07-02,27,2,,2817,1476,1341,1476,1341
2013-07-03,27,3,,1780,948,832,948,832
2013-07-04,27,4,,2558,1330,1228,1330,1228
2013-07-05,27,5,,2519,1324,1195,1324,1195
2013-07-06,27,6,5,1082,593,489,593,489
2013-07-07,27,7,5,895,469,426,469,426
2013-07-08,28,1,4,2113,1092,1021,1092,1021
2013-07-09,28,2,4,2315,1235,1080,1235,1080
2013-07-10,28,3,4,2128,1127,1001,1127,1001
2013-07-11,28,4,4,2310,1229,1081,1229,1081
2013-07-12,28,5,4,2359,1243,1116,1243,1116
2013-07-13,28,6,5,995,530,465,530,465
2013-07-14,28,7,7,819,436,383,436,383
2013-07-15,29,1,4,1819,946,873,946,873
2013-07-16,29,2,4,2247,1185,1062,1185,1062
2013-07-17,29,3,4,1998,1058,940,1058,940
2013-07-18,29,4,4,1860,973,887,973,887
2013-07-19,29,5,4,1935,1038,897,1038,897
2013-07-20,29,6,5,998,524,474,524,474
2013-07-21,29,7,5,878,462,416,462,416
2013-07-22,30,1,4,1764,931,833,931,833
2013-07-23,30,2,4,2111,1094,1017,1094,1017
2013-07-24,30,3,4,1977,1061,916,1061,916
2013-07-25,30,4,4,1961,1052,909,1052,909
2013-07-26,30,5,4,1838,995,843,995,843
2013-07-27,30,6,5,728,386,342,386,342
2013-07-28,30,7,5,553,307,246,307,246
2013-07-29,31,1,4,754,409,345,409,345
2013-07-30,31,2,4,1846,971,875,971,875
2013-07-31,31,3,4,1736,936,800,936,800
2013-08-01,31,4,4,1682,891,791,891,791
2013-08-02,31,5,4,1646,882,764,882,764
2013-08-03,31,6,5,778,413,365,413,365
2013-08-04,31,7,5,628,337,291,337,291
2013-08-05,32,1,4,1406,724,682,724,682
2013-08-06,32,2,4,1521,816,705,816,705
2013-08-07,32,3,4,807,419,388,419,388
2013-08-08,32,4,4,989,520,469,520,469
2013-08-09,32,5,4,1317,721,596,721,596
2013-08-10,32,6,5,746,386,360,386,360
2013-08-11,32,7,5,606,324,282,324,282
2013-08-12,33,1,4,1265,679,586,679,586
2013-08-13,33,2,4,1376,728,648,728,648
2013-08-14,33,3,4,1289,683,606,683,606
2013-08-15,33,4,6,577,297,280,297,280
2013-08-16,33,5,4,827,436,391,436,391
2013-08-17,33,6,5,685,352,333,352,333
2013-08-18,33,7,5,648,334,314,334,314
2013-08-19,34,1,4,1326,709,617,709,617
2013-08-20,34,2,4,1662,877,785,877,785
2013-08-21,34,3,4,1588,862,726,862,726
2013-08-22,34,4,4,1613,834,779,834,779
2013-08-23,34,5,4,1535,805,730,805,730
2013-08-24,34,6,5,688,368,320,368,320
2013-08-25,34,7,5,789,416,373,416,373
2013-08-26,35,1,4,1788,939,849,939,849
2013-08-27,35,2,4,1942,1012,930,1012,930
2013-08-28,35,3,4,1939,1039,900,1039,900
2013-08-29,35,4,4,2190,1147,1043,1147,1043
2013-08-30,35,5,4,2048,1083,965,1083,965
2013-08-31,35,6,5,1141,604,537,604,537
2013-09-01,35,7,5,967,504,463,504,463
2013-09-02,36,1,4,2365,1237,1128,1237,1128
2013-09-03,36,2,,2895,1522,1373,1522,1373
2013-09-04,36,3,,2884,1504,1380,1504,1380
2013-09-05,36,4,,2800,1466,1334,1466,1334
2013-09-06,36,5,,2717,1403,1314,1403,1314
2013-09-07,36,6,1,1232,669,563,669,563
2013-09-08,36,7,1,526,265,261,265,261
2013-09-09,37,1,,2684,1404,1280,1404,1280
2013-09-10,37,2,,2983,1552,1431,1552,1431
2013-09-11,37,3,,2813,1434,1379,1434,1379
2013-09-12,37,4,,2644,1361,1283,1361,1283
2013-09-13,37,5,,2794,1455,1339,1455,1339
2013-09-14,37,6,1,1212,638,574,638,574
2013-09-15,37,7,1,544,267,277,267,277
2013-09-16,38,1,,2169,1137,1032,1137,1032
2013-09-17,38,2,,2330,1219,1111,1219,1111
2013-09-18,38,3,,2064,1095,969,1095,969
2013-09-19,38,4,,2650,1383,1267,1383,1267
2013-09-20,38,5,,2694,1400,1294,1400,1294
2013-09-21,38,6,1,1153,593,560,593,560
2013-09-22,38,7,1,1016,526,490,526,490
2013-09-23,39,1,,2892,1532,1360,1532,1360
2013-09-24,39,2,,3198,1664,1534,1664,1534
2013-09-25,39,3,,3084,1563,1521,1563,1521
2013-09-26,39,4,,3056,1573,1483,1573,1483
2013-09-27,39,5,,3003,1590,1413,1590,1413
2013-09-28,39,6,1,1267,668,599,668,599
2013-09-29,39,7,1,588,291,297,291,297
2013-09-30,40,1,,2402,1260,1142,1260,1142
2013-10-01,40,2,,3073,1612,1461,1612,1461
2013-10-02,40,3,,3096,1596,1500,1596,1500
2013-10-03,40,4,,2984,1551,1433,1551,1433
2013-10-04,40,5,,2534,1300,1234,1300,1234
2013-10-05,40,6,1,873,442,431,442,431
2013-10-06,40,7,1,932,477,455,477,455
2013-10-07,41,1,,2676,1404,1272,1404,1272
2013-10-08,41,2,,2961,1528,1433,1528,1433
2013-10-09,41,3,,2756,1405,1351,1405,1351
2013-10-10,41,4,,2167,1109,1058,1109,1058
2013-10-11,41,5,,2302,1196,1106,1196,1106
2013-10-12,41,6,1,940,488,452,488,452
2013-10-13,41,7,1,752,394,358,394,358
2013-10-14,42,1,,2167,1127,1040,1127,1040
2013-10-15,42,2,,2252,1151,1101,1151,1101
2013-10-16,42,3,,2381,1206,1175,1206,1175
2013-10-17,42,4,,3028,1552,1476,1552,1476
2013-10-18,42,5,,2851,1474,1377,1474,1377
2013-10-19,42,6,5,1336,704,632,704,632
2013-10-20,42,7,5,556,272,284,272,284
2013-10-21,43,1,4,2230,1175,1055,1175,1055
2013-10-22,43,2,4,2531,1298,1233,1298,1233
2013-10-23,43,3,4,1768,916,852,916,852
2013-10-24,43,4,4,2370,1204,1166,1204,1166
2013-10-25,43,5,4,2365,1225,1140,1225,1140
2013-10-26,43,6,5,979,511,468,511,468
2013-10-27,43,7,5,605,306,299,306,299
2013-10-28,44,1,4,1881,982,899,982,899
2013-10-29,44,2,4,1842,958,884,958,884
2013-10-30,44,3,4,1812,929,883,929,883
2013-10-31,44,4,4,1843,994,849,994,849
2013-11-01,44,5,6,749,369,380,369,380
2013-11-02,44,6,5,677,359,318,359,318
2013-11-03,44,7,5,610,299,311,299,311
2013-11-04,45,1,,1513,783,730,783,730
2013-11-05,45,2,,2203,1139,1064,1139,1064
2013-11-06,45,3,,2282,1181,1101,1181,1101
2013-11-07,45,4,,2813,1439,1374,1439,1374
2013-11-08,45,5,,2418,1275,1143,1275,1143
2013-11-09,45,6,1,989,486,503,486,503
2013-11-10,45,7,1,327,164,163,164,163
2013-11-11,46,1,2,553,285,268,285,268
2013-11-12,46,2,,2674,1365,1309,1365,1309
2013-11-13,46,3,,2425,1249,1176,1249,1176
2013-11-14,46,4,,2448,1257,1191,1257,1191
2013-11-15,46,5,,1931,1007,924,1007,924
2013-11-16,46,6,1,977,505,472,505,472
2013-11-17,46,7,1,784,380,404,380,404
2013-11-18,47,1,,2406,1176,1230,1176,1230
2013-11-19,47,2,,2215,1154,1061,1154,1061
2013-11-20,47,3,,1541,793,748,793,748
2013-11-21,47,4,,1739,889,850,889,850
2013-11-22,47,5,,2002,1017,985,1017,985
2013-11-23,47,6,1,784,398,386,398,386
2013-11-24,47,7,1,594,309,285,309,285
2013-11-25,48,1,,2075,1058,1017,1058,1017
2013-11-26,48,2,,2392,1220,1172,1220,1172
2013-11-27,48,3,,2282,1166,1116,1166,1116
2013-11-28,48,4,,2218,1124,1094,1124,1094
2013-11-29,48,5,,2158,1125,1033,1125,1033
2013-11-30,48,6,1,636,338,298,338,298
2013-12-01,48,7,1,636,329,307,329,307
2013-12-02,49,1,,2160,1107,1053,1107,1053
2013-12-03,49,2,,2358,1191,1167,1191,1167
2013-12-04,49,3,,2227,1154,1073,1154,1073
2013-12-05,49,4,,2216,1126,1090,1126,1090
2013-12-06,49,5,,2163,1111,1052,1111,1052
2013-12-07,49,6,1,908,468,440,468,440
2013-12-08,49,7,1,645,333,312,333,312
2013-12-09,50,1,,2090,1079,1011,1079,1011
2013-12-10,50,2,,2337,1202,1135,1202,1135
2013-12-11,50,3,,2181,1091,1090,1091,1090
2013-12-12,50,4,,2342,1216,1126,1216,1126
2013-12-13,50,5,,2230,1163,1067,1163,1067
2013-12-14,50,6,1,875,443,432,443,432
2013-12-15,50,7,1,601,313,288,313,288
2013-12-16,51,1,,2125,1098,1027,1098,1027
2013-12-17,51,2,,2316,1199,1117,1199,1117
2013-12-18,51,3,,2102,1077,1025,1077,1025
2013-12-19,51,4,,1787,921,866,921,866
2013-12-20,51,5,,1446,734,712,734,712
2013-12-21,51,6,5,909,485,424,485,424
2013-12-22,51,7,5,604,302,302,302,302
2013-12-23,52,1,4,938,468,470,468,470
2013-12-24,52,2,4,708,359,349,359,349
2013-12-25,52,3,6,171,98,73,98,73
2013-12-26,52,4,4,296,155,141,155,141
2013-12-27,52,5,4,691,368,323,368,323
2013-12-28,52,6,5,418,210,208,210,208
2013-12-29,52,7,5,454,238,216,238,216
2013-12-30,01,1,4,758,388,370,388,370
2013-12-31,01,2,4,800,419,381,419,381
2014-01-01,01,3,6,310,152,158,152,158
2014-01-02,01,4,4,852,422,430,422,430
2014-01-03,01,5,4,708,371,337,371,337
2014-01-04,01,6,5,303,146,157,146,157
2014-01-05,01,7,5,658,337,321,337,321
2014-01-06,02,1,,2167,1131,1036,1131,1036
2014-01-07,02,2,,2442,1278,1164,1278,1164
2014-01-08,02,3,,2343,1201,1142,1201,1142
2014-01-09,02,4,,2534,1322,1212,1322,1212
2014-01-10,02,5,,2294,1208,1086,1208,1086
2014-01-11,02,6,1,952,507,445,507,445
2014-01-12,02,7,1,753,384,369,384,369
2014-01-13,03,1,,1773,932,841,932,841
2014-01-14,03,2,,2009,1041,968,1041,968
2014-01-15,03,3,,2230,1141,1089,1141,1089
2014-01-16,03,4,,1929,978,951,978,951
2014-01-17,03,5,,1741,903,838,903,838
2014-01-18,03,6,1,899,458,441,458,441
2014-01-19,03,7,1,646,321,325,321,325
2014-01-20,04,1,,1693,888,805,888,805
2014-01-21,04,2,,2166,1129,1037,1129,1037
2014-01-22,04,3,,2252,1181,1071,1181,1071
2014-01-23,04,4,,2117,1074,1043,1074,1043
2014-01-24,04,5,,1974,1043,931,1043,931
2014-01-25,04,6,1,851,445,406,445,406
2014-01-26,04,7,1,664,326,338,326,338
2014-01-27,05,1,,2041,1054,987,1054,987
2014-01-28,05,2,,2319,1225,1094,1225,1094
2014-01-29,05,3,,1832,948,884,948,884
2014-01-30,05,4,,1938,1028,910,1028,910
2014-01-31,05,5,,1961,1009,952,1009,952
2014-02-01,05,6,1,844,448,396,448,396
2014-02-02,05,7,1,536,284,252,284,252
2014-02-03,06,1,,2177,1123,1054,1123,1054
2014-02-04,06,2,,2273,1180,1093,1180,1093
2014-02-05,06,3,,1754,905,849,905,849
2014-02-06,06,4,,2239,1152,1087,1152,1087
2014-02-07,06,5,,1228,634,594,634,594
2014-02-08,06,6,1,770,376,394,376,394
2014-02-09,06,7,1,792,434,358,434,358
2014-02-10,07,1,,1730,879,851,879,851
2014-02-11,07,2,,2227,1166,1061,1166,1061
2014-02-12,07,3,,2256,1170,1086,1170,1086
2014-02-13,07,4,,0,0,0,0,0
2014-02-14,07,5,,1999,1065,934,1065,934
2014-02-15,07,6,1,996,518,478,518,478
2014-02-16,07,7,1,401,199,202,199,202
2014-02-17,08,1,,2220,1148,1072,1148,1072
2014-02-18,08,2,,2498,1316,1182,1316,1182
2014-02-19,08,3,,2295,1194,1101,1194,1101
2014-02-20,08,4,,2528,1310,1218,1310,1218
2014-02-21,08,5,,1541,799,742,799,742
2014-02-22,08,6,1,1055,534,521,534,521
2014-02-23,08,7,1,834,414,420,414,420
2014-02-24,09,1,,2380,1265,1115,1265,1115
2014-02-25,09,2,,2554,1338,1216,1338,1216
2014-02-26,09,3,,1181,602,579,602,579
2014-02-27,09,4,,2098,1076,1022,1076,1022
2014-02-28,09,5,,1683,861,822,861,822
2014-03-01,09,6,5,686,346,340,346,340
2014-03-02,09,7,5,630,329,301,329,301
2014-03-03,10,1,4,1031,522,509,522,509
2014-03-04,10,2,4,1311,665,646,665,646
2014-03-05,10,3,4,1614,837,777,837,777
2014-03-06,10,4,4,1793,913,880,913,880
2014-03-07,10,5,4,1664,862,802,862,802
2014-03-08,10,6,5,771,420,351,420,351
2014-03-09,10,7,5,797,412,385,412,385
2014-03-10,11,1,4,1832,961,871,961,871
2014-03-11,11,2,4,2070,1091,979,1091,979
2014-03-12,11,3,4,1963,1015,948,1015,948
2014-03-13,11,4,4,2057,1045,1012,1045,1012
2014-03-14,11,5,4,1888,983,905,983,905
2014-03-15,11,6,5,910,474,436,474,436
2014-03-16,11,7,5,869,458,411,458,411
2014-03-17,12,1,,2707,1407,1300,1407,1300
2014-03-18,12,2,,3014,1560,1454,1560,1454
2014-03-19,12,3,,2766,1447,1319,1447,1319
2014-03-20,12,4,,2854,1500,1354,1500,1354
2014-03-21,12,5,,2641,1356,1285,1356,1285
2014-03-22,12,6,1,688,351,337,351,337
2014-03-23,12,7,1,544,279,265,279,265
2014-03-24,13,1,,1693,866,827,866,827
2014-03-25,13,2,,2484,1283,1201,1283,1201
2014-03-26,13,3,,2558,1319,1239,1319,1239
2014-03-27,13,4,,2752,1392,1360,1392,1360
2014-03-28,13,5,,2586,1327,1259,1327,1259
2014-03-29,13,6,1,1237,654,583,654,583
2014-03-30,13,7,1,1005,507,498,507,498
2014-03-31,14,1,,2723,1423,1300,1423,1300
2014-04-01,14,2,,3001,1556,1445,1556,1445
2014-04-02,14,3,,2926,1491,1435,1491,1435
2014-04-03,14,4,,2755,1419,1336,1419,1336
2014-04-04,14,5,,2566,1350,1216,1350,1216
2014-04-05,14,6,1,1061,518,543,518,543
2014-04-06,14,7,1,1100,561,539,561,539
2014-04-07,15,1,,2889,1491,1398,1491,1398
2014-04-08,15,2,,2226,1179,1047,1179,1047
2014-04-09,15,3,,2883,1513,1370,1513,1370
2014-04-10,15,4,,2995,1536,1459,1536,1459
2014-04-11,15,5,,2821,1477,1344,1477,1344
2014-04-12,15,6,1,1391,696,695,696,695
2014-04-13,15,7,1,1028,530,498,530,498
2014-04-14,16,1,,2886,1497,1389,1497,1389
2014-04-15,16,2,,3049,1573,1476,1573,1476
2014-04-16,16,3,,3041,1573,1468,1573,1468
2014-04-17,16,4,,3083,1601,1482,1601,1482
2014-04-18,16,5,,2563,1308,1255,1308,1255
2014-04-19,16,6,1,920,502,418,502,418
2014-04-20,16,7,1,723,375,348,375,348
2014-04-21,17,1,2,492,254,238,254,238
2014-04-22,17,2,,2416,1249,1167,1249,1167
2014-04-23,17,3,,2749,1419,1330,1419,1330
2014-04-24,17,4,,3046,1584,1462,1584,1462
2014-04-25,17,5,,2242,1148,1094,1148,1094
2014-04-26,17,6,5,1087,578,509,578,509
2014-04-27,17,7,5,785,408,377,408,377
2014-04-28,18,1,4,1671,875,796,875,796
2014-04-29,18,2,4,2060,1102,958,1102,958
2014-04-30,18,3,4,1511,786,725,786,725
2014-05-01,18,4,6,819,428,391,428,391
2014-05-02,18,5,4,568,285,283,285,283
2014-05-03,18,6,5,489,258,231,258,231
2014-05-04,18,7,5,661,335,326,335,326
2014-05-05,19,1,4,1951,1025,926,1025,926
2014-05-06,19,2,4,2049,1066,983,1066,983
2014-05-07,19,3,4,1151,596,555,596,555
2014-05-08,19,4,6,872,456,416,456,416
2014-05-09,19,5,4,1396,739,657,739,657
2014-05-10,19,6,5,915,457,458,457,458
2014-05-11,19,7,5,674,336,338,336,338
2014-05-12,20,1,,2504,1301,1203,1301,1203
2014-05-13,20,2,,2248,1163,1085,1163,1085
2014-05-14,20,3,,2507,1294,1213,1294,1213
2014-05-15,20,4,,2790,1447,1343,1447,1343
2014-05-16,20,5,,2593,1350,1243,1350,1243
2014-05-17,20,6,1,1458,772,686,772,686
2014-05-18,20,7,1,1209,625,584,625,584
2014-05-19,21,1,,2799,1441,1358,1441,1358
2014-05-20,21,2,,3031,1563,1468,1563,1468
2014-05-21,21,3,,2843,1483,1360,1483,1360
2014-05-22,21,4,,2453,1242,1211,1242,1211
2014-05-23,21,5,,2803,1435,1368,1435,1368
2014-05-24,21,6,1,1528,805,723,805,723
2014-05-25,21,7,1,1000,516,484,516,484
2014-05-26,22,1,,2186,1135,1051,1135,1051
2014-05-27,22,2,,2126,1105,1021,1105,1021
2014-05-28,22,3,,2452,1276,1176,1276,1176
2014-05-29,22,4,2,933,487,446,487,446
2014-05-30,22,5,,1367,706,661,706,661
2014-05-31,22,6,1,983,510,473,510,473
2014-06-01,22,7,1,992,508,484,508,484
2014-06-02,23,1,,2829,1485,1344,1485,1344
2014-06-03,23,2,,3146,1648,1498,1648,1498
2014-06-04,23,3,,2335,1191,1144,1191,1144
2014-06-05,23,4,,3116,1607,1509,1607,1509
2014-06-06,23,5,,3001,1589,1412,1589,1412
2014-06-07,23,6,1,1277,670,607,670,607
2014-06-08,23,7,1,858,443,415,443,415
2014-06-09,24,1,2,1007,525,482,525,482
2014-06-10,24,2,,2665,1346,1319,1346,1319
2014-06-11,24,3,,2939,1515,1424,1515,1424
2014-06-12,24,4,,3055,1611,1444,1611,1444
2014-06-13,24,5,,2913,1509,1404,1509,1404
2014-06-14,24,6,1,1257,640,617,640,617
2014-06-15,24,7,1,881,452,429,452,429
2014-06-16,25,1,,2626,1354,1272,1354,1272
2014-06-17,25,2,,2682,1379,1303,1379,1303
2014-06-18,25,3,,2151,1095,1056,1095,1056
2014-06-19,25,4,,2799,1440,1359,1440,1359
2014-06-20,25,5,,2754,1408,1346,1408,1346
2014-06-21,25,6,1,1267,663,604,663,604
2014-06-22,25,7,1,927,448,479,448,479
2014-06-23,26,1,,2588,1340,1248,1340,1248
2014-06-24,26,2,,2721,1401,1320,1401,1320
2014-06-25,26,3,,2609,1327,1282,1327,1282
2014-06-26,26,4,,2993,1535,1458,1535,1458
2014-06-27,26,5,,2683,1396,1287,1396,1287
2014-06-28,26,6,1,1180,627,553,627,553
2014-06-29,26,7,1,662,314,348,314,348
2014-06-30,27,1,,2507,1254,1253,1254,1253
2014-07-01,27,2,,2816,1438,1378,1438,1378
2014-07-02,27,3,,2014,1023,991,1023,991
2014-07-03,27,4,,2884,1479,1405,1479,1405
2014-07-04,27,5,,2331,1197,1134,1197,1134
2014-07-05,27,6,5,1194,626,568,626,568
2014-07-06,27,7,5,910,483,427,483,427
2014-07-07,28,1,4,1708,883,825,883,825
2014-07-08,28,2,4,1534,778,756,778,756
2014-07-09,28,3,4,1046,551,495,551,495
2014-07-10,28,4,4,1069,559,510,559,510
2014-07-11,28,5,4,1602,836,766,836,766
2014-07-12,28,6,5,643,331,312,331,312
2014-07-13,28,7,5,752,396,356,396,356
2014-07-14,29,1,6,578,293,285,293,285
2014-07-15,29,2,4,2129,1086,1043,1086,1043
2014-07-16,29,3,4,2075,1065,1010,1065,1010
2014-07-17,29,4,4,2100,1074,1026,1074,1026
2014-07-18,29,5,4,2051,1040,1011,1040,1011
2014-07-19,29,6,5,976,513,463,513,463
2014-07-20,29,7,5,504,268,236,268,236
2014-07-21,30,1,4,913,474,439,474,439
2014-07-22,30,2,4,1233,629,604,629,604
2014-07-23,30,3,4,1713,913,800,913,800
2014-07-24,30,4,4,1852,962,890,962,890
2014-07-25,30,5,4,1708,865,843,865,843
2014-07-26,30,6,5,791,388,403,388,403
2014-07-27,30,7,5,772,408,364,408,364
2014-07-28,31,1,4,1331,683,648,683,648
2014-07-29,31,2,4,696,361,335,361,335
2014-07-30,31,3,4,1199,623,576,623,576
2014-07-31,31,4,4,1691,882,809,882,809
2014-08-01,31,5,4,1545,830,715,830,715
2014-08-02,31,6,5,718,371,347,371,347
2014-08-03,31,7,5,616,285,331,285,331
2014-08-04,32,1,4,1218,615,603,615,603
2014-08-05,32,2,4,1454,748,706,748,706
2014-08-06,32,3,4,1451,756,695,756,695
2014-08-07,32,4,4,1424,736,688,736,688
2014-08-08,32,5,4,1348,703,645,703,645
2014-08-09,32,6,5,708,364,344,364,344
2014-08-10,32,7,5,671,355,316,355,316
2014-08-11,33,1,4,1042,552,490,552,490
2014-08-12,33,2,4,1285,647,638,647,638
2014-08-13,33,3,4,747,393,354,393,354
2014-08-14,33,4,4,1188,614,574,614,574
2014-08-15,33,5,6,447,242,205,242,205
2014-08-16,33,6,5,556,284,272,284,272
2014-08-17,33,7,5,623,322,301,322,301
2014-08-18,34,1,4,1340,689,651,689,651
2014-08-19,34,2,4,1078,571,507,571,507
2014-08-20,34,3,4,1468,751,717,751,717
2014-08-21,34,4,4,1631,830,801,830,801
2014-08-22,34,5,4,1474,788,686,788,686
2014-08-23,34,6,5,783,395,388,395,388
2014-08-24,34,7,5,696,361,335,361,335
2014-08-25,35,1,4,1748,916,832,916,832
2014-08-26,35,2,4,1133,571,562,571,562
2014-08-27,35,3,4,1877,985,892,985,892
2014-08-28,35,4,4,2047,1062,985,1062,985
2014-08-29,35,5,4,1886,986,900,986,900
2014-08-30,35,6,5,1001,518,483,518,483
2014-08-31,35,7,5,836,422,414,422,414
2014-09-01,36,1,,2259,1171,1088,1171,1088
2014-09-02,36,2,,2674,1370,1304,1370,1304
2014-09-03,36,3,,2567,1293,1274,1293,1274
2014-09-04,36,4,,2655,1355,1300,1355,1300
2014-09-05,36,5,,2459,1288,1171,1288,1171
2014-09-06,36,6,1,1202,611,591,611,591
2014-09-07,36,7,1,902,454,448,454,448
2014-09-08,37,1,,2624,1360,1264,1360,1264
2014-09-09,37,2,,2366,1211,1155,1211,1155
2014-09-10,37,3,,2735,1419,1316,1419,1316
2014-09-11,37,4,,2844,1477,1367,1477,1367
2014-09-12,37,5,,2737,1399,1338,1399,1338
2014-09-13,37,6,1,1190,626,564,626,564
2014-09-14,37,7,1,3791,3241,550,3241,550
2014-09-15,38,1,,2605,1329,1276,1329,1276
2014-09-16,38,2,,2937,1499,1438,1499,1438
2014-09-17,38,3,,2689,1393,1296,1393,1296
2014-09-18,38,4,,2241,1133,1108,1133,1108
2014-09-19,38,5,,2274,1177,1097,1177,1097
2014-09-20,38,6,1,1192,601,591,601,591
2014-09-21,38,7,1,906,465,441,465,441
2014-09-22,39,1,,2579,1316,1263,1316,1263
2014-09-23,39,2,,2903,1501,1402,1501,1402
2014-09-24,39,3,,2201,1091,1110,1091,1110
2014-09-25,39,4,,2620,1353,1267,1353,1267
2014-09-26,39,5,,2582,1321,1261,1321,1261
2014-09-27,39,6,1,1323,687,636,687,636
2014-09-28,39,7,1,971,485,486,485,486
2014-09-29,40,1,,2610,1338,1272,1338,1272
2014-09-30,40,2,,2063,1044,1019,1044,1019
2014-10-01,40,3,,2913,1466,1447,1466,1447
2014-10-02,40,4,,2917,1486,1431,1486,1431
2014-10-03,40,5,,0,0,0,0,0
2014-10-04,40,6,1,1271,661,610,661,610
2014-10-05,40,7,1,866,417,449,417,449
2014-10-06,41,1,,2683,1369,1314,1369,1314
2014-10-07,41,2,,2648,1334,1314,1334,1314
2014-10-08,41,3,,2838,1452,1386,1452,1386
2014-10-09,41,4,,2951,1525,1426,1525,1426
2014-10-10,41,5,,2453,1255,1198,1255,1198
2014-10-11,41,6,1,1145,580,565,580,565
2014-10-12,41,7,1,877,437,440,437,440
2014-10-13,42,1,,2019,1004,1015,1004,1015
2014-10-14,42,2,,2894,1479,1415,1479,1415
2014-10-15,42,3,,2865,1468,1397,1468,1397
2014-10-16,42,4,,2930,1571,1359,1571,1359
2014-10-17,42,5,,2743,1425,1318,1425,1318
2014-10-18,42,6,5,1465,772,693,772,693
2014-10-19,42,7,5,1183,595,588,595,588
2014-10-20,43,1,4,2380,1255,1125,1255,1125
2014-10-21,43,2,4,2458,1277,1181,1277,1181
2014-10-22,43,3,4,1571,807,764,807,764
2014-10-23,43,4,4,2123,1091,1032,1091,1032
2014-10-24,43,5,4,1931,986,945,986,945
2014-10-25,43,6,5,967,509,458,509,458
2014-10-26,43,7,5,934,487,447,487,447
2014-10-27,44,1,4,1931,1000,931,1000,931
2014-10-28,44,2,4,0,0,0,0,0
2014-10-29,44,3,4,1999,1027,972,1027,972
2014-10-30,44,4,4,2379,1327,1052,1327,1052
2014-10-31,44,5,4,1982,1011,971,1011,971
2014-11-01,44,6,7,954,497,457,497,457
2014-11-02,44,7,5,979,488,491,488,491
2014-11-03,45,1,,2456,1282,1174,1282,1174
2014-11-04,45,2,,1719,883,836,883,836
2014-11-05,45,3,,1528,795,733,795,733
2014-11-06,45,4,,2522,1310,1212,1310,1212
2014-11-07,45,5,,2426,1252,1174,1252,1174
2014-11-08,45,6,1,1176,618,558,618,558
2014-11-09,45,7,1,623,320,303,320,303
2014-11-10,46,1,,1117,584,533,584,533
2014-11-11,46,2,2,823,410,413,410,413
2014-11-12,46,3,,1917,976,941,976,941
2014-11-13,46,4,,2681,1407,1274,1407,1274
2014-11-14,46,5,,2394,1235,1159,1235,1159
2014-11-15,46,6,1,532,252,280,252,280
2014-11-16,46,7,1,842,439,403,439,403
2014-11-17,47,1,,1496,773,723,773,723
2014-11-18,47,2,,2333,1189,1144,1189,1144
2014-11-19,47,3,,2446,1259,1187,1259,1187
2014-11-20,47,4,,2672,1380,1292,1380,1292
2014-11-21,47,5,,2500,1256,1244,1256,1244
2014-11-22,47,6,1,1033,536,497,536,497
2014-11-23,47,7,1,880,435,445,435,445
2014-11-24,48,1,,2410,1256,1154,1256,1154
2014-11-25,48,2,,2718,1399,1319,1399,1319
2014-11-26,48,3,,2073,1090,983,1090,983
2014-11-27,48,4,,2595,1333,1262,1333,1262
2014-11-28,48,5,,2520,1310,1210,1310,1210
2014-11-29,48,6,1,1120,578,542,578,542
2014-11-30,48,7,1,561,278,283,278,283
2014-12-01,49,1,,1490,760,730,760,730
2014-12-02,49,2,,2254,1159,1095,1159,1095
2014-12-03,49,3,,2301,1197,1104,1197,1104
2014-12-04,49,4,,2101,1130,971,1130,971
2014-12-05,49,5,,2029,1023,1006,1023,1006
2014-12-06,49,6,1,689,360,329,360,329
2014-12-07,49,7,1,490,252,238,252,238
2014-12-08,50,1,,2124,1101,1023,1101,1023
2014-12-09,50,2,,0,0,0,0,0
2014-12-10,50,3,,2151,1127,1024,1127,1024
2014-12-11,50,4,,2278,1167,1111,1167,1111
2014-12-12,50,5,,2143,1106,1037,1106,1037
2014-12-13,50,6,1,0,0,0,0,0
2014-12-14,50,7,1,698,344,354,344,354
2014-12-15,51,1,,2239,1166,1073,1166,1073
2014-12-16,51,2,,2431,1239,1192,1239,1192
2014-12-17,51,3,,1808,960,848,960,848
2014-12-18,51,4,,1870,979,891,979,891
2014-12-19,51,5,,2017,1039,978,1039,978
2014-12-20,51,6,5,1010,508,502,508,502
2014-12-21,51,7,5,716,366,350,366,350
2014-12-22,52,1,4,1233,637,596,637,596
2014-12-23,52,2,4,1145,596,549,596,549
2014-12-24,52,3,4,715,359,356,359,356
2014-12-25,52,4,6,235,119,116,119,116
2014-12-26,52,5,4,550,283,267,283,267
2014-12-27,52,6,5,242,124,118,124,118
2014-12-28,52,7,5,196,100,96,100,96
2014-12-29,01,1,4,455,236,219,236,219
2014-12-30,01,2,4,570,306,264,306,264
2014-12-31,01,3,4,545,274,271,274,271
2015-01-01,01,4,6,252,132,120,132,120
2015-01-02,01,5,4,588,315,273,315,273
2015-01-03,01,6,5,570,288,282,288,282
2015-01-04,01,7,5,387,191,196,191,196
2015-01-05,02,1,,2151,1102,1049,1102,1049
2015-01-06,02,2,,2358,1191,1167,1191,1167
2015-01-07,02,3,,2170,1101,1069,1101,1069
2015-01-08,02,4,,2300,1168,1132,1168,1132
2015-01-09,02,5,,2155,1115,1040,1115,1040
2015-01-10,02,6,1,1067,553,514,553,514
2015-01-11,02,7,1,1041,557,484,557,484
2015-01-12,03,1,,2260,1169,1091,1169,1091
2015-01-13,03,2,,2367,1238,1129,1238,1129
2015-01-14,03,3,,2246,1172,1074,1172,1074
2015-01-15,03,4,,2437,1280,1157,1280,1157
2015-01-16,03,5,,1676,849,827,849,827
2015-01-17,03,6,1,533,283,250,283,250
2015-01-18,03,7,1,655,328,327,328,327
2015-01-19,04,1,,1931,1005,926,1005,926
2015-01-20,04,2,,1554,781,773,781,773
2015-01-21,04,3,,1907,968,939,968,939
2015-01-22,04,4,,2233,1160,1073,1160,1073
2015-01-23,04,5,,1805,935,870,935,870
2015-01-24,04,6,1,758,391,367,391,367
2015-01-25,04,7,1,451,226,225,226,225
2015-01-26,05,1,,1938,987,951,987,951
2015-01-27,05,2,,1970,1026,944,1026,944
2015-01-28,05,3,,2117,1078,1039,1078,1039
2015-01-29,05,4,,1485,766,719,766,719
2015-01-30,05,5,,1606,826,780,826,780
2015-01-31,05,6,1,672,353,319,353,319
2015-02-01,05,7,1,272,132,140,132,140
2015-02-02,06,1,,1095,532,563,532,563
2015-02-03,06,2,,1895,967,928,967,928
2015-02-04,06,3,,1373,672,701,672,701
2015-02-05,06,4,,1456,741,715,741,715
2015-02-06,06,5,,1394,717,677,717,677
2015-02-07,06,6,5,619,306,313,306,313
2015-02-08,06,7,5,444,217,227,217,227
2015-02-09,07,1,4,1454,755,699,755,699
2015-02-10,07,2,4,1173,821,352,821,352
2015-02-11,07,3,4,1576,813,763,813,763
2015-02-12,07,4,4,1645,858,787,858,787
2015-02-13,07,5,4,1473,754,719,754,719
2015-02-14,07,6,5,692,353,339,353,339
2015-02-15,07,7,5,433,211,222,211,222
2015-02-16,08,1,4,1326,680,646,680,646
2015-02-17,08,2,4,1624,832,792,832,792
2015-02-18,08,3,4,1395,689,706,689,706
2015-02-19,08,4,4,1679,874,805,874,805
2015-02-20,08,5,4,1515,795,720,795,720
2015-02-21,08,6,5,422,211,211,211,211
2015-02-22,08,7,5,398,193,205,193,205
2015-02-23,09,1,4,1670,866,804,866,804
2015-02-24,09,2,,1891,979,912,979,912
2015-02-25,09,3,,2132,1108,1024,1108,1024
2015-02-26,09,4,,2215,1122,1093,1122,1093
2015-02-27,09,5,,1519,773,746,773,746
2015-02-28,09,6,1,849,438,411,438,411
2015-03-01,09,7,1,436,210,226,210,226
2015-03-02,10,1,,1591,806,785,806,785
2015-03-03,10,2,,2542,1302,1240,1302,1240
2015-03-04,10,3,,1857,949,908,949,908
2015-03-05,10,4,,2314,1209,1105,1209,1105
2015-03-06,10,5,,2285,1172,1113,1172,1113
2015-03-07,10,6,1,1062,547,515,547,515
2015-03-08,10,7,1,838,440,398,440,398
2015-03-09,11,1,,2292,1180,1112,1180,1112
2015-03-10,11,2,,2579,1331,1248,1331,1248
2015-03-11,11,3,,2540,1317,1223,1317,1223
2015-03-12,11,4,,2563,1327,1236,1327,1236
2015-03-13,11,5,,2328,1214,1114,1214,1114
2015-03-14,11,6,1,692,359,333,359,333
2015-03-15,11,7,1,709,362,347,362,347
2015-03-16,12,1,,2373,1225,1148,1225,1148
2015-03-17,12,2,,2588,1332,1256,1332,1256
2015-03-18,12,3,,2588,1364,1224,1364,1224
2015-03-19,12,4,,2696,1399,1297,1399,1297
2015-03-20,12,5,,2277,1183,1094,1183,1094
2015-03-21,12,6,1,811,420,391,420,391
2015-03-22,12,7,1,541,286,255,286,255
2015-03-23,13,1,,2494,1286,1208,1286,1208
2015-03-24,13,2,,2716,1384,1332,1384,1332
2015-03-25,13,3,,1498,783,715,783,715
2015-03-26,13,4,,2221,1119,1102,1119,1102
2015-03-27,13,5,,2222,1169,1053,1169,1053
2015-03-28,13,6,1,1076,534,542,534,542
2015-03-29,13,7,1,743,397,346,397,346
2015-03-30,14,1,,1350,697,653,697,653
2015-03-31,14,2,,2407,1227,1180,1227,1180
2015-04-01,14,3,,2397,1234,1163,1234,1163
2015-04-02,14,4,,2463,1276,1187,1276,1187
2015-04-03,14,5,,2373,1216,1157,1216,1157
2015-04-04,14,6,1,596,301,295,301,295
2015-04-05,14,7,1,442,240,202,240,202
2015-04-06,15,1,2,636,319,317,319,317
2015-04-07,15,2,,2681,1389,1292,1389,1292
2015-04-08,15,3,,2759,1420,1339,1420,1339
2015-04-09,15,4,,2764,1418,1346,1418,1346
2015-04-10,15,5,,2602,1302,1300,1302,1300
2015-04-11,15,6,5,1304,682,622,682,622
2015-04-12,15,7,5,961,500,461,500,461
2015-04-13,16,1,4,2104,1101,1003,1101,1003
2015-04-14,16,2,4,2226,1152,1074,1152,1074
2015-04-15,16,3,4,2073,1077,996,1077,996
2015-04-16,16,4,4,1830,947,883,947,883
2015-04-17,16,5,4,1196,627,569,627,569
2015-04-18,16,6,5,884,462,422,462,422
2015-04-19,16,7,5,749,382,367,382,367
2015-04-20,17,1,4,1853,945,908,945,908
2015-04-21,17,2,4,2319,1205,1114,1205,1114
2015-04-22,17,3,4,2231,1157,1074,1157,1074
2015-04-23,17,4,4,2178,1155,1023,1155,1023
2015-04-24,17,5,4,2164,1102,1062,1102,1062
2015-04-25,17,6,5,866,429,437,429,437
2015-04-26,17,7,5,976,480,496,480,496
2015-04-27,18,1,,1967,962,1005,962,1005
2015-04-28,18,2,,2037,1063,974,1063,974
2015-04-29,18,3,,2514,1303,1211,1303,1211
2015-04-30,18,4,,2703,1392,1311,1392,1311
2015-05-01,18,5,2,303,160,143,160,143
2015-05-02,18,6,1,955,496,459,496,459
2015-05-03,18,7,1,582,293,289,293,289
2015-05-04,19,1,,2110,1069,1041,1069,1041
2015-05-05,19,2,,2422,1250,1172,1250,1172
2015-05-06,19,3,,2736,1382,1354,1382,1354
2015-05-07,19,4,,2824,1415,1409,1415,1409
2015-05-08,19,5,2,884,468,416,468,416
2015-05-09,19,6,1,920,494,426,494,426
2015-05-10,19,7,1,1015,520,495,520,495
2015-05-11,20,1,,2646,1359,1287,1359,1287
2015-05-12,20,2,,2873,1492,1381,1492,1381
2015-05-13,20,3,,2770,1439,1331,1439,1331
2015-05-14,20,4,2,876,471,405,471,405
2015-05-15,20,5,,507,249,258,249,258
2015-05-16,20,6,1,827,437,390,437,390
2015-05-17,20,7,1,837,416,421,416,421
2015-05-18,21,1,,2620,1350,1270,1350,1270
2015-05-19,21,2,,2469,1268,1201,1268,1201
2015-05-20,21,3,,2269,1150,1119,1150,1119
2015-05-21,21,4,,2132,1086,1046,1086,1046
2015-05-22,21,5,,2463,1264,1199,1264,1199
2015-05-23,21,6,1,1144,617,527,617,527
2015-05-24,21,7,1,873,434,439,434,439
2015-05-25,22,1,2,959,484,475,484,475
2015-05-26,22,2,,2480,1273,1207,1273,1207
2015-05-27,22,3,,2697,1420,1277,1420,1277
2015-05-28,22,4,,3019,1549,1470,1549,1470
2015-05-29,22,5,,2855,1462,1393,1462,1393
2015-05-30,22,6,1,1268,655,613,655,613
2015-05-31,22,7,1,1096,544,552,544,552
2015-06-01,23,1,,2677,1381,1296,1381,1296
2015-06-02,23,2,,3054,1538,1516,1538,1516
2015-06-03,23,3,,3098,1587,1511,1587,1511
2015-06-04,23,4,,2999,1491,1508,1491,1508
2015-06-05,23,5,,2593,1325,1268,1325,1268
2015-06-06,23,6,1,1707,877,830,877,830
2015-06-07,23,7,1,971,493,478,493,478
2015-06-08,24,1,,2517,1257,1260,1257,1260
2015-06-09,24,2,,2811,1451,1360,1451,1360
2015-06-10,24,3,,2704,1424,1280,1424,1280
2015-06-11,24,4,,3002,1567,1435,1567,1435
2015-06-12,24,5,,2035,1060,975,1060,975
2015-06-13,24,6,1,1313,683,630,683,630
2015-06-14,24,7,1,672,340,332,340,332
2015-06-15,25,1,,2491,1296,1195,1296,1195
2015-06-16,25,2,,2364,1222,1142,1222,1142
2015-06-17,25,3,,2583,1364,1219,1364,1219
2015-06-18,25,4,,2807,1432,1375,1432,1375
2015-06-19,25,5,,2420,1278,1142,1278,1142
2015-06-20,25,6,1,1341,683,658,683,658
2015-06-21,25,7,1,1118,612,506,612,506
2015-06-22,26,1,,2772,1418,1354,1418,1354
2015-06-23,26,2,,2752,1415,1337,1415,1337
2015-06-24,26,3,,2778,1431,1347,1431,1347
2015-06-25,26,4,,2958,1530,1428,1530,1428
2015-06-26,26,5,,2759,1429,1330,1429,1330
2015-06-27,26,6,1,1197,633,564,633,564
2015-06-28,26,7,1,1036,529,507,529,507
2015-06-29,27,1,,2611,1364,1247,1364,1247
2015-06-30,27,2,,2797,1422,1375,1422,1375
2015-07-01,27,3,,2610,1354,1256,1354,1256
2015-07-02,27,4,,2628,1368,1260,1368,1260
2015-07-03,27,5,,2272,1179,1093,1179,1093
2015-07-04,27,6,5,879,435,444,435,444
2015-07-05,27,7,5,719,372,347,372,347
2015-07-06,28,1,4,2045,1066,979,1066,979
2015-07-07,28,2,4,2133,1096,1037,1096,1037
2015-07-08,28,3,4,2075,1069,1006,1069,1006
2015-07-09,28,4,4,2277,1184,1093,1184,1093
2015-07-10,28,5,4,2050,1077,973,1077,973
2015-07-11,28,6,5,853,434,419,434,419
2015-07-12,28,7,5,671,341,330,341,330
2015-07-13,29,1,4,975,516,459,516,459
2015-07-14,29,2,6,646,345,301,345,301
2015-07-15,29,3,4,1929,981,948,981,948
2015-07-16,29,4,4,2038,1038,1000,1038,1000
2015-07-17,29,5,4,1873,977,896,977,896
2015-07-18,29,6,5,784,419,365,419,365
2015-07-19,29,7,5,700,359,341,359,341
2015-07-20,30,1,4,1773,922,851,922,851
2015-07-21,30,2,4,1863,968,895,968,895
2015-07-22,30,3,4,1708,858,850,858,850
2015-07-23,30,4,4,1851,954,897,954,897
2015-07-24,30,5,4,1627,864,763,864,763
2015-07-25,30,6,5,802,432,370,432,370
2015-07-26,30,7,5,776,388,388,388,388
2015-07-27,31,1,4,1606,830,776,830,776
2015-07-28,31,2,4,1897,991,906,991,906
2015-07-29,31,3,4,1574,807,767,807,767
2015-07-30,31,4,4,1668,872,796,872,796
2015-07-31,31,5,4,1613,828,785,828,785
2015-08-01,31,6,5,533,275,258,275,258
2015-08-02,31,7,5,718,355,363,355,363
2015-08-03,32,1,4,1452,769,683,769,683
2015-08-04,32,2,4,1505,781,724,781,724
2015-08-05,32,3,4,1524,787,737,787,737
2015-08-06,32,4,4,1497,783,714,783,714
2015-08-07,32,5,4,1317,671,646,671,646
2015-08-08,32,6,5,649,334,315,334,315
2015-08-09,32,7,5,364,190,174,190,174
2015-08-10,33,1,4,1090,563,527,563,527
2015-08-11,33,2,4,1375,709,666,709,666
2015-08-12,33,3,4,1318,686,632,686,632
2015-08-13,33,4,4,1225,635,590,635,590
2015-08-14,33,5,4,884,449,435,449,435
2015-08-15,33,6,7,491,266,225,266,225
2015-08-16,33,7,5,532,257,275,257,275
2015-08-17,34,1,4,1338,697,641,697,641
2015-08-18,34,2,4,1541,796,745,796,745
2015-08-19,34,3,4,1532,803,729,803,729
2015-08-20,34,4,4,1648,849,799,849,799
2015-08-21,34,5,4,1463,757,706,757,706
2015-08-22,34,6,5,763,391,372,391,372
2015-08-23,34,7,5,645,328,317,328,317
2015-08-24,35,1,4,951,485,466,485,466
2015-08-25,35,2,4,2003,1044,959,1044,959
2015-08-26,35,3,4,1998,1019,979,1019,979
2015-08-27,35,4,4,2089,1110,979,1110,979
2015-08-28,35,5,4,1999,1029,970,1029,970
2015-08-29,35,6,5,957,507,450,507,450
2015-08-30,35,7,5,957,488,469,488,469
2015-08-31,36,1,,2335,1220,1115,1220,1115
2015-09-01,36,2,,1954,990,964,990,964
2015-09-02,36,3,,2454,1276,1178,1276,1178
2015-09-03,36,4,,2570,1301,1269,1301,1269
2015-09-04,36,5,,2610,1344,1266,1344,1266
2015-09-05,36,6,1,1119,576,543,576,543
2015-09-06,36,7,1,1054,549,505,549,505
2015-09-07,37,1,,2608,1334,1274,1334,1274
2015-09-08,37,2,,3022,1568,1454,1568,1454
2015-09-09,37,3,,2861,1444,1417,1444,1417
2015-09-10,37,4,,2973,1525,1448,1525,1448
2015-09-11,37,5,,2825,1463,1362,1463,1362
2015-09-12,37,6,1,1203,626,577,626,577
2015-09-13,37,7,1,810,399,411,399,411
2015-09-14,38,1,,2290,1185,1105,1185,1105
2015-09-15,38,2,,2776,1433,1343,1433,1343
2015-09-16,38,3,,2591,1324,1267,1324,1267
2015-09-17,38,4,,1662,870,792,870,792
2015-09-18,38,5,,2358,1214,1144,1214,1144
2015-09-19,38,6,1,1090,553,537,553,537
2015-09-20,38,7,1,835,444,391,444,391
2015-09-21,39,1,,2814,1441,1373,1441,1373
2015-09-22,39,2,,2954,1516,1438,1516,1438
2015-09-23,39,3,,1912,978,934,978,934
2015-09-24,39,4,,2906,1509,1397,1509,1397
2015-09-25,39,5,,2795,1439,1356,1439,1356
2015-09-26,39,6,1,1277,659,618,659,618
2015-09-27,39,7,1,918,457,461,457,461
2015-09-28,40,1,,2684,1412,1272,1412,1272
2015-09-29,40,2,,3002,1540,1462,1540,1462
2015-09-30,40,3,,2929,1509,1420,1509,1420
2015-10-01,40,4,,2914,1494,1420,1494,1420
2015-10-02,40,5,,2614,1322,1292,1322,1292
2015-10-03,40,6,1,892,441,451,441,451
2015-10-04,40,7,1,1015,502,513,502,513
2015-10-05,41,1,,2533,1302,1231,1302,1231
2015-10-06,41,2,,2418,1228,1190,1228,1190
2015-10-07,41,3,,2332,1204,1128,1204,1128
2015-10-08,41,4,,2948,1547,1401,1547,1401
2015-10-09,41,5,,2795,1433,1362,1433,1362
2015-10-10,41,6,1,1309,698,611,698,611
2015-10-11,41,7,1,965,491,474,491,474
2015-10-12,42,1,,2244,1146,1098,1146,1098
2015-10-13,42,2,,2139,1100,1039,1100,1039
2015-10-14,42,3,,2417,1246,1171,1246,1171
2015-10-15,42,4,,2364,1208,1156,1208,1156
2015-10-16,42,5,,2334,1214,1120,1214,1120
2015-10-17,42,6,5,1122,588,534,588,534
2015-10-18,42,7,5,854,432,422,432,422
2015-10-19,43,1,4,2114,1094,1020,1094,1020
2015-10-20,43,2,4,2213,1134,1079,1134,1079
2015-10-21,43,3,4,2030,1057,973,1057,973
2015-10-22,43,4,4,2182,1140,1042,1140,1042
2015-10-23,43,5,4,2087,1070,1017,1070,1017
2015-10-24,43,6,5,1061,547,514,547,514
2015-10-25,43,7,5,959,515,444,515,444
2015-10-26,44,1,4,1901,984,917,984,917
2015-10-27,44,2,4,2029,1046,983,1046,983
2015-10-28,44,3,4,1347,694,653,694,653
2015-10-29,44,4,4,1815,941,874,941,874
2015-10-30,44,5,4,1866,970,896,970,896
2015-10-31,44,6,5,1065,553,512,553,512
2015-11-01,44,7,7,908,462,446,462,446
2015-11-02,45,1,,2702,1404,1298,1404,1298
2015-11-03,45,2,,2369,1230,1139,1230,1139
2015-11-04,45,3,,2845,1445,1400,1445,1400
2015-11-05,45,4,,2932,1527,1405,1527,1405
2015-11-06,45,5,,2878,1478,1400,1478,1400
2015-11-07,45,6,1,1350,695,655,695,655
2015-11-08,45,7,1,1043,520,523,520,523
2015-11-09,46,1,,2715,1402,1313,1402,1313
2015-11-10,46,2,,2858,1465,1393,1465,1393
2015-11-11,46,3,2,1002,496,506,496,506
2015-11-12,46,4,,2648,1359,1289,1359,1289
2015-11-13,46,5,,2608,1357,1251,1357,1251
2015-11-14,46,6,1,1120,567,553,567,553
2015-11-15,46,7,1,885,463,422,463,422
2015-11-16,47,1,,2730,1402,1328,1402,1328
2015-11-17,47,2,,2944,1532,1412,1532,1412
2015-11-18,47,3,,2881,1480,1401,1480,1401
2015-11-19,47,4,,3001,1530,1471,1530,1471
2015-11-20,47,5,,2267,1146,1121,1146,1121
2015-11-21,47,6,1,623,322,301,322,301
2015-11-22,47,7,1,627,307,320,307,320
2015-11-23,48,1,,2439,1262,1177,1262,1177
2015-11-24,48,2,,2601,1326,1275,1326,1275
2015-11-25,48,3,,1515,767,748,767,748
2015-11-26,48,4,,2116,1094,1022,1094,1022
2015-11-27,48,5,,2277,1193,1084,1193,1084
2015-11-28,48,6,1,735,382,353,382,353
2015-11-29,48,7,1,394,189,205,189,205
2015-11-30,49,1,,2489,1273,1216,1273,1216
2015-12-01,49,2,,2697,1409,1288,1409,1288
2015-12-02,49,3,,2476,1261,1215,1261,1215
2015-12-03,49,4,,2596,1333,1263,1333,1263
2015-12-04,49,5,,2489,1288,1201,1288,1201
2015-12-05,49,6,1,985,505,480,505,480
2015-12-06,49,7,1,829,410,419,410,419
2015-12-07,50,1,,2458,1277,1181,1277,1181
2015-12-08,50,2,,2618,1336,1282,1336,1282
2015-12-09,50,3,,2231,1173,1058,1173,1058
2015-12-10,50,4,,2534,1305,1229,1305,1229
2015-12-11,50,5,,2496,1312,1184,1312,1184
2015-12-12,50,6,1,1109,548,561,548,561
2015-12-13,50,7,1,856,432,424,432,424
2015-12-14,51,1,,2467,1277,1190,1277,1190
2015-12-15,51,2,,2590,1343,1247,1343,1247
2015-12-16,51,3,,2454,1277,1177,1277,1177
2015-12-17,51,4,,2622,1358,1264,1358,1264
2015-12-18,51,5,,2413,1248,1165,1248,1165
2015-12-19,51,6,5,1082,555,527,555,527
2015-12-20,51,7,5,806,403,403,403,403
2015-12-21,52,1,4,1286,667,619,667,619
2015-12-22,52,2,4,1508,779,729,779,729
2015-12-23,52,3,4,1300,658,642,658,642
2015-12-24,52,4,4,757,393,364,393,364
2015-12-25,52,5,6,253,127,126,127,126
2015-12-26,52,6,5,468,234,234,234,234
2015-12-27,52,7,5,513,258,255,258,255
2015-12-28,53,1,4,786,405,381,405,381
2015-12-29,53,2,4,807,421,386,421,386
2015-12-30,53,3,4,787,388,399,388,399
2015-12-31,53,4,4,609,327,282,327,282
2016-01-01,53,5,6,374,167,207,167,207
2016-01-02,53,6,5,316,152,164,152,164
2016-01-03,53,7,5,570,280,290,280,290
2016-01-04,01,1,,1975,1019,956,1019,956
2016-01-05,01,2,,2435,1241,1194,1241,1194
2016-01-06,01,3,,2156,1117,1039,1117,1039
2016-01-07,01,4,,1516,789,727,789,727
2016-01-08,01,5,,2000,1031,969,1031,969
2016-01-09,01,6,1,482,259,223,259,223
2016-01-10,01,7,1,814,404,410,404,410
2016-01-11,02,1,,1680,871,809,871,809
2016-01-12,02,2,,2144,1102,1042,1102,1042
2016-01-13,02,3,,2297,1191,1106,1191,1106
2016-01-14,02,4,,1835,928,907,928,907
2016-01-15,02,5,,2082,1083,999,1083,999
2016-01-16,02,6,1,477,248,229,248,229
2016-01-17,02,7,1,579,282,297,282,297
2016-01-18,03,1,,2025,1012,1013,1012,1013
2016-01-19,03,2,,2178,1100,1078,1100,1078
2016-01-20,03,3,,2294,1173,1121,1173,1121
2016-01-21,03,4,,2286,1166,1120,1166,1120
2016-01-22,03,5,,2285,1168,1117,1168,1117
2016-01-23,03,6,1,1075,548,527,548,527
2016-01-24,03,7,1,811,413,398,413,398
2016-01-25,04,1,,2293,1156,1137,1156,1137
2016-01-26,04,2,,2591,1327,1264,1327,1264
2016-01-27,04,3,,2428,1249,1179,1249,1179
2016-01-28,04,4,,2455,1246,1209,1246,1209
2016-01-29,04,5,,2130,738,1392,738,1392
2016-01-30,04,6,1,980,81,899,81,899
2016-01-31,04,7,1,466,24,442,24,442
2016-02-01,05,1,,2165,53,2112,53,2112
2016-02-02,05,2,,2343,71,2272,71,2272
2016-02-03,05,3,,1411,51,1360,51,1360
2016-02-04,05,4,,2023,79,1944,79,1944
2016-02-05,05,5,,2179,79,2100,79,2100
2016-02-06,05,6,1,847,51,796,51,796
2016-02-07,05,7,1,312,27,285,27,285
2016-02-08,06,1,,1813,58,1755,58,1755
2016-02-09,06,2,,1649,53,1596,53,1596
2016-02-10,06,3,,1832,76,1756,76,1756
2016-02-11,06,4,,1953,72,1881,72,1881
2016-02-12,06,5,,1472,54,1418,54,1418
2016-02-13,06,6,5,615,48,567,48,567
2016-02-14,06,7,5,313,53,260,53,260
2016-02-15,07,1,4,726,40,686,40,686
2016-02-16,07,2,4,830,48,782,48,782
2016-02-17,07,3,4,852,45,807,45,807
2016-02-18,07,4,4,865,50,815,50,815
2016-02-19,07,5,4,702,45,657,45,657
2016-02-20,07,6,5,382,46,336,46,336
2016-02-21,07,7,5,358,55,303,55,303
2016-02-22,08,1,4,675,44,631,44,631
2016-02-23,08,2,4,722,59,663,59,663
2016-02-24,08,3,4,759,60,699,60,699
2016-02-25,08,4,4,616,54,562,54,562
2016-02-26,08,5,4,710,42,668,42,668
2016-02-27,08,6,5,396,58,338,58,338
2016-02-28,08,7,5,442,61,381,61,381
2016-02-29,09,1,,914,35,879,35,879
2016-03-01,09,2,,1077,86,991,86,991
2016-03-02,09,3,,867,57,810,57,810
2016-03-03,09,4,,739,45,694,45,694
2016-03-04,09,5,,1026,80,946,80,946
2016-03-05,09,6,1,371,48,323,48,323
2016-03-06,09,7,1,338,48,290,48,290
2016-03-07,10,1,,1038,59,979,59,979
2016-03-08,10,2,,894,38,856,38,856
2016-03-09,10,3,,1096,76,1020,76,1020
2016-03-10,10,4,,1179,76,1103,76,1103
2016-03-11,10,5,,1087,68,1019,68,1019
2016-03-12,10,6,1,413,56,357,56,357
2016-03-13,10,7,1,386,62,324,62,324
2016-03-14,11,1,,1130,74,1056,74,1056
2016-03-15,11,2,,1269,81,1188,81,1188
2016-03-16,11,3,,794,49,745,49,745
2016-03-17,11,4,,1196,74,1122,74,1122
2016-03-18,11,5,,1236,90,1146,90,1146
2016-03-19,11,6,1,525,85,440,85,440
2016-03-20,11,7,1,421,61,360,61,360
2016-03-21,12,1,,1141,64,1077,64,1077
2016-03-22,12,2,,1258,72,1186,72,1186
2016-03-23,12,3,,1207,66,1141,66,1141
2016-03-24,12,4,,1302,82,1220,82,1220
2016-03-25,12,5,,1010,70,940,70,940
2016-03-26,12,6,1,503,68,435,68,435
2016-03-27,12,7,1,208,32,176,32,176
2016-03-28,13,1,2,189,29,160,29,160
2016-03-29,13,2,,1122,99,1023,99,1023
2016-03-30,13,3,,1284,109,1175,109,1175
2016-03-31,13,4,,1482,161,1321,161,1321
2016-04-01,13,5,,1103,86,1017,86,1017
2016-04-02,13,6,1,671,107,564,107,564
2016-04-03,13,7,1,475,76,399,76,399
2016-04-04,14,1,,1190,83,1107,83,1107
2016-04-05,14,2,,1132,75,1057,75,1057
2016-04-06,14,3,,1113,109,1004,109,1004
2016-04-07,14,4,,1253,92,1161,92,1161
2016-04-08,14,5,,1077,67,1010,67,1010
2016-04-09,14,6,5,546,85,461,85,461
2016-04-10,14,7,5,574,126,448,126,448
2016-04-11,15,1,4,1054,84,970,84,970
2016-04-12,15,2,4,1179,100,1079,100,1079
2016-04-13,15,3,4,785,68,717,68,717
2016-04-14,15,4,4,1093,117,976,117,976
2016-04-15,15,5,4,940,88,852,88,852
2016-04-16,15,6,5,549,84,465,84,465
2016-04-17,15,7,5,283,56,227,56,227
2016-04-18,16,1,4,651,36,615,36,615
2016-04-19,16,2,4,922,93,829,93,829
2016-04-20,16,3,4,935,79,856,79,856
2016-04-21,16,4,4,1304,121,1183,121,1183
2016-04-22,16,5,4,741,62,679,62,679
2016-04-23,16,6,5,224,40,184,40,184
2016-04-24,16,7,5,358,56,302,56,302
2016-04-25,17,1,,1102,85,1017,85,1017
2016-04-26,17,2,,1222,89,1133,89,1133
2016-04-27,17,3,,1303,138,1165,138,1165
2016-04-28,17,4,,1566,143,1423,143,1423
2016-04-29,17,5,,1424,131,1293,131,1293
2016-04-30,17,6,1,464,64,400,64,400
2016-05-01,17,7,3,273,44,229,44,229
2016-05-02,18,1,,1015,80,935,80,935
2016-05-03,18,2,,1309,107,1202,107,1202
2016-05-04,18,3,,1343,125,1218,125,1218
2016-05-05,18,4,2,440,80,360,80,360
2016-05-06,18,5,,571,68,503,68,503
2016-05-07,18,6,1,453,61,392,61,392
2016-05-08,18,7,3,484,73,411,73,411
2016-05-09,19,1,,1162,106,1056,106,1056
2016-05-10,19,2,,1400,106,1294,106,1294
2016-05-11,19,3,,763,61,702,61,702
2016-05-12,19,4,,1218,90,1128,90,1128
2016-05-13,19,5,,707,47,660,47,660
2016-05-14,19,6,1,372,42,330,42,330
2016-05-15,19,7,1,353,60,293,60,293
2016-05-16,20,1,2,479,60,419,60,419
2016-05-17,20,2,,1412,109,1303,109,1303
2016-05-18,20,3,,1317,107,1210,107,1210
2016-05-19,20,4,,961,110,851,110,851
2016-05-20,20,5,,1343,120,1223,120,1223
2016-05-21,20,6,1,682,92,590,92,590
2016-05-22,20,7,1,510,77,433,77,433
2016-05-23,21,1,,778,37,741,37,741
2016-05-24,21,2,,1273,112,1161,112,1161
2016-05-25,21,3,,1423,125,1298,125,1298
2016-05-26,21,4,,1506,124,1382,124,1382
2016-05-27,21,5,,1461,150,1311,150,1311
2016-05-28,21,6,1,672,103,569,103,569
2016-05-29,21,7,1,324,51,273,51,273
2016-05-30,22,1,,1059,88,971,88,971
2016-05-31,22,2,,1148,87,1061,87,1061
2016-06-01,22,3,,1265,110,1155,110,1155
2016-06-02,22,4,,1344,108,1236,108,1236
2016-06-03,22,5,,1305,116,1189,116,1189
2016-06-04,22,6,1,810,158,652,158,652
2016-06-05,22,7,1,563,88,475,88,475
2016-06-06,23,1,,1381,106,1275,106,1275
2016-06-07,23,2,,1454,119,1335,119,1335
2016-06-08,23,3,,1289,119,1170,119,1170
2016-06-09,23,4,,1478,135,1343,135,1343
2016-06-10,23,5,,1444,139,1305,139,1305
2016-06-11,23,6,1,725,110,615,110,615
2016-06-12,23,7,1,499,96,403,96,403
2016-06-13,24,1,,1067,85,982,85,982
2016-06-14,24,2,,1313,127,1186,127,1186
2016-06-15,24,3,,1872,699,1173,699,1173
2016-06-16,24,4,,1337,677,660,677,660
2016-06-17,24,5,,2336,1185,1151,1185,1151
2016-06-18,24,6,1,1172,613,559,613,559
2016-06-19,24,7,1,939,451,488,451,488
2016-06-20,25,1,,2856,1467,1389,1467,1389
2016-06-21,25,2,,3034,1550,1484,1550,1484
2016-06-22,25,3,,3108,1557,1551,1557,1551
2016-06-23,25,4,,2900,1496,1404,1496,1404
2016-06-24,25,5,,2903,1491,1412,1491,1412
2016-06-25,25,6,1,1519,755,764,755,764
2016-06-26,25,7,1,1418,675,743,675,743
2016-06-27,26,1,,2870,1450,1420,1450,1420
2016-06-28,26,2,,3056,1566,1490,1566,1490
2016-06-29,26,3,,2978,1512,1466,1512,1466
2016-06-30,26,4,,2582,1330,1252,1330,1252
2016-07-01,26,5,,2781,1423,1358,1423,1358
2016-07-02,26,6,1,1309,683,626,683,626
2016-07-03,26,7,1,1349,663,686,663,686
2016-07-04,27,1,,2821,1420,1401,1420,1401
2016-07-05,27,2,4,2827,1445,1382,1445,1382
2016-07-06,27,3,4,2535,1297,1238,1297,1238
2016-07-07,27,4,4,2521,1294,1227,1294,1227
2016-07-08,27,5,4,2470,1272,1198,1272,1198
2016-07-09,27,6,5,1195,613,582,613,582
2016-07-10,27,7,5,1184,556,628,556,628
2016-07-11,28,1,4,1901,964,937,964,937
2016-07-12,28,2,4,1138,583,555,583,555
2016-07-13,28,3,4,1778,919,859,919,859
2016-07-14,28,4,6,589,292,297,292,297
2016-07-15,28,5,4,1053,553,500,553,500
2016-07-16,28,6,5,738,381,357,381,357
2016-07-17,28,7,5,734,391,343,391,343
2016-07-18,29,1,4,1902,1002,900,1002,900
2016-07-19,29,2,4,954,486,468,486,468
2016-07-20,29,3,4,1978,1018,960,1018,960
2016-07-21,29,4,4,1883,982,901,982,901
2016-07-22,29,5,4,1556,789,767,789,767
2016-07-23,29,6,5,660,339,321,339,321
2016-07-24,29,7,5,802,423,379,423,379
2016-07-25,30,1,4,1698,894,804,894,804
2016-07-26,30,2,4,1962,1014,948,1014,948
2016-07-27,30,3,4,1802,926,876,926,876
2016-07-28,30,4,4,1768,935,833,935,833
2016-07-29,30,5,4,1670,877,793,877,793
2016-07-30,30,6,5,764,376,388,376,388
2016-07-31,30,7,5,621,329,292,329,292
2016-08-01,31,1,4,1493,772,721,772,721
2016-08-02,31,2,4,1613,828,785,828,785
2016-08-03,31,3,4,1582,819,763,819,763
2016-08-04,31,4,4,1330,681,649,681,649
2016-08-05,31,5,4,1080,567,513,567,513
2016-08-06,31,6,5,689,363,326,363,326
2016-08-07,31,7,5,713,351,362,351,362
2016-08-08,32,1,4,1273,686,587,686,587
2016-08-09,32,2,4,1280,678,602,678,602
2016-08-10,32,3,4,1309,665,644,665,644
2016-08-11,32,4,4,1336,709,627,709,627
2016-08-12,32,5,4,1240,633,607,633,607
2016-08-13,32,6,5,693,354,339,354,339
2016-08-14,32,7,5,575,302,273,302,273
2016-08-15,33,1,6,485,267,218,267,218
2016-08-16,33,2,4,1346,707,639,707,639
2016-08-17,33,3,4,1409,724,685,724,685
2016-08-18,33,4,4,1289,672,617,672,617
2016-08-19,33,5,4,1404,705,699,705,699
2016-08-20,33,6,5,394,193,201,193,201
2016-08-21,33,7,5,851,426,425,426,425
2016-08-22,34,1,4,1738,894,844,894,844
2016-08-23,34,2,4,2007,1062,945,1062,945
2016-08-24,34,3,4,1912,973,939,973,939
2016-08-25,34,4,4,1986,999,987,999,987
2016-08-26,34,5,4,1953,1010,943,1010,943
2016-08-27,34,6,5,883,461,422,461,422
2016-08-28,34,7,5,828,420,408,420,408
2016-08-29,35,1,4,2171,1100,1071,1100,1071
2016-08-30,35,2,4,2623,1331,1292,1331,1292
2016-08-31,35,3,4,2621,1345,1276,1345,1276
2016-09-01,35,4,4,2828,1471,1357,1471,1357
2016-09-02,35,5,4,2829,1475,1354,1475,1354
2016-09-03,35,6,5,1149,564,585,564,585
2016-09-04,35,7,5,1130,573,557,573,557
2016-09-05,36,1,4,2838,1456,1382,1456,1382
2016-09-06,36,2,4,3154,1622,1532,1622,1532
2016-09-07,36,3,4,3005,1534,1471,1534,1471
2016-09-08,36,4,4,3109,1575,1534,1575,1534
2016-09-09,36,5,4,2923,1534,1389,1534,1389
2016-09-10,36,6,5,1204,630,574,630,574
2016-09-11,36,7,5,1033,533,500,533,500
2016-09-12,37,1,4,3000,1531,1469,1531,1469
2016-09-13,37,2,4,3291,1706,1585,1706,1585
2016-09-14,37,3,4,3072,1557,1515,1557,1515
2016-09-15,37,4,4,2733,1407,1326,1407,1326
2016-09-16,37,5,4,2691,1370,1321,1370,1321
2016-09-17,37,6,5,688,374,314,374,314
2016-09-18,37,7,5,727,356,371,356,371
2016-09-19,38,1,4,2796,1447,1349,1447,1349
2016-09-20,38,2,4,3184,1622,1562,1622,1562
2016-09-21,38,3,4,3023,1560,1463,1560,1463
2016-09-22,38,4,4,3135,1604,1531,1604,1531
2016-09-23,38,5,4,2948,1537,1411,1537,1411
2016-09-24,38,6,5,1310,681,629,681,629
2016-09-25,38,7,5,1108,552,556,552,556
2016-09-26,39,1,4,2913,1521,1392,1521,1392
2016-09-27,39,2,4,3105,1629,1476,1629,1476
2016-09-28,39,3,4,3220,1690,1530,1690,1530
2016-09-29,39,4,4,3232,1694,1538,1694,1538
2016-09-30,39,5,4,3052,1570,1482,1570,1482
2016-10-01,39,6,5,906,453,453,453,453
2016-10-02,39,7,1,1012,526,486,526,486
2016-10-03,40,1,,3094,1627,1467,1627,1467
2016-10-04,40,2,,3275,1660,1615,1660,1615
2016-10-05,40,3,,3217,1635,1582,1635,1582
2016-10-06,40,4,,3132,1605,1527,1605,1527
2016-10-07,40,5,,2935,1505,1430,1505,1430
2016-10-08,40,6,1,1199,640,559,640,559
2016-10-09,40,7,1,934,497,437,497,437
2016-10-10,41,1,,2795,1442,1353,1442,1353
2016-10-11,41,2,,2889,1506,1383,1506,1383
2016-10-12,41,3,,2860,1498,1362,1498,1362
2016-10-13,41,4,,1807,906,901,906,901
2016-10-14,41,5,,1399,720,679,720,679
2016-10-15,41,6,1,1263,648,615,648,615
2016-10-16,41,7,1,1009,502,507,502,507
2016-10-17,42,1,,1798,940,858,940,858
2016-10-18,42,2,,2778,1410,1368,1410,1368
2016-10-19,42,3,4,2792,1439,1353,1439,1353
2016-10-20,42,4,4,2382,1242,1140,1242,1140
2016-10-21,42,5,4,2204,1170,1034,1170,1034
2016-10-22,42,6,5,1247,648,599,648,599
2016-10-23,42,7,5,835,456,379,456,379
2016-10-24,43,1,4,2040,1061,979,1061,979
2016-10-25,43,2,4,1545,787,758,787,758
2016-10-26,43,3,4,1710,883,827,883,827
2016-10-27,43,4,4,1861,986,875,986,875
2016-10-28,43,5,4,1802,945,857,945,857
2016-10-29,43,6,5,736,383,353,383,353
2016-10-30,43,7,5,741,380,361,380,361
2016-10-31,44,1,4,1052,546,506,546,506
2016-11-01,44,2,4102,725,362,363,362,363
2016-11-02,44,3,4100,774,393,381,393,381
2016-11-03,44,4,4096,33,17,16,17,16
2016-11-04,44,5,4096,21,12,9,12,9
2016-11-05,44,6,4097,82,42,40,42,40
2016-11-06,44,7,4097,61,31,30,31,30
2016-11-07,45,1,4096,40,28,12,28,12
2016-11-08,45,2,4096,37,22,15,22,15
2016-11-09,45,3,4096,23,12,11,12,11
2016-11-10,45,4,4096,36,21,15,21,15
2016-11-11,45,5,4098,58,29,29,29,29
2016-11-12,45,6,4097,158,90,68,90,68
2016-11-13,45,7,4097,216,131,85,131,85
2016-11-14,46,1,4096,99,80,19,80,19
2016-11-15,46,2,4096,16,12,4,12,4
2016-11-16,46,3,4096,9,8,1,8,1
2016-11-17,46,4,4096,12,8,4,8,4
2016-11-18,46,5,4096,10,8,2,8,2
2016-11-19,46,6,4097,137,77,60,77,60
2016-11-20,46,7,4097,364,215,149,215,149
2016-11-21,47,1,4096,361,240,121,240,121
2016-11-22,47,2,4096,498,303,195,303,195
2016-11-23,47,3,4096,817,502,315,502,315
2016-11-24,47,4,4096,510,300,210,300,210
2016-11-25,47,5,4096,685,391,294,391,294
2016-11-26,47,6,4097,410,228,182,228,182
2016-11-27,47,7,4097,471,264,207,264,207
2016-11-28,48,1,4096,1032,608,424,608,424
2016-11-29,48,2,4096,1231,712,519,712,519
2016-11-30,48,3,4096,1307,748,559,748,559
2016-12-01,48,4,,1431,797,634,797,634
2016-12-02,48,5,,1304,729,575,729,575
2016-12-03,48,6,1,583,331,252,331,252
2016-12-04,48,7,1,543,285,258,285,258
2016-12-05,49,1,,1541,835,706,835,706
2016-12-06,49,2,,1917,1060,857,1060,857
2016-12-07,49,3,,2251,1186,1065,1186,1065
2016-12-08,49,4,,2220,1161,1059,1161,1059
2016-12-09,49,5,,2273,1189,1084,1189,1084
2016-12-10,49,6,1,989,503,486,503,486
2016-12-11,49,7,1,727,361,366,361,366
2016-12-12,50,1,,2206,1135,1071,1135,1071
2016-12-13,50,2,,2359,1195,1164,1195,1164
2016-12-14,50,3,,2344,1208,1136,1208,1136
2016-12-15,50,4,,2307,1186,1121,1186,1121
2016-12-16,50,5,,2114,1069,1045,1069,1045
2016-12-17,50,6,5,863,461,402,461,402
2016-12-18,50,7,5,594,291,303,291,303
2016-12-19,51,1,4,1472,758,714,758,714
2016-12-20,51,2,4,1598,812,786,812,786
2016-12-21,51,3,4,1438,738,700,738,700
2016-12-22,51,4,4,1320,670,650,670,650
2016-12-23,51,5,4,1084,561,523,561,523
2016-12-24,51,6,5,464,224,240,224,240
2016-12-25,51,7,7,252,126,126,126,126
2016-12-26,52,1,4,544,280,264,280,264
2016-12-27,52,2,4,669,344,325,344,325
2016-12-28,52,3,4,785,398,387,398,387
2016-12-29,52,4,4,817,399,418,399,418
2016-12-30,52,5,4,786,396,390,396,390
2016-12-31,52,6,5,540,275,265,275,265
2017-01-01,52,7,7,314,149,165,149,165
2017-01-02,01,1,4,1056,548,508,548,508
2017-01-03,01,2,,2067,1066,1001,1066,1001
2017-01-04,01,3,,2185,1130,1055,1130,1055
2017-01-05,01,4,,2209,1122,1087,1122,1087
2017-01-06,01,5,,2095,1073,1022,1073,1022
2017-01-07,01,6,1,832,404,428,404,428
2017-01-08,01,7,1,560,288,272,288,272
2017-01-09,02,1,,2128,1091,1037,1091,1037
2017-01-10,02,2,,1995,1016,979,1016,979
2017-01-11,02,3,,1942,984,958,984,958
2017-01-12,02,4,,2031,1033,998,1033,998
2017-01-13,02,5,,1595,827,768,827,768
2017-01-14,02,6,1,381,195,186,195,186
2017-01-15,02,7,1,364,182,182,182,182
2017-01-16,03,1,,1643,850,793,850,793
2017-01-17,03,2,,1773,891,882,891,882
2017-01-18,03,3,,1755,884,871,884,871
2017-01-19,03,4,,1842,925,917,925,917
2017-01-20,03,5,,1699,872,827,872,827
2017-01-21,03,6,1,698,333,365,333,365
2017-01-22,03,7,1,547,265,282,265,282
2017-01-23,04,1,,1945,1008,937,1008,937
2017-01-24,04,2,,1981,1006,975,1006,975
2017-01-25,04,3,,1860,965,895,965,895
2017-01-26,04,4,,1913,968,945,968,945
2017-01-27,04,5,,1809,957,852,957,852
2017-01-28,04,6,1,805,418,387,418,387
2017-01-29,04,7,1,661,326,335,326,335
2017-01-30,05,1,,2003,1052,951,1052,951
2017-01-31,05,2,,1945,1013,932,1013,932
2017-02-01,05,3,,2077,1083,994,1083,994
2017-02-02,05,4,,2191,1128,1063,1128,1063
2017-02-03,05,5,,1920,982,938,982,938
2017-02-04,05,6,1,822,427,395,427,395
2017-02-05,05,7,1,348,174,174,174,174
2017-02-06,06,1,,1668,867,801,867,801
2017-02-07,06,2,,1961,1006,955,1006,955
2017-02-08,06,3,,1980,1023,957,1023,957
2017-02-09,06,4,,1985,1022,963,1022,963
2017-02-10,06,5,,1968,1004,964,1004,964
2017-02-11,06,6,1,982,504,478,504,478
2017-02-12,06,7,1,797,381,416,381,416
2017-02-13,07,1,,2356,1217,1139,1217,1139
2017-02-14,07,2,,2477,1278,1199,1278,1199
2017-02-15,07,3,,2585,1319,1266,1319,1266
2017-02-16,07,4,,2651,1359,1292,1359,1292
2017-02-17,07,5,,2420,1238,1182,1238,1182
2017-02-18,07,6,5,1189,589,600,589,600
2017-02-19,07,7,5,804,399,405,399,405
2017-02-20,08,1,4,1951,1001,950,1001,950
2017-02-21,08,2,4,2077,1052,1025,1052,1025
2017-02-22,08,3,4,1877,977,900,977,900
2017-02-23,08,4,4,2044,1033,1011,1033,1011
2017-02-24,08,5,4,1574,798,776,798,776
2017-02-25,08,6,5,941,497,444,497,444
2017-02-26,08,7,5,863,415,448,415,448
2017-02-27,09,1,4,1858,967,891,967,891
2017-02-28,09,2,4,1389,703,686,703,686
2017-03-01,09,3,4,1485,757,728,757,728
2017-03-02,09,4,4,1504,776,728,776,728
2017-03-03,09,5,4,1763,901,862,901,862
2017-03-04,09,6,5,641,328,313,328,313
2017-03-05,09,7,5,782,405,377,405,377
2017-03-06,10,1,,1457,751,706,751,706
2017-03-07,10,2,,1513,763,750,763,750
2017-03-08,10,3,,2293,1166,1127,1166,1127
2017-03-09,10,4,,2387,1237,1150,1237,1150
2017-03-10,10,5,,2486,1297,1189,1297,1189
2017-03-11,10,6,1,1420,674,746,674,746
2017-03-12,10,7,1,1225,596,629,596,629
2017-03-13,11,1,,2662,1365,1297,1365,1297
2017-03-14,11,2,,2880,1511,1369,1511,1369
2017-03-15,11,3,,2840,1434,1406,1434,1406
2017-03-16,11,4,,2903,1486,1417,1486,1417
2017-03-17,11,5,,2761,1430,1331,1430,1331
2017-03-18,11,6,1,1087,532,555,532,555
2017-03-19,11,7,1,1017,517,500,517,500
2017-03-20,12,1,,2655,1385,1270,1385,1270
2017-03-21,12,2,,2806,1440,1366,1440,1366
2017-03-22,12,3,,2461,1271,1190,1271,1190
2017-03-23,12,4,,2521,1295,1226,1295,1226
2017-03-24,12,5,,2101,1079,1022,1079,1022
2017-03-25,12,6,1,947,481,466,481,466
2017-03-26,12,7,1,1100,528,572,528,572
2017-03-27,13,1,,2679,1374,1305,1374,1305
2017-03-28,13,2,,2790,1419,1371,1419,1371
2017-03-29,13,3,512,734,362,372,362,372
2017-03-30,13,4,512,0,0,0,0,0
2017-03-31,13,5,512,0,0,0,0,0
2017-04-01,13,6,513,0,0,0,0,0
2017-04-02,13,7,513,0,0,0,0,0
2017-04-03,14,1,512,0,0,0,0,0
2017-04-04,14,2,512,0,0,0,0,0
2017-04-05,14,3,512,0,0,0,0,0
2017-04-06,14,4,512,0,0,0,0,0
2017-04-07,14,5,512,0,0,0,0,0
2017-04-08,14,6,513,0,0,0,0,0
2017-04-09,14,7,513,0,0,0,0,0
2017-04-10,15,1,512,0,0,0,0,0
2017-04-11,15,2,512,0,0,0,0,0
2017-04-12,15,3,512,0,0,0,0,0
2017-04-13,15,4,512,0,0,0,0,0
2017-04-14,15,5,512,0,0,0,0,0
2017-04-15,15,6,517,0,0,0,0,0
2017-04-16,15,7,517,0,0,0,0,0
2017-04-17,16,1,518,0,0,0,0,0
2017-04-18,16,2,516,0,0,0,0,0
2017-04-19,16,3,516,0,0,0,0,0
2017-04-20,16,4,516,0,0,0,0,0
2017-04-21,16,5,516,0,0,0,0,0
2017-04-22,16,6,517,0,0,0,0,0
2017-04-23,16,7,517,0,0,0,0,0
2017-04-24,17,1,516,0,0,0,0,0
2017-04-25,17,2,516,0,0,0,0,0
2017-04-26,17,3,516,0,0,0,0,0
2017-04-27,17,4,516,0,0,0,0,0
2017-04-28,17,5,516,0,0,0,0,0
2017-04-29,17,6,517,0,0,0,0,0
2017-04-30,17,7,517,0,0,0,0,0
2017-05-01,18,1,518,0,0,0,0,0
2017-05-02,18,2,512,0,0,0,0,0
2017-05-03,18,3,512,0,0,0,0,0
2017-05-04,18,4,512,0,0,0,0,0
2017-05-05,18,5,512,0,0,0,0,0
2017-05-06,18,6,513,0,0,0,0,0
2017-05-07,18,7,513,0,0,0,0,0
2017-05-08,19,1,514,0,0,0,0,0
2017-05-09,19,2,512,0,0,0,0,0
2017-05-10,19,3,512,0,0,0,0,0
2017-05-11,19,4,512,0,0,0,0,0
2017-05-12,19,5,512,0,0,0,0,0
2017-05-13,19,6,513,0,0,0,0,0
2017-05-14,19,7,513,0,0,0,0,0
2017-05-15,20,1,512,0,0,0,0,0
2017-05-16,20,2,512,0,0,0,0,0
2017-05-17,20,3,512,0,0,0,0,0
2017-05-18,20,4,512,0,0,0,0,0
2017-05-19,20,5,512,0,0,0,0,0
2017-05-20,20,6,513,0,0,0,0,0
2017-05-21,20,7,513,0,0,0,0,0
2017-05-22,21,1,,1284,697,587,697,587
2017-05-23,21,2,,3195,1612,1583,1612,1583
2017-05-24,21,3,,2800,1441,1359,1441,1359
2017-05-25,21,4,2,963,519,444,519,444
2017-05-26,21,5,,1173,622,551,622,551
2017-05-27,21,6,1,1003,500,503,500,503
2017-05-28,21,7,1,1030,491,539,491,539
2017-05-29,22,1,,2929,1509,1420,1509,1420
2017-05-30,22,2,,3150,1582,1568,1582,1568
2017-05-31,22,3,,2821,1448,1373,1448,1373
2017-06-01,22,4,,2874,1453,1421,1453,1421
2017-06-02,22,5,,2872,1460,1412,1460,1412
2017-06-03,22,6,1,1067,518,549,518,549
2017-06-04,22,7,1,971,486,485,486,485
2017-06-05,23,1,2,990,491,499,491,499
2017-06-06,23,2,,2207,1123,1084,1123,1084
2017-06-07,23,3,,3039,1536,1503,1536,1503
2017-06-08,23,4,,3250,1655,1595,1655,1595
2017-06-09,23,5,,3090,1554,1536,1554,1536
2017-06-10,23,6,1,2062,1023,1039,1023,1039
2017-06-11,23,7,1,1424,681,743,681,743
2017-06-12,24,1,,3073,1558,1515,1558,1515
2017-06-13,24,2,,3229,1627,1602,1627,1602
2017-06-14,24,3,,2922,1476,1446,1476,1446
2017-06-15,24,4,,2995,1536,1459,1536,1459
2017-06-16,24,5,,3005,1507,1498,1507,1498
2017-06-17,24,6,1,1454,716,738,716,738
2017-06-18,24,7,1,1141,596,545,596,545
2017-06-19,25,1,,2936,1543,1393,1543,1393
2017-06-20,25,2,,3151,1648,1503,1648,1503
2017-06-21,25,3,,2962,1554,1408,1554,1408
2017-06-22,25,4,,2989,1507,1482,1507,1482
2017-06-23,25,5,,2730,1383,1347,1383,1347
2017-06-24,25,6,1,1209,629,580,629,580
2017-06-25,25,7,1,1041,510,531,510,531
2017-06-26,26,1,,2662,1358,1304,1358,1304
2017-06-27,26,2,,2944,1503,1441,1503,1441
2017-06-28,26,3,,2152,1087,1065,1087,1065
2017-06-29,26,4,,1998,996,1002,996,1002
2017-06-30,26,5,,2364,1208,1156,1208,1156
2017-07-01,26,6,1,1120,592,528,592,528
2017-07-02,26,7,1,1023,500,523,500,523
2017-07-03,27,1,,2582,1312,1270,1312,1270
2017-07-04,27,2,,2927,1458,1469,1458,1469
2017-07-05,27,3,,2868,1455,1413,1455,1413
2017-07-06,27,4,,2759,1414,1345,1414,1345
2017-07-07,27,5,,2579,1311,1268,1311,1268
2017-07-08,27,6,5,1156,587,569,587,569
2017-07-09,27,7,5,869,387,482,387,482
2017-07-10,28,1,4,2154,1104,1050,1104,1050
2017-07-11,28,2,4,2279,1177,1102,1177,1102
2017-07-12,28,3,4,2479,1254,1225,1254,1225
2017-07-13,28,4,4,2413,1230,1183,1230,1183
2017-07-14,28,5,6,796,382,414,382,414
2017-07-15,28,6,5,898,473,425,473,425
2017-07-16,28,7,5,943,457,486,457,486
2017-07-17,29,1,4,2117,1091,1026,1091,1026
2017-07-18,29,2,4,2373,1218,1155,1218,1155
2017-07-19,29,3,4,2254,1144,1110,1144,1110
2017-07-20,29,4,4,2159,1101,1058,1101,1058
2017-07-21,29,5,4,1947,1013,934,1013,934
2017-07-22,29,6,5,866,440,426,440,426
2017-07-23,29,7,5,987,487,500,487,500
2017-07-24,30,1,4,1490,772,718,772,718
2017-07-25,30,2,4,1487,778,709,778,709
2017-07-26,30,3,4,1914,999,915,999,915
2017-07-27,30,4,4,2091,1064,1027,1064,1027
2017-07-28,30,5,4,1937,982,955,982,955
2017-07-29,30,6,5,993,512,481,512,481
2017-07-30,30,7,5,830,422,408,422,408
2017-07-31,31,1,4,1639,841,798,841,798
2017-08-01,31,2,4,1807,936,871,936,871
2017-08-02,31,3,4,1724,883,841,883,841
2017-08-03,31,4,4,1633,848,785,848,785
2017-08-04,31,5,4,1473,766,707,766,707
2017-08-05,31,6,5,774,379,395,379,395
2017-08-06,31,7,5,711,370,341,370,341
2017-08-07,32,1,4,1439,728,711,728,711
2017-08-08,32,2,4,914,481,433,481,433
2017-08-09,32,3,4,1479,736,743,736,743
2017-08-10,32,4,4,1348,703,645,703,645
2017-08-11,32,5,4,678,343,335,343,335
2017-08-12,32,6,5,760,390,370,390,370
2017-08-13,32,7,5,664,334,330,334,330
2017-08-14,33,1,4,814,419,395,419,395
2017-08-15,33,2,6,685,348,337,348,337
2017-08-16,33,3,4,1472,755,717,755,717
2017-08-17,33,4,4,1567,805,762,805,762
2017-08-18,33,5,4,1438,747,691,747,691
2017-08-19,33,6,5,855,416,439,416,439
2017-08-20,33,7,5,827,434,393,434,393
2017-08-21,34,1,4,1786,907,879,907,879
2017-08-22,34,2,4,2042,1042,1000,1042,1000
2017-08-23,34,3,4,1948,979,969,979,969
2017-08-24,34,4,4,1801,916,885,916,885
2017-08-25,34,5,4,1897,953,944,953,944
2017-08-26,34,6,5,950,475,475,475,475
2017-08-27,34,7,5,906,441,465,441,465
2017-08-28,35,1,4,2322,1201,1121,1201,1121
2017-08-29,35,2,4,2596,1356,1240,1356,1240
2017-08-30,35,3,4,2364,1208,1156,1208,1156
2017-08-31,35,4,4,1528,763,765,763,765
2017-09-01,35,5,4,2001,1017,984,1017,984
2017-09-02,35,6,5,1057,666,391,666,391
2017-09-03,35,7,5,1270,620,650,620,650
2017-09-04,36,1,,2967,1525,1442,1525,1442
2017-09-05,36,2,,3192,1658,1534,1658,1534
2017-09-06,36,3,,2820,1450,1370,1450,1370
2017-09-07,36,4,,2984,1530,1454,1530,1454
2017-09-08,36,5,,2906,1497,1409,1497,1409
2017-09-09,36,6,1,889,441,448,441,448
2017-09-10,36,7,1,1065,506,559,506,559
2017-09-11,37,1,,2915,1493,1422,1493,1422
2017-09-12,37,2,,2933,1497,1436,1497,1436
2017-09-13,37,3,,3009,1523,1486,1523,1486
2017-09-14,37,4,,2366,1190,1176,1190,1176
2017-09-15,37,5,,2962,1498,1464,1498,1464
2017-09-16,37,6,1,1541,791,750,791,750
2017-09-17,37,7,1,1108,536,572,536,572
2017-09-18,38,1,,2708,1371,1337,1371,1337
2017-09-19,38,2,,2611,1340,1271,1340,1271
2017-09-20,38,3,,3033,1528,1505,1528,1505
2017-09-21,38,4,,3264,1696,1568,1696,1568
2017-09-22,38,5,,2978,1524,1454,1524,1454
2017-09-23,38,6,1,1472,732,740,732,740
2017-09-24,38,7,1,1337,683,654,683,654
2017-09-25,39,1,,3173,1616,1557,1616,1557
2017-09-26,39,2,,3411,1742,1669,1742,1669
2017-09-27,39,3,,3357,1715,1642,1715,1642
2017-09-28,39,4,,3348,1730,1618,1730,1618
2017-09-29,39,5,,3194,1643,1551,1643,1551
2017-09-30,39,6,1,1176,567,609,567,609
2017-10-01,39,7,1,1188,611,577,611,577
2017-10-02,40,1,,3018,1557,1461,1557,1461
2017-10-03,40,2,,2922,1522,1400,1522,1400
2017-10-04,40,3,,3456,1770,1686,1770,1686
2017-10-05,40,4,,3494,1806,1688,1806,1688
2017-10-06,40,5,,2941,1507,1434,1507,1434
2017-10-07,40,6,1,1519,777,742,777,742
2017-10-08,40,7,1,1331,680,651,680,651
2017-10-09,41,1,,3245,1652,1593,1652,1593
2017-10-10,41,2,,3302,1690,1612,1690,1612
2017-10-11,41,3,,3399,1729,1670,1729,1670
2017-10-12,41,4,,3503,1794,1709,1794,1709
2017-10-13,41,5,,3238,1653,1585,1653,1585
2017-10-14,41,6,1,1744,897,847,897,847
2017-10-15,41,7,1,1240,633,607,633,607
2017-10-16,42,1,,3443,1786,1657,1786,1657
2017-10-17,42,2,,3626,1845,1781,1845,1781
2017-10-18,42,3,,3612,1870,1742,1870,1742
2017-10-19,42,4,,3522,1780,1742,1780,1742
2017-10-20,42,5,,3161,1629,1532,1629,1532
2017-10-21,42,6,5,1571,787,784,787,784
2017-10-22,42,7,5,1172,585,587,585,587
2017-10-23,43,1,4,2118,1076,1042,1076,1042
2017-10-24,43,2,4,2696,1379,1317,1379,1317
2017-10-25,43,3,4,2724,1406,1318,1406,1318
2017-10-26,43,4,4,2754,1412,1342,1412,1342
2017-10-27,43,5,4,2370,1221,1149,1221,1149
2017-10-28,43,6,5,1085,517,568,517,568
2017-10-29,43,7,5,987,516,471,516,471
2017-10-30,44,1,4,1798,931,867,931,867
2017-10-31,44,2,4,2027,1046,981,1046,981
2017-11-01,44,3,6,950,475,475,475,475
2017-11-02,44,4,4,1985,1000,985,1000,985
2017-11-03,44,5,4,1899,983,916,983,916
2017-11-04,44,6,5,1154,567,587,567,587
2017-11-05,44,7,5,512,238,274,238,274
2017-11-06,45,1,,2268,1169,1099,1169,1099
2017-11-07,45,2,,2797,1431,1366,1431,1366
2017-11-08,45,3,,2852,1416,1436,1416,1436
2017-11-09,45,4,,2695,1371,1324,1371,1324
2017-11-10,45,5,,2734,1395,1339,1395,1339
2017-11-11,45,6,3,982,486,496,486,496
2017-11-12,45,7,1,735,367,368,367,368
2017-11-13,46,1,,1848,942,906,942,906
2017-11-14,46,2,,2962,1514,1448,1514,1448
2017-11-15,46,3,,2995,1524,1471,1524,1471
2017-11-16,46,4,,2967,1532,1435,1532,1435
2017-11-17,46,5,,2655,1357,1298,1357,1298
2017-11-18,46,6,1,1121,556,565,556,565
2017-11-19,46,7,1,961,501,460,501,460
2017-11-20,47,1,,2854,1473,1381,1473,1381
2017-11-21,47,2,,3093,1582,1511,1582,1511
2017-11-22,47,3,,3085,1584,1501,1584,1501
2017-11-23,47,4,,3014,1548,1466,1548,1466
2017-11-24,47,5,,2846,1455,1391,1455,1391
2017-11-25,47,6,1,740,367,373,367,373
2017-11-26,47,7,1,989,479,510,479,510
2017-11-27,48,1,,2815,1467,1348,1467,1348
2017-11-28,48,2,,2819,1442,1377,1442,1377
2017-11-29,48,3,,2568,1316,1252,1316,1252
2017-11-30,48,4,,2648,1344,1304,1344,1304
2017-12-01,48,5,,1644,858,786,858,786
2017-12-02,48,6,1,898,450,448,450,448
2017-12-03,48,7,1,675,325,350,325,350
2017-12-04,49,1,,2551,1298,1253,1298,1253
2017-12-05,49,2,,2847,1452,1395,1452,1395
2017-12-06,49,3,,2476,1257,1219,1257,1219
2017-12-07,49,4,,2565,1304,1261,1304,1261
2017-12-08,49,5,,1822,924,898,924,898
2017-12-09,49,6,1,740,370,370,370,370
2017-12-10,49,7,1,377,184,193,184,193
2017-12-11,50,1,,1592,785,807,785,807
2017-12-12,50,2,,2053,1048,1005,1048,1005
2017-12-13,50,3,,2387,1190,1197,1190,1197
2017-12-14,50,4,,2430,1239,1191,1239,1191
2017-12-15,50,5,,2144,1105,1039,1105,1039
2017-12-16,50,6,1,980,476,504,476,504
2017-12-17,50,7,1,794,392,402,392,402
2017-12-18,51,1,,1459,724,735,724,735
2017-12-19,51,2,,2058,1055,1003,1055,1003
2017-12-20,51,3,,2243,1153,1090,1153,1090
2017-12-21,51,4,,2264,1141,1123,1141,1123
2017-12-22,51,5,,1956,1000,956,1000,956
2017-12-23,51,6,5,802,389,413,389,413
2017-12-24,51,7,5,474,239,235,239,235
2017-12-25,52,1,6,217,103,114,103,114
2017-12-26,52,2,4,572,287,285,287,285
2017-12-27,52,3,4,624,317,307,317,307
2017-12-28,52,4,4,730,356,374,356,374
2017-12-29,52,5,4,730,362,368,362,368
2017-12-30,52,6,5,289,143,146,143,146
2017-12-31,52,7,5,531,302,229,302,229
2018-01-01,01,1,6,369,165,204,165,204
2018-01-02,01,2,4,1043,540,503,540,503
2018-01-03,01,3,4,1132,573,559,573,559
2018-01-04,01,4,4,1072,542,530,542,530
2018-01-05,01,5,4,1602,816,786,816,786
2018-01-06,01,6,5,986,498,488,498,488
2018-01-07,01,7,5,948,469,479,469,479
2018-01-08,02,1,,2657,1372,1285,1372,1285
2018-01-09,02,2,,2482,1248,1234,1248,1234
2018-01-10,02,3,,2561,1305,1256,1305,1256
2018-01-11,02,4,,2732,1405,1327,1405,1327
2018-01-12,02,5,,2554,1326,1228,1326,1228
2018-01-13,02,6,1,1142,582,560,582,560
2018-01-14,02,7,1,908,423,485,423,485
2018-01-15,03,1,,2795,1442,1353,1442,1353
2018-01-16,03,2,,2155,1117,1038,1117,1038
2018-01-17,03,3,,2161,1129,1032,1129,1032
2018-01-18,03,4,,2502,1293,1209,1293,1209
2018-01-19,03,5,,2115,1089,1026,1089,1026
2018-01-20,03,6,1,737,363,374,363,374
2018-01-21,03,7,1,551,265,286,265,286
2018-01-22,04,1,,1571,818,753,818,753
2018-01-23,04,2,,2724,1435,1289,1435,1289
2018-01-24,04,3,,2865,1450,1415,1450,1415
2018-01-25,04,4,,2825,1432,1393,1432,1393
2018-01-26,04,5,,1753,905,848,905,848
2018-01-27,04,6,1,1105,561,544,561,544
2018-01-28,04,7,1,798,383,415,383,415
2018-01-29,05,1,,2686,1374,1312,1374,1312
2018-01-30,05,2,,2754,1407,1347,1407,1347
2018-01-31,05,3,,2814,1458,1356,1458,1356
2018-02-01,05,4,,1823,953,870,953,870
2018-02-02,05,5,,2452,1262,1190,1262,1190
2018-02-03,05,6,1,1064,524,540,524,540
2018-02-04,05,7,1,859,444,415,444,415
2018-02-05,06,1,,2297,1174,1123,1174,1123
2018-02-06,06,2,,2722,1389,1333,1389,1333
2018-02-07,06,3,,2351,1198,1153,1198,1153
2018-02-08,06,4,,2433,1253,1180,1253,1180
2018-02-09,06,5,,2358,1224,1134,1224,1134
2018-02-10,06,6,5,890,467,423,467,423
2018-02-11,06,7,5,724,374,350,374,350
2018-02-12,07,1,4,1720,863,857,863,857
2018-02-13,07,2,4,2003,1031,972,1031,972
2018-02-14,07,3,4,1490,750,740,750,740
2018-02-15,07,4,4,1546,782,764,782,764
2018-02-16,07,5,4,1737,916,821,916,821
2018-02-17,07,6,5,547,294,253,294,253
2018-02-18,07,7,5,652,321,331,321,331
2018-02-19,08,1,4,1711,846,865,846,865
2018-02-20,08,2,4,1869,961,908,961,908
2018-02-21,08,3,4,1721,867,854,867,854
2018-02-22,08,4,4,1674,860,814,860,814
2018-02-23,08,5,4,1594,817,777,817,777
2018-02-24,08,6,5,934,475,459,475,459
2018-02-25,08,7,5,645,311,334,311,334
2018-02-26,09,1,,2327,1202,1125,1202,1125
2018-02-27,09,2,,2297,1177,1120,1177,1120
2018-02-28,09,3,,2137,1114,1023,1114,1023
2018-03-01,09,4,,1749,909,840,909,840
2018-03-02,09,5,,1622,838,784,838,784
2018-03-03,09,6,1,719,345,374,345,374
2018-03-04,09,7,1,1014,514,500,514,500
2018-03-05,10,1,,2579,1319,1260,1319,1260
2018-03-06,10,2,,2561,1311,1250,1311,1250
2018-03-07,10,3,,2533,1294,1239,1294,1239
2018-03-08,10,4,,2754,1415,1339,1415,1339
2018-03-09,10,5,,2658,1360,1298,1360,1298
2018-03-10,10,6,1,1167,565,602,565,602
2018-03-11,10,7,1,840,404,436,404,436
2018-03-12,11,1,,2507,1296,1211,1296,1211
2018-03-13,11,2,,2799,1433,1366,1433,1366
2018-03-14,11,3,,3072,1571,1501,1571,1501
2018-03-15,11,4,,1881,949,932,949,932
2018-03-16,11,5,,2482,1303,1179,1303,1179
2018-03-17,11,6,1,686,344,342,344,342
2018-03-18,11,7,1,937,460,477,460,477
2018-03-19,12,1,,2621,1366,1255,1366,1255
2018-03-20,12,2,,2444,1263,1181,1263,1181
2018-03-21,12,3,,2502,1270,1232,1270,1232
2018-03-22,12,4,,2764,1477,1287,1477,1287
2018-03-23,12,5,,2446,1267,1179,1267,1179
2018-03-24,12,6,1,1259,634,625,634,625
2018-03-25,12,7,1,901,449,452,449,452
2018-03-26,13,1,,2630,1336,1294,1336,1294
2018-03-27,13,2,,2715,1406,1309,1406,1309
2018-03-28,13,3,,2632,1354,1278,1354,1278
2018-03-29,13,4,,2393,1251,1142,1251,1142
2018-03-30,13,5,,2048,1046,1002,1046,1002
2018-03-31,13,6,1,1083,553,530,553,530
2018-04-01,13,7,1,753,353,400,353,400
2018-04-02,14,1,2,709,341,368,341,368
2018-04-03,14,2,,2874,1484,1390,1484,1390
2018-04-04,14,3,,2441,1243,1198,1243,1198
2018-04-05,14,4,,2812,1494,1318,1494,1318
2018-04-06,14,5,,2975,1546,1429,1546,1429
2018-04-07,14,6,5,1482,726,756,726,756
2018-04-08,14,7,5,1211,628,583,628,583
2018-04-09,15,1,4,2207,1127,1080,1127,1080
2018-04-10,15,2,4,1777,913,864,913,864
2018-04-11,15,3,4,2334,1217,1117,1217,1117
2018-04-12,15,4,4,2261,1149,1112,1149,1112
2018-04-13,15,5,4,2163,1119,1044,1119,1044
2018-04-14,15,6,5,1177,581,596,581,596
2018-04-15,15,7,5,1177,595,582,595,582
2018-04-16,16,1,4,2037,1049,988,1049,988
2018-04-17,16,2,4,2401,1212,1189,1212,1189
2018-04-18,16,3,4,2235,1131,1104,1131,1104
2018-04-19,16,4,4,2435,1249,1186,1249,1186
2018-04-20,16,5,4,2343,1185,1158,1185,1158
2018-04-21,16,6,5,1372,701,671,701,671
2018-04-22,16,7,5,1357,679,678,679,678
2018-04-23,17,1,,3036,1583,1453,1583,1453
2018-04-24,17,2,,3574,1837,1737,1837,1737
2018-04-25,17,3,,3442,1766,1676,1766,1676
2018-04-26,17,4,,3239,1656,1583,1656,1583
2018-04-27,17,5,,3236,1678,1558,1678,1558
2018-04-28,17,6,1,1518,774,744,774,744
2018-04-29,17,7,1,1169,575,594,575,594
2018-04-30,18,1,,2218,1141,1077,1141,1077
2018-05-01,18,2,2,1234,630,604,630,604
2018-05-02,18,3,,2865,1469,1396,1469,1396
2018-05-03,18,4,,2673,1376,1297,1376,1297
2018-05-04,18,5,,2825,1465,1360,1465,1360
2018-05-05,18,6,1,1547,790,757,790,757
2018-05-06,18,7,1,1297,653,644,653,644
2018-05-07,19,1,,2095,1069,1026,1069,1026
2018-05-08,19,2,2,1048,503,545,503,545
2018-05-09,19,3,,1937,1008,929,1008,929
2018-05-10,19,4,2,629,318,311,318,311
2018-05-11,19,5,,1345,681,664,681,664
2018-05-12,19,6,1,1133,608,525,608,525
2018-05-13,19,7,1,543,256,287,256,287
2018-05-14,20,1,,2381,1251,1130,1251,1130
2018-05-15,20,2,,2748,1426,1322,1426,1322
2018-05-16,20,3,,2947,1538,1409,1538,1409
2018-05-17,20,4,,3210,1642,1568,1642,1568
2018-05-18,20,5,,2947,1502,1445,1502,1445
2018-05-19,20,6,1,1441,736,705,736,705
2018-05-20,20,7,1,1166,578,588,578,588
2018-05-21,21,1,2,1347,659,688,659,688
2018-05-22,21,2,,2877,1540,1337,1540,1337
2018-05-23,21,3,,2614,1353,1261,1353,1261
2018-05-24,21,4,,3352,1734,1618,1734,1618
2018-05-25,21,5,,3429,1755,1674,1755,1674
2018-05-26,21,6,1,1791,955,836,955,836
2018-05-27,21,7,1,1197,565,632,565,632
2018-05-28,22,1,,2689,1390,1299,1390,1299
2018-05-29,22,2,,2987,1545,1442,1545,1442
2018-05-30,22,3,,2693,1381,1312,1381,1312
2018-05-31,22,4,,2942,1499,1443,1499,1443
2018-06-01,22,5,,3208,1652,1556,1652,1556
2018-06-02,22,6,1,1823,984,839,984,839
2018-06-03,22,7,1,1255,635,620,635,620
2018-06-04,23,1,,2907,1471,1436,1471,1436
2018-06-05,23,2,,3153,1616,1537,1616,1537
2018-06-06,23,3,,3229,1640,1589,1640,1589
2018-06-07,23,4,,2649,1349,1300,1349,1300
2018-06-08,23,5,,2886,1509,1377,1509,1377
2018-06-09,23,6,1,2014,1049,965,1049,965
2018-06-10,23,7,1,1495,743,752,743,752
2018-06-11,24,1,,2441,1240,1201,1240,1201
2018-06-12,24,2,,2869,1465,1404,1465,1404
2018-06-13,24,3,,1888,989,899,989,899
2018-06-14,24,4,,3180,1687,1493,1687,1493
2018-06-15,24,5,,2928,1502,1426,1502,1426
2018-06-16,24,6,1,1928,922,1006,922,1006
2018-06-17,24,7,1,1398,756,642,756,642
2018-06-18,25,1,,3112,1611,1501,1611,1501
2018-06-19,25,2,,3663,1867,1796,1867,1796
2018-06-20,25,3,,3537,1818,1719,1818,1719
2018-06-21,25,4,,3487,1820,1667,1820,1667
2018-06-22,25,5,,2912,1496,1416,1496,1416
2018-06-23,25,6,1,1498,781,717,781,717
2018-06-24,25,7,1,1409,720,689,720,689
2018-06-25,26,1,,3226,1708,1518,1708,1518
2018-06-26,26,2,,3398,1776,1622,1776,1622
2018-06-27,26,3,,3236,1617,1619,1617,1619
2018-06-28,26,4,,3277,1696,1581,1696,1581
2018-06-29,26,5,,3120,1601,1519,1601,1519
2018-06-30,26,6,1,1654,823,831,823,831
2018-07-01,26,7,1,1286,633,653,633,653
2018-07-02,27,1,,2976,1551,1425,1551,1425
2018-07-03,27,2,,3150,1636,1514,1636,1514
2018-07-04,27,3,,2940,1506,1434,1506,1434
2018-07-05,27,4,,2788,1419,1369,1419,1369
2018-07-06,27,5,,2681,1412,1269,1412,1269
2018-07-07,27,6,5,1381,683,698,683,698
2018-07-08,27,7,5,1211,638,573,638,573
2018-07-09,28,1,4,2534,1317,1217,1317,1217
2018-07-10,28,2,4,2792,1429,1363,1429,1363
2018-07-11,28,3,4,2642,1353,1289,1353,1289
2018-07-12,28,4,4,2620,1373,1247,1373,1247
2018-07-13,28,5,4,2453,1289,1164,1289,1164
2018-07-14,28,6,7,967,508,459,508,459
2018-07-15,28,7,5,1227,622,605,622,605
2018-07-16,29,1,4,2103,1066,1037,1066,1037
2018-07-17,29,2,4,2554,1313,1241,1313,1241
2018-07-18,29,3,4,2407,1214,1193,1214,1193
2018-07-19,29,4,4,2423,1219,1204,1219,1204
2018-07-20,29,5,4,2249,1161,1088,1161,1088
2018-07-21,29,6,5,991,499,492,499,492
2018-07-22,29,7,5,1047,535,512,535,512
2018-07-23,30,1,4,2170,1100,1070,1100,1070
2018-07-24,30,2,4,2367,1237,1130,1237,1130
2018-07-25,30,3,4,2215,1155,1060,1155,1060
2018-07-26,30,4,4,2219,1135,1084,1135,1084
2018-07-27,30,5,4,1948,1014,934,1014,934
2018-07-28,30,6,5,981,504,477,504,477
2018-07-29,30,7,5,819,397,422,397,422
2018-07-30,31,1,4,1748,903,845,903,845
2018-07-31,31,2,4,1935,1003,932,1003,932
2018-08-01,31,3,4,1749,887,862,887,862
2018-08-02,31,4,4,1680,864,816,864,816
2018-08-03,31,5,4,1637,862,775,862,775
2018-08-04,31,6,5,850,437,413,437,413
2018-08-05,31,7,5,728,365,363,365,363
2018-08-06,32,1,4,1407,726,681,726,681
2018-08-07,32,2,4,1647,850,797,850,797
2018-08-08,32,3,4,1664,871,793,871,793
2018-08-09,32,4,4,1134,580,554,580,554
2018-08-10,32,5,4,1529,789,740,789,740
2018-08-11,32,6,5,939,475,464,475,464
2018-08-12,32,7,5,909,460,449,460,449
2018-08-13,33,1,4,973,500,473,500,473
2018-08-14,33,2,4,1190,611,579,611,579
2018-08-15,33,3,6,902,484,418,484,418
2018-08-16,33,4,4,1551,775,776,775,776
2018-08-17,33,5,4,1452,745,707,745,707
2018-08-18,33,6,5,1009,518,491,518,491
2018-08-19,33,7,5,959,473,486,473,486
2018-08-20,34,1,4,1872,965,907,965,907
2018-08-21,34,2,4,2110,1070,1040,1070,1040
2018-08-22,34,3,4,1914,994,920,994,920
2018-08-23,34,4,4,1981,995,986,995,986
2018-08-24,34,5,4,1786,938,848,938,848
2018-08-25,34,6,5,1040,529,511,529,511
2018-08-26,34,7,5,1066,546,520,546,520
2018-08-27,35,1,4,2428,1249,1179,1249,1179
2018-08-28,35,2,4,2777,1409,1368,1409,1368
2018-08-29,35,3,4,2311,1175,1136,1175,1136
2018-08-30,35,4,4,2514,1293,1221,1293,1221
2018-08-31,35,5,4,2628,1355,1273,1355,1273
2018-09-01,35,6,5,1254,654,600,654,600
2018-09-02,35,7,5,1368,658,710,658,710
2018-09-03,36,1,,3143,1608,1535,1608,1535
2018-09-04,36,2,,3541,1779,1762,1779,1762
2018-09-05,36,3,,3442,1785,1657,1785,1657
2018-09-06,36,4,,2865,1466,1399,1466,1399
2018-09-07,36,5,,3262,1680,1582,1680,1582
2018-09-08,36,6,1,1760,885,875,885,875
2018-09-09,36,7,1,1479,719,760,719,760
2018-09-10,37,1,,3558,1800,1758,1800,1758
2018-09-11,37,2,,3782,1940,1842,1940,1842
2018-09-12,37,3,,3588,1811,1777,1811,1777
2018-09-13,37,4,,3638,1877,1761,1877,1761
2018-09-14,37,5,,3316,1695,1621,1695,1621
2018-09-15,37,6,1,1915,970,945,970,945
2018-09-16,37,7,1,1475,721,754,721,754
2018-09-17,38,1,,3746,1930,1816,1930,1816
2018-09-18,38,2,,3947,2013,1934,2013,1934
2018-09-19,38,3,,3956,2014,1942,2014,1942
2018-09-20,38,4,,3948,1974,1974,1974,1974
2018-09-21,38,5,,3462,1779,1683,1779,1683
2018-09-22,38,6,1,1748,874,874,874,874
2018-09-23,38,7,1,1522,762,760,762,760
2018-09-24,39,1,,3396,1750,1646,1750,1646
2018-09-25,39,2,,3826,1980,1846,1980,1846
2018-09-26,39,3,,3905,1994,1911,1994,1911
2018-09-27,39,4,,3834,1965,1869,1965,1869
2018-09-28,39,5,,3594,1868,1726,1868,1726
2018-09-29,39,6,1,1904,961,943,961,943
2018-09-30,39,7,1,1198,599,599,599,599
2018-10-01,40,1,,2774,1446,1328,1446,1328
2018-10-02,40,2,,3534,1819,1715,1819,1715
2018-10-03,40,3,,3870,1966,1904,1966,1904
2018-10-04,40,4,,3892,1967,1925,1967,1925
2018-10-05,40,5,,3710,1923,1787,1923,1787
2018-10-06,40,6,1,1883,939,944,939,944
2018-10-07,40,7,1,759,383,376,383,376
2018-10-08,41,1,,3704,1918,1786,1918,1786
2018-10-09,41,2,,4078,2121,1957,2121,1957
2018-10-10,41,3,,3850,1989,1861,1989,1861
2018-10-11,41,4,,3597,1847,1750,1847,1750
2018-10-12,41,5,,3826,1985,1841,1985,1841
2018-10-13,41,6,1,2030,1004,1026,1004,1026
2018-10-14,41,7,1,1758,848,910,848,910
2018-10-15,42,1,,3757,1884,1873,1884,1873
2018-10-16,42,2,,3976,2041,1935,2041,1935
2018-10-17,42,3,,4049,2094,1955,2094,1955
2018-10-18,42,4,,4015,2080,1935,2080,1935
2018-10-19,42,5,,3754,1912,1842,1912,1842
2018-10-20,42,6,5,1875,958,917,958,917
2018-10-21,42,7,5,1584,795,789,795,789
2018-10-22,43,1,4,2963,1521,1442,1521,1442
2018-10-23,43,2,4,3242,1661,1581,1661,1581
2018-10-24,43,3,4,3062,1603,1459,1603,1459
2018-10-25,43,4,4,3067,1604,1463,1604,1463
2018-10-26,43,5,4,2641,1395,1246,1395,1246
2018-10-27,43,6,5,533,254,279,254,279
2018-10-28,43,7,5,876,434,442,434,442
2018-10-29,44,1,4,1177,618,559,618,559
2018-10-30,44,2,4,1977,1021,956,1021,956
2018-10-31,44,3,4,2105,1122,983,1122,983
2018-11-01,44,4,6,856,420,436,420,436
2018-11-02,44,5,4,1207,623,584,623,584
2018-11-03,44,6,5,1171,593,578,593,578
2018-11-04,44,7,5,1365,685,680,685,680
2018-11-05,45,1,,3471,1780,1691,1780,1691
2018-11-06,45,2,,3133,1604,1529,1604,1529
2018-11-07,45,3,,3242,1664,1578,1664,1578
2018-11-08,45,4,,3412,1732,1680,1732,1680
2018-11-09,45,5,,3403,1731,1672,1731,1672
2018-11-10,45,6,1,1779,870,909,870,909
2018-11-11,45,7,3,1496,720,776,720,776
2018-11-12,46,1,,3479,1756,1723,1756,1723
2018-11-13,46,2,,3789,1955,1834,1955,1834
2018-11-14,46,3,,3823,1970,1853,1970,1853
2018-11-15,46,4,,3919,2015,1904,2015,1904
2018-11-16,46,5,,3438,1777,1661,1777,1661
2018-11-17,46,6,1,1815,922,893,922,893
2018-11-18,46,7,1,1381,692,689,692,689
2018-11-19,47,1,,3224,1643,1581,1643,1581
2018-11-20,47,2,,3422,1762,1660,1762,1660
2018-11-21,47,3,,2312,1196,1116,1196,1116
2018-11-22,47,4,,3449,1753,1696,1753,1696
2018-11-23,47,5,,2608,1337,1271,1337,1271
2018-11-24,47,6,1,1589,777,812,777,812
2018-11-25,47,7,1,1138,553,585,553,585
2018-11-26,48,1,,2759,1424,1335,1424,1335
2018-11-27,48,2,,3005,1551,1454,1551,1454
2018-11-28,48,3,,3391,1726,1665,1726,1665
2018-11-29,48,4,,3363,1691,1672,1691,1672
2018-11-30,48,5,,2325,1160,1165,1160,1165
2018-12-01,48,6,1,1699,845,854,845,854
2018-12-02,48,7,1,619,301,318,301,318
2018-12-03,49,1,,2604,1349,1255,1349,1255
2018-12-04,49,2,,3109,1600,1509,1600,1509
2018-12-05,49,3,,3412,1734,1678,1734,1678
2018-12-06,49,4,,2566,1317,1249,1317,1249
2018-12-07,49,5,,3269,1657,1612,1657,1612
2018-12-08,49,6,1,1458,729,729,729,729
2018-12-09,49,7,1,788,363,425,363,425
2018-12-10,50,1,,2519,1283,1236,1283,1236
2018-12-11,50,2,,3462,1783,1679,1783,1679
2018-12-12,50,3,,3081,1552,1529,1552,1529
2018-12-13,50,4,,3079,1539,1540,1539,1540
2018-12-14,50,5,,3016,1539,1477,1539,1477
2018-12-15,50,6,1,1400,701,699,701,699
2018-12-16,50,7,1,743,359,384,359,384
2018-12-17,51,1,,2325,1189,1136,1189,1136
2018-12-18,51,2,,3065,1584,1481,1584,1481
2018-12-19,51,3,,2370,1203,1167,1203,1167
2018-12-20,51,4,,2943,1491,1452,1491,1452
2018-12-21,51,5,,2233,1100,1133,1100,1133
2018-12-22,51,6,5,1070,556,514,556,514
2018-12-23,51,7,5,788,399,389,399,389
2018-12-24,52,1,4,607,315,292,315,292
2018-12-25,52,2,6,361,173,188,173,188
2018-12-26,52,3,4,907,449,458,449,458
2018-12-27,52,4,4,1023,511,512,511,512
2018-12-28,52,5,4,1002,498,504,498,504
2018-12-29,52,6,5,783,406,377,406,377
2018-12-30,52,7,5,722,362,360,362,360
2018-12-31,01,1,4,863,461,402,461,402
2019-01-01,01,2,6,555,267,288,267,288
2019-01-02,01,3,4,1405,739,666,739,666
2019-01-03,01,4,4,1852,946,906,946,906
2019-01-04,01,5,4,1833,954,879,954,879
2019-01-05,01,6,5,1062,543,519,543,519
2019-01-06,01,7,5,896,441,455,441,455
2019-01-07,02,1,,2896,1503,1393,1503,1393
2019-01-08,02,2,,2892,1494,1398,1494,1398
2019-01-09,02,3,,2313,1162,1151,1162,1151
2019-01-10,02,4,,2777,1414,1363,1414,1363
2019-01-11,02,5,,2763,1428,1335,1428,1335
2019-01-12,02,6,1,1306,646,660,646,660
2019-01-13,02,7,1,992,490,502,490,502
2019-01-14,03,1,,2232,1151,1081,1151,1081
2019-01-15,03,2,,3132,1605,1527,1605,1527
2019-01-16,03,3,,3167,1615,1552,1615,1552
2019-01-17,03,4,,2746,1402,1344,1402,1344
2019-01-18,03,5,,2626,1361,1265,1361,1265
2019-01-19,03,6,1,1422,711,711,711,711
2019-01-20,03,7,1,1107,557,550,557,550
2019-01-21,04,1,,2886,1477,1409,1477,1409
2019-01-22,04,2,,3073,1603,1470,1603,1470
2019-01-23,04,3,,2216,1121,1095,1121,1095
2019-01-24,04,4,,2259,1151,1108,1151,1108
2019-01-25,04,5,,2479,1287,1192,1287,1192
2019-01-26,04,6,1,1234,612,622,612,622
2019-01-27,04,7,1,906,440,466,440,466
2019-01-28,05,1,,2582,1328,1254,1328,1254
2019-01-29,05,2,,2922,1506,1416,1506,1416
2019-01-30,05,3,,2656,1398,1258,1398,1258
2019-01-31,05,4,,2657,1373,1284,1373,1284
2019-02-01,05,5,,1446,742,704,742,704
2019-02-02,05,6,1,1079,545,534,545,534
2019-02-03,05,7,1,709,358,351,358,351
2019-02-04,06,1,,2794,1422,1372,1422,1372
2019-02-05,06,2,,3086,1579,1507,1579,1507
2019-02-06,06,3,,2975,1511,1464,1511,1464
2019-02-07,06,4,,2682,1381,1301,1381,1301
2019-02-08,06,5,,2771,1441,1330,1441,1330
2019-02-09,06,6,1,1399,710,689,710,689
2019-02-10,06,7,1,907,443,464,443,464
2019-02-11,07,1,,2030,1059,971,1059,971
2019-02-12,07,2,,3162,1638,1524,1638,1524
2019-02-13,07,3,,3014,1536,1478,1536,1478
2019-02-14,07,4,,3171,1649,1522,1649,1522
2019-02-15,07,5,,2994,1539,1455,1539,1455
2019-02-16,07,6,5,1453,764,689,764,689
2019-02-17,07,7,5,1226,594,632,594,632
2019-02-18,08,1,4,2371,1223,1148,1223,1148
2019-02-19,08,2,4,2605,1366,1239,1366,1239
2019-02-20,08,3,4,2600,1342,1258,1342,1258
2019-02-21,08,4,4,2574,1298,1276,1298,1276
2019-02-22,08,5,4,2419,1273,1146,1273,1146
2019-02-23,08,6,5,1218,576,642,576,642
2019-02-24,08,7,5,1252,626,626,626,626
2019-02-25,09,1,4,2231,1145,1086,1145,1086
2019-02-26,09,2,4,2431,1270,1161,1270,1161
2019-02-27,09,3,4,2496,1287,1209,1287,1209
2019-02-28,09,4,4,2544,1325,1219,1325,1219
2019-03-01,09,5,4,2126,1116,1010,1116,1010
2019-03-02,09,6,5,1231,612,619,612,619
2019-03-03,09,7,5,1398,696,702,696,702
2019-03-04,10,1,,2796,1446,1350,1446,1350
2019-03-05,10,2,,3410,1760,1650,1760,1650
2019-03-06,10,3,,3369,1718,1651,1718,1651
2019-03-07,10,4,,3068,1598,1470,1598,1470
2019-03-08,10,5,,3360,1729,1631,1729,1631
2019-03-09,10,6,1,1712,873,839,873,839
2019-03-10,10,7,1,1367,660,707,660,707
2019-03-11,11,1,,2608,1336,1272,1336,1272
2019-03-12,11,2,,3410,1736,1674,1736,1674
2019-03-13,11,3,,2928,1502,1426,1502,1426
2019-03-14,11,4,,2523,1291,1232,1291,1232
2019-03-15,11,5,,1972,1037,935,1037,935
2019-03-16,11,6,1,1900,988,912,988,912
2019-03-17,11,7,1,1218,612,606,612,606
2019-03-18,12,1,,2624,1343,1281,1343,1281
2019-03-19,12,2,,3566,1838,1728,1838,1728
2019-03-20,12,3,,3564,1823,1741,1823,1741
2019-03-21,12,4,,3568,1846,1722,1846,1722
2019-03-22,12,5,,3477,1789,1688,1789,1688
2019-03-23,12,6,1,1833,914,919,914,919
2019-03-24,12,7,1,1636,836,800,836,800
2019-03-25,13,1,,3402,1742,1660,1742,1660
2019-03-26,13,2,,3485,1809,1676,1809,1676
2019-03-27,13,3,,3552,1804,1748,1804,1748
2019-03-28,13,4,,3614,1839,1775,1839,1775
2019-03-29,13,5,,3400,1763,1637,1763,1637
2019-03-30,13,6,1,1943,988,955,988,955
2019-03-31,13,7,1,1516,743,773,743,773
2019-04-01,14,1,,3475,1781,1694,1781,1694
2019-04-02,14,2,,3758,1948,1810,1948,1810
2019-04-03,14,3,,2308,1159,1149,1159,1149
2019-04-04,14,4,,2336,1198,1138,1198,1138
2019-04-05,14,5,,3229,1660,1569,1660,1569
2019-04-06,14,6,1,1693,846,847,846,847
2019-04-07,14,7,1,1183,595,588,595,588
2019-04-08,15,1,,3313,1679,1634,1679,1634
2019-04-09,15,2,,3606,1846,1760,1846,1760
2019-04-10,15,3,,3220,1678,1542,1678,1542
2019-04-11,15,4,,3050,1579,1471,1579,1471
2019-04-12,15,5,,3222,1680,1542,1680,1542
2019-04-13,15,6,5,1621,822,799,822,799
2019-04-14,15,7,5,1256,610,646,610,646
2019-04-15,16,1,4,2696,1394,1302,1394,1302
2019-04-16,16,2,4,2457,1257,1200,1257,1200
2019-04-17,16,3,4,2908,1491,1417,1491,1417
2019-04-18,16,4,4,2917,1518,1399,1518,1399
2019-04-19,16,5,4,2564,1331,1233,1331,1233
2019-04-20,16,6,5,1372,714,658,714,658
2019-04-21,16,7,5,1108,572,536,572,536
2019-04-22,17,1,6,1022,531,491,531,491
2019-04-23,17,2,4,2432,1236,1196,1236,1196
2019-04-24,17,3,4,1958,981,977,981,977
2019-04-25,17,4,4,2341,1180,1161,1180,1161
2019-04-26,17,5,4,2224,1167,1057,1167,1057
2019-04-27,17,6,5,1277,609,668,609,668
2019-04-28,17,7,5,921,444,477,444,477
2019-04-29,18,1,,3090,1581,1509,1581,1509
2019-04-30,18,2,,3662,1901,1761,1901,1761
2019-05-01,18,3,2,2114,1067,1047,1067,1047
2019-05-02,18,4,,2696,1394,1302,1394,1302
2019-05-03,18,5,,2859,1499,1360,1499,1360
2019-05-04,18,6,1,1614,805,809,805,809
2019-05-05,18,7,1,797,391,406,391,406
2019-05-06,19,1,,3151,1619,1532,1619,1532
2019-05-07,19,2,,3461,1781,1680,1781,1680
2019-05-08,19,3,2,942,463,479,463,479
2019-05-09,19,4,,2909,1510,1399,1510,1399
2019-05-10,19,5,,3285,1723,1562,1723,1562
2019-05-11,19,6,1,1524,730,794,730,794
2019-05-12,19,7,1,1427,702,725,702,725
2019-05-13,20,1,,3534,1838,1696,1838,1696
2019-05-14,20,2,,3987,2006,1981,2006,1981
2019-05-15,20,3,,3959,2023,1936,2023,1936
2019-05-16,20,4,,3981,2061,1920,2061,1920
2019-05-17,20,5,,2826,1436,1390,1436,1390
2019-05-18,20,6,1,1820,920,900,920,900
2019-05-19,20,7,1,940,436,504,436,504
2019-05-20,21,1,,1917,962,955,962,955
2019-05-21,21,2,,3363,1710,1653,1710,1653
2019-05-22,21,3,,3913,2009,1904,2009,1904
2019-05-23,21,4,,4046,2087,1959,2087,1959
2019-05-24,21,5,,3816,2008,1808,2008,1808
2019-05-25,21,6,1,1770,873,897,873,897
2019-05-26,21,7,1,1702,852,850,852,850
2019-05-27,22,1,,3497,1785,1712,1785,1712
2019-05-28,22,2,,2640,1325,1315,1325,1315
2019-05-29,22,3,,3166,1622,1544,1622,1544
2019-05-30,22,4,6,1336,653,683,653,683
2019-05-31,22,5,4,1625,817,808,817,808
2019-06-01,22,6,5,1420,703,717,703,717
2019-06-02,22,7,5,1338,642,696,642,696
2019-06-03,23,1,,3754,1932,1822,1932,1822
2019-06-04,23,2,,4053,2053,2000,2053,2000
2019-06-05,23,3,,3922,2042,1880,2042,1880
2019-06-06,23,4,,3717,1934,1783,1934,1783
2019-06-07,23,5,,3650,1850,1800,1850,1800
2019-06-08,23,6,1,2054,1065,989,1065,989
2019-06-09,23,7,1,938,433,505,433,505
2019-06-10,24,1,2,1031,499,532,499,532
2019-06-11,24,2,,2088,1059,1029,1059,1029
2019-06-12,24,3,,3638,1807,1831,1807,1831
2019-06-13,24,4,,3954,2044,1910,2044,1910
2019-06-14,24,5,,3134,1604,1530,1604,1530
2019-06-15,24,6,1,1395,680,715,680,715
2019-06-16,24,7,1,1604,803,801,803,801
2019-06-17,25,1,,3724,1899,1825,1899,1825
2019-06-18,25,2,,4026,2039,1987,2039,1987
2019-06-19,25,3,,3813,1951,1862,1951,1862
2019-06-20,25,4,,2989,1478,1511,1478,1511
2019-06-21,25,5,,2802,1440,1362,1440,1362
2019-06-22,25,6,1,1351,651,700,651,700
2019-06-23,25,7,1,1521,736,785,736,785
2019-06-24,26,1,,3563,1848,1715,1848,1715
2019-06-25,26,2,,3696,1920,1776,1920,1776
2019-06-26,26,3,,3423,1720,1703,1720,1703
2019-06-27,26,4,,3418,1763,1655,1763,1655
2019-06-28,26,5,,3092,1617,1475,1617,1475
2019-06-29,26,6,1,1484,753,731,753,731
2019-06-30,26,7,1,1120,550,570,550,570
2019-07-01,27,1,,3020,1576,1444,1576,1444
2019-07-02,27,2,,3346,1739,1607,1739,1607
2019-07-03,27,3,,3307,1713,1594,1713,1594
2019-07-04,27,4,,3383,1756,1627,1756,1627
2019-07-05,27,5,,3133,1627,1506,1627,1506
2019-07-06,27,6,5,1423,746,677,746,677
2019-07-07,27,7,5,1218,601,617,601,617
2019-07-08,28,1,4,2972,1512,1460,1512,1460
2019-07-09,28,2,4,2703,1360,1343,1360,1343
2019-07-10,28,3,4,3083,1531,1552,1531,1552
2019-07-11,28,4,4,3048,1539,1509,1539,1509
2019-07-12,28,5,4,2912,1525,1387,1525,1387
2019-07-13,28,6,5,1361,689,672,689,672
2019-07-14,28,7,7,1240,640,600,640,600
2019-07-15,29,1,4,2483,1283,1200,1283,1200
2019-07-16,29,2,4,2918,1481,1437,1481,1437
2019-07-17,29,3,4,2918,1518,1400,1518,1400
2019-07-18,29,4,4,2911,1473,1438,1473,1438
2019-07-19,29,5,4,2683,1393,1290,1393,1290
2019-07-20,29,6,5,1290,646,644,646,644
2019-07-21,29,7,5,1188,594,594,594,594
2019-07-22,30,1,4,2316,1179,1137,1179,1137
2019-07-23,30,2,4,2501,1276,1225,1276,1225
2019-07-24,30,3,4,2379,1227,1152,1227,1152
2019-07-25,30,4,4,2309,1220,1089,1220,1089
2019-07-26,30,5,4,2118,1107,1011,1107,1011
2019-07-27,30,6,5,1016,518,498,518,498
2019-07-28,30,7,5,710,350,360,350,360
2019-07-29,31,1,4,2160,1106,1054,1106,1054
2019-07-30,31,2,4,2445,1265,1180,1265,1180
2019-07-31,31,3,4,2242,1151,1091,1151,1091
2019-08-01,31,4,4,2278,1157,1121,1157,1121
2019-08-02,31,5,4,2112,1069,1043,1069,1043
2019-08-03,31,6,5,1232,634,598,634,598
2019-08-04,31,7,5,1154,573,581,573,581
2019-08-05,32,1,4,1975,1039,936,1039,936
2019-08-06,32,2,4,2108,1059,1049,1059,1049
2019-08-07,32,3,4,1623,847,776,847,776
2019-08-08,32,4,4,2016,1031,985,1031,985
2019-08-09,32,5,4,1849,937,912,937,912
2019-08-10,32,6,5,1070,563,507,563,507
2019-08-11,32,7,5,930,474,456,474,456
2019-08-12,33,1,4,1183,623,560,623,560
2019-08-13,33,2,4,1831,921,910,921,910
2019-08-14,33,3,4,1821,936,885,936,885
2019-08-15,33,4,6,980,491,489,491,489
2019-08-16,33,5,4,1222,621,601,621,601
2019-08-17,33,6,5,1051,551,500,551,500
2019-08-18,33,7,5,1077,519,558,519,558
2019-08-19,34,1,4,1708,883,825,883,825
2019-08-20,34,2,4,1016,516,500,516,500
2019-08-21,34,3,4,2052,1066,986,1066,986
2019-08-22,34,4,4,2267,1190,1077,1190,1077
2019-08-23,34,5,4,2241,1157,1084,1157,1084
2019-08-24,34,6,5,1332,670,662,670,662
2019-08-25,34,7,5,1321,663,658,663,658
2019-08-26,35,1,4,2624,1356,1268,1356,1268
2019-08-27,35,2,4,3006,1547,1459,1547,1459
2019-08-28,35,3,4,2716,1366,1350,1366,1350
2019-08-29,35,4,4,1246,639,607,639,607
2019-08-30,35,5,4,0,0,0,0,0
2019-08-31,35,6,5,0,0,0,0,0
2019-09-01,35,7,5,0,0,0,0,0
2019-09-02,36,1,,0,0,0,0,0
2019-09-03,36,2,,0,0,0,0,0
2019-09-04,36,3,,0,0,0,0,0
2019-09-05,36,4,,0,0,0,0,0
2019-09-06,36,5,,0,0,0,0,0
2019-09-07,36,6,1,0,0,0,0,0
2019-09-08,36,7,1,0,0,0,0,0
2019-09-09,37,1,,0,0,0,0,0
2019-09-10,37,2,,0,0,0,0,0
2019-09-11,37,3,,0,0,0,0,0
2019-09-12,37,4,,0,0,0,0,0
2019-09-13,37,5,,0,0,0,0,0
2019-09-14,37,6,1,0,0,0,0,0
2019-09-15,37,7,1,0,0,0,0,0
2019-09-16,38,1,,0,0,0,0,0
2019-09-17,38,2,,0,0,0,0,0
2019-09-18,38,3,,0,0,0,0,0
2019-09-19,38,4,,0,0,0,0,0
2019-09-20,38,5,,0,0,0,0,0
2019-09-21,38,6,1,0,0,0,0,0
2019-09-22,38,7,1,0,0,0,0,0
2019-09-23,39,1,,0,0,0,0,0
2019-09-24,39,2,,0,0,0,0,0
2019-09-25,39,3,,0,0,0,0,0
2019-09-26,39,4,,0,0,0,0,0
2019-09-27,39,5,,0,0,0,0,0
2019-09-28,39,6,1,0,0,0,0,0
2019-09-29,39,7,1,0,0,0,0,0
2019-09-30,40,1,,0,0,0,0,0
2019-10-01,40,2,,0,0,0,0,0
2019-10-02,40,3,,0,0,0,0,0
2019-10-03,40,4,,0,0,0,0,0
2019-10-04,40,5,,0,0,0,0,0
2019-10-05,40,6,1,0,0,0,0,0
2019-10-06,40,7,1,0,0,0,0,0
2019-10-07,41,1,,0,0,0,0,0
2019-10-08,41,2,,0,0,0,0,0
2019-10-09,41,3,,0,0,0,0,0
2019-10-10,41,4,,0,0,0,0,0
2019-10-11,41,5,,0,0,0,0,0
2019-10-12,41,6,1,0,0,0,0,0
2019-10-13,41,7,1,0,0,0,0,0
2019-10-14,42,1,,0,0,0,0,0
2019-10-15,42,2,,0,0,0,0,0
2019-10-16,42,3,,0,0,0,0,0
2019-10-17,42,4,,0,0,0,0,0
2019-10-18,42,5,,0,0,0,0,0
2019-10-19,42,6,5,0,0,0,0,0
2019-10-20,42,7,5,0,0,0,0,0
2019-10-21,43,1,4,0,0,0,0,0
2019-10-22,43,2,4,0,0,0,0,0
2019-10-23,43,3,4,0,0,0,0,0
2019-10-24,43,4,4,0,0,0,0,0
2019-10-25,43,5,4,0,0,0,0,0
2019-10-26,43,6,5,0,0,0,0,0
2019-10-27,43,7,5,0,0,0,0,0
2019-10-28,44,1,4,0,0,0,0,0
2019-10-29,44,2,4,0,0,0,0,0
2019-10-30,44,3,4,0,0,0,0,0
2019-10-31,44,4,4,0,0,0,0,0
2019-11-01,44,5,6,0,0,0,0,0
2019-11-02,44,6,5,0,0,0,0,0
2019-11-03,44,7,5,0,0,0,0,0
2019-11-04,45,1,4,0,0,0,0,0
2019-11-05,45,2,4,0,0,0,0,0
2019-11-06,45,3,4,0,0,0,0,0
2019-11-07,45,4,4,0,0,0,0,0
2019-11-08,45,5,4,0,0,0,0,0
2019-11-09,45,6,5,0,0,0,0,0
2019-11-10,45,7,5,0,0,0,0,0
2019-11-11,46,1,6,0,0,0,0,0
2019-11-12,46,2,4,0,0,0,0,0
2019-11-13,46,3,4,0,0,0,0,0
2019-11-14,46,4,4,0,0,0,0,0
2019-11-15,46,5,,0,0,0,0,0
2019-11-16,46,6,1,0,0,0,0,0
2019-11-17,46,7,1,0,0,0,0,0
2019-11-18,47,1,,0,0,0,0,0
2019-11-19,47,2,,0,0,0,0,0
2019-11-20,47,3,,0,0,0,0,0
2019-11-21,47,4,,0,0,0,0,0
2019-11-22,47,5,,0,0,0,0,0
2019-11-23,47,6,1,0,0,0,0,0
2019-11-24,47,7,1,0,0,0,0,0
2019-11-25,48,1,,0,0,0,0,0
2019-11-26,48,2,,0,0,0,0,0
2019-11-27,48,3,,0,0,0,0,0
2019-11-28,48,4,,0,0,0,0,0
2019-11-29,48,5,,0,0,0,0,0
2019-11-30,48,6,1,0,0,0,0,0
2019-12-01,48,7,1,0,0,0,0,0
2019-12-02,49,1,,0,0,0,0,0
2019-12-03,49,2,,0,0,0,0,0
2019-12-04,49,3,,0,0,0,0,0
2019-12-05,49,4,,0,0,0,0,0
2019-12-06,49,5,,0,0,0,0,0
2019-12-07,49,6,1,0,0,0,0,0
2019-12-08,49,7,1,0,0,0,0,0
2019-12-09,50,1,,0,0,0,0,0
2019-12-10,50,2,,0,0,0,0,0
2019-12-11,50,3,,0,0,0,0,0
2019-12-12,50,4,,0,0,0,0,0
2019-12-13,50,5,,0,0,0,0,0
2019-12-14,50,6,1,0,0,0,0,0
2019-12-15,50,7,1,0,0,0,0,0
2019-12-16,51,1,,0,0,0,0,0
2019-12-17,51,2,,0,0,0,0,0
2019-12-18,51,3,,0,0,0,0,0
2019-12-19,51,4,,0,0,0,0,0
2019-12-20,51,5,,0,0,0,0,0
2019-12-21,51,6,5,0,0,0,0,0
2019-12-22,51,7,5,0,0,0,0,0
2019-12-23,52,1,4,0,0,0,0,0
2019-12-24,52,2,4,0,0,0,0,0
2019-12-25,52,3,6,0,0,0,0,0
2019-12-26,52,4,4,0,0,0,0,0
2019-12-27,52,5,4,0,0,0,0,0
2019-12-28,52,6,5,0,0,0,0,0
2019-12-29,52,7,5,0,0,0,0,0
2019-12-30,01,1,4,0,0,0,0,0
2019-12-31,01,2,4,0,0,0,0,0
2020-01-01,01,3,6,0,0,0,0,0
2020-01-02,01,4,4,0,0,0,0,0
2020-01-03,01,5,4,0,0,0,0,0
2020-01-04,01,6,5,0,0,0,0,0
2020-01-05,01,7,5,0,0,0,0,0
2020-01-06,02,1,,0,0,0,0,0
2020-01-07,02,2,,0,0,0,0,0
2020-01-08,02,3,,0,0,0,0,0
2020-01-09,02,4,,0,0,0,0,0
2020-01-10,02,5,,0,0,0,0,0
2020-01-11,02,6,1,0,0,0,0,0
2020-01-12,02,7,1,0,0,0,0,0
2020-01-13,03,1,,0,0,0,0,0
2020-01-14,03,2,,0,0,0,0,0
2020-01-15,03,3,,0,0,0,0,0
2020-01-16,03,4,,0,0,0,0,0
2020-01-17,03,5,,0,0,0,0,0
2020-01-18,03,6,1,0,0,0,0,0
2020-01-19,03,7,1,0,0,0,0,0
2020-01-20,04,1,,0,0,0,0,0
2020-01-21,04,2,,0,0,0,0,0
2020-01-22,04,3,,0,0,0,0,0
2020-01-23,04,4,,8,4,4,4,4
2020-01-24,04,5,,0,0,0,0,0
2020-01-25,04,6,1,0,0,0,0,0
2020-01-26,04,7,1,0,0,0,0,0
2020-01-27,05,1,,0,0,0,0,0
2020-01-28,05,2,,0,0,0,0,0
2020-01-29,05,3,,0,0,0,0,0
2020-01-30,05,4,,0,0,0,0,0
2020-01-31,05,5,,0,0,0,0,0
2020-02-01,05,6,1,0,0,0,0,0
2020-02-02,05,7,1,0,0,0,0,0
2020-02-03,06,1,,0,0,0,0,0
2020-02-04,06,2,,0,0,0,0,0
2020-02-05,06,3,,0,0,0,0,0
2020-02-06,06,4,,0,0,0,0,0
2020-02-07,06,5,,0,0,0,0,0
2020-02-08,06,6,1,0,0,0,0,0
2020-02-09,06,7,1,0,0,0,0,0
2020-02-10,07,1,,0,0,0,0,0
2020-02-11,07,2,,1573,806,767,806,767
2020-02-12,07,3,,3935,1984,1951,1984,1951
2020-02-13,07,4,,3417,1746,1671,1746,1671
2020-02-14,07,5,,3702,1942,1760,1942,1760
2020-02-15,07,6,1,2032,1039,993,1039,993
2020-02-16,07,7,1,1532,704,828,704,828
2020-02-17,08,1,,3355,1723,1632,1723,1632
2020-02-18,08,2,,3770,1931,1839,1931,1839
2020-02-19,08,3,,3199,1579,1620,1579,1620
2020-02-20,08,4,,4074,2059,2015,2059,2015
2020-02-21,08,5,,3507,1781,1726,1781,1726
2020-02-22,08,6,5,1714,845,869,845,869
2020-02-23,08,7,5,1517,722,795,722,795
2020-02-24,09,1,4,2999,1563,1436,1563,1436
2020-02-25,09,2,4,2756,1387,1369,1387,1369
2020-02-26,09,3,4,2226,1121,1105,1121,1105
2020-02-27,09,4,4,1729,892,837,892,837
2020-02-28,09,5,4,2650,1358,1292,1358,1292
2020-02-29,09,6,5,1198,618,580,618,580
2020-03-01,09,7,5,1313,623,690,623,690
2020-03-02,10,1,4,1760,900,860,900,860
2020-03-03,10,2,4,2131,1068,1063,1068,1063
2020-03-04,10,3,4,2825,1424,1401,1424,1401
2020-03-05,10,4,4,1912,964,948,964,948
2020-03-06,10,5,4,2697,1384,1313,1384,1313
2020-03-07,10,6,5,1493,739,754,739,754
2020-03-08,10,7,5,1630,770,860,770,860
2020-03-09,11,1,,2895,1480,1415,1480,1415
2020-03-10,11,2,,3334,1660,1674,1660,1674
2020-03-11,11,3,,3942,2004,1938,2004,1938
2020-03-12,11,4,,3943,1949,1994,1949,1994
2020-03-13,11,5,,3371,1718,1653,1718,1653
2020-03-14,11,6,1,1841,899,942,899,942
2020-03-15,11,7,1,1602,770,832,770,832
2020-03-16,12,1,,2376,1222,1154,1222,1154
2020-03-17,12,2,32,1273,630,643,630,643
2020-03-18,12,3,32,872,454,418,454,418
2020-03-19,12,4,32,911,456,455,456,455
2020-03-20,12,5,32,870,428,442,428,442
2020-03-21,12,6,33,579,298,281,298,281
2020-03-22,12,7,33,433,217,216,217,216
2020-03-23,13,1,32,675,329,346,329,346
2020-03-24,13,2,32,657,319,338,319,338
2020-03-25,13,3,32,643,329,314,329,314
2020-03-26,13,4,32,718,361,357,361,357
2020-03-27,13,5,32,691,343,348,343,348
2020-03-28,13,6,33,594,293,301,293,301
2020-03-29,13,7,33,416,208,208,208,208
2020-03-30,14,1,32,578,291,287,291,287
2020-03-31,14,2,32,702,353,349,353,349
2020-04-01,14,3,32,855,440,415,440,415
2020-04-02,14,4,32,823,394,429,394,429
2020-04-03,14,5,32,779,393,386,393,386
2020-04-04,14,6,33,726,364,362,364,362
2020-04-05,14,7,33,648,335,313,335,313
2020-04-06,15,1,32,759,386,373,386,373
2020-04-07,15,2,32,864,447,417,447,417
2020-04-08,15,3,32,874,442,432,442,432
2020-04-09,15,4,32,947,486,461,486,461
2020-04-10,15,5,32,1071,542,529,542,529
2020-04-11,15,6,33,863,430,433,430,433
2020-04-12,15,7,33,581,301,280,301,280
2020-04-13,16,1,34,676,323,353,323,353
2020-04-14,16,2,32,928,474,454,474,454
2020-04-15,16,3,32,1082,537,545,537,545
2020-04-16,16,4,32,1074,560,514,560,514
2020-04-17,16,5,32,1026,521,505,521,505
2020-04-18,16,6,37,925,474,451,474,451
2020-04-19,16,7,37,703,337,366,337,366
2020-04-20,17,1,36,883,447,436,447,436
2020-04-21,17,2,36,936,467,469,467,469
2020-04-22,17,3,36,1164,570,594,570,594
2020-04-23,17,4,36,1243,613,630,613,630
2020-04-24,17,5,36,1258,633,625,633,625
2020-04-25,17,6,37,1110,536,574,536,574
2020-04-26,17,7,37,839,422,417,422,417
2020-04-27,18,1,36,930,465,465,465,465
2020-04-28,18,2,36,746,375,371,375,371
2020-04-29,18,3,36,1326,679,647,679,647
2020-04-30,18,4,36,807,394,413,394,413
2020-05-01,18,5,38,388,189,199,189,199
2020-05-02,18,6,37,744,362,382,362,382
2020-05-03,18,7,37,1024,542,482,542,482
2020-05-04,19,1,32,1360,704,656,704,656
2020-05-05,19,2,32,1369,676,693,676,693
2020-05-06,19,3,32,1456,741,715,741,715
2020-05-07,19,4,32,1599,817,782,817,782
2020-05-08,19,5,34,1246,629,617,629,617
2020-05-09,19,6,33,1338,649,689,649,689
2020-05-10,19,7,33,1044,533,511,533,511
2020-05-11,20,1,32,2002,1001,1001,1001,1001
2020-05-12,20,2,,2281,1158,1123,1158,1123
2020-05-13,20,3,,1628,833,795,833,795
2020-05-14,20,4,,2060,1017,1043,1017,1043
2020-05-15,20,5,,2071,991,1080,991,1080
2020-05-16,20,6,1,1828,903,925,903,925
2020-05-17,20,7,1,1628,819,809,819,809
2020-05-18,21,1,,2604,1306,1298,1306,1298
2020-05-19,21,2,,2881,1454,1427,1454,1427
2020-05-20,21,3,4,2647,1333,1314,1333,1314
2020-05-21,21,4,6,1750,877,873,877,873
2020-05-22,21,5,4,1973,987,986,987,986
2020-05-23,21,6,5,1125,549,576,549,576
2020-05-24,21,7,5,1512,782,730,782,730
2020-05-25,22,1,,2759,1398,1361,1398,1361
2020-05-26,22,2,,3108,1519,1589,1519,1589
2020-05-27,22,3,,2899,1397,1502,1397,1502
2020-05-28,22,4,,3016,1491,1525,1491,1525
2020-05-29,22,5,,2963,1456,1507,1456,1507
2020-05-30,22,6,1,1980,978,1002,978,1002
2020-05-31,22,7,1,1669,833,836,833,836
2020-06-01,23,1,2,1761,890,871,890,871
2020-06-02,23,2,,3455,1766,1689,1766,1689
2020-06-03,23,3,,2690,1306,1384,1306,1384
2020-06-04,23,4,,2160,1045,1115,1045,1115
2020-06-05,23,5,,2534,1255,1279,1255,1279
2020-06-06,23,6,1,2272,1121,1151,1121,1151
2020-06-07,23,7,1,1135,512,623,512,623
2020-06-08,24,1,,593,64,529,64,529
2020-06-09,24,2,,2162,1055,1107,1055,1107
2020-06-10,24,3,,2179,1062,1117,1062,1117
2020-06-11,24,4,,3254,1581,1673,1581,1673
2020-06-12,24,5,,2987,1491,1496,1491,1496
2020-06-13,24,6,1,1297,621,676,621,676
2020-06-14,24,7,1,1839,861,978,861,978
2020-06-15,25,1,,3132,1536,1596,1536,1596
2020-06-16,25,2,,3435,1726,1709,1726,1709
2020-06-17,25,3,,3141,1564,1577,1564,1577
2020-06-18,25,4,,3409,1675,1734,1675,1734
2020-06-19,25,5,,3206,1628,1578,1628,1578
2020-06-20,25,6,1,2108,1027,1081,1027,1081
2020-06-21,25,7,1,1713,819,894,819,894
2020-06-22,26,1,,3458,1729,1729,1729,1729
2020-06-23,26,2,,3953,1952,2001,1952,2001
2020-06-24,26,3,,3754,1850,1904,1850,1904
2020-06-25,26,4,,3925,1981,1944,1981,1944
2020-06-26,26,5,,3680,1865,1815,1865,1815
2020-06-27,26,6,1,2071,1021,1050,1021,1050
2020-06-28,26,7,1,1838,885,953,885,953
2020-06-29,27,1,,3444,1695,1749,1695,1749
2020-06-30,27,2,,4120,2076,2044,2076,2044
2020-07-01,27,3,,3519,1752,1767,1752,1767
2020-07-02,27,4,,3778,1917,1861,1917,1861
2020-07-03,27,5,,3382,1665,1717,1665,1717
2020-07-04,27,6,5,2167,1044,1123,1044,1123
2020-07-05,27,7,5,1738,857,881,857,881
2020-07-06,28,1,4,3310,1650,1660,1650,1660
2020-07-07,28,2,4,3679,1842,1837,1842,1837
2020-07-08,28,3,4,3639,1823,1816,1823,1816
2020-07-09,28,4,4,3659,1840,1819,1840,1819
2020-07-10,28,5,4,3134,1590,1544,1590,1544
2020-07-11,28,6,5,1645,802,843,802,843
2020-07-12,28,7,5,1517,768,749,768,749
2020-07-13,29,1,4,1903,944,959,944,959
2020-07-14,29,2,6,1553,765,788,765,788
2020-07-15,29,3,4,3111,1572,1539,1572,1539
2020-07-16,29,4,4,3225,1597,1628,1597,1628
2020-07-17,29,5,4,2985,1503,1482,1503,1482
2020-07-18,29,6,5,1756,910,846,910,846
2020-07-19,29,7,5,1606,769,837,769,837
2020-07-20,30,1,4,2931,1466,1465,1466,1465
2020-07-21,30,2,4,3234,1614,1620,1614,1620
2020-07-22,30,3,4,2732,1359,1373,1359,1373
2020-07-23,30,4,4,3359,1667,1692,1667,1692
2020-07-24,30,5,4,2907,1468,1439,1468,1439
2020-07-25,30,6,5,1755,855,900,855,900
2020-07-26,30,7,5,1450,707,743,707,743
2020-07-27,31,1,4,2751,1372,1379,1372,1379
2020-07-28,31,2,4,3016,1524,1492,1524,1492
2020-07-29,31,3,4,2865,1452,1413,1452,1413
2020-07-30,31,4,4,2908,1475,1433,1475,1433
2020-07-31,31,5,4,2419,1217,1202,1217,1202
2020-08-01,31,6,5,1511,749,762,749,762
2020-08-02,31,7,5,1420,684,736,684,736
2020-08-03,32,1,4,1977,1004,973,1004,973
2020-08-04,32,2,4,2571,1293,1278,1293,1278
2020-08-05,32,3,4,2669,1337,1332,1337,1332
2020-08-06,32,4,4,2609,1301,1308,1301,1308
2020-08-07,32,5,4,2310,1148,1162,1148,1162
2020-08-08,32,6,5,1388,717,671,717,671
2020-08-09,32,7,5,1254,611,643,611,643
2020-08-10,33,1,4,2047,1049,998,1049,998
2020-08-11,33,2,4,2269,1122,1147,1122,1147
2020-08-12,33,3,4,2211,1095,1116,1095,1116
2020-08-13,33,4,4,1961,968,993,968,993
2020-08-14,33,5,4,2031,1039,992,1039,992
2020-08-15,33,6,7,1374,694,680,694,680
2020-08-16,33,7,5,1310,637,673,637,673
2020-08-17,34,1,4,2225,1089,1136,1089,1136
2020-08-18,34,2,4,2853,1439,1414,1439,1414
2020-08-19,34,3,4,2669,1330,1339,1330,1339
2020-08-20,34,4,4,2687,1349,1338,1349,1338
2020-08-21,34,5,4,2475,1270,1205,1270,1205
2020-08-22,34,6,5,1633,831,802,831,802
2020-08-23,34,7,5,1549,729,820,729,820
2020-08-24,35,1,4,2938,1484,1454,1484,1454
2020-08-25,35,2,4,3390,1698,1692,1698,1692
2020-08-26,35,3,4,3195,1620,1575,1620,1575
2020-08-27,35,4,4,3515,1781,1734,1781,1734
2020-08-28,35,5,4,2259,1102,1157,1102,1157
2020-08-29,35,6,5,835,411,424,411,424
2020-08-30,35,7,5,1307,634,673,634,673
2020-08-31,36,1,4,3439,1711,1728,1711,1728
2020-09-01,36,2,,4301,2147,2154,2147,2154
2020-09-02,36,3,,4384,2183,2201,2183,2201
2020-09-03,36,4,,4413,2191,2222,2191,2222
2020-09-04,36,5,,4170,2073,2097,2073,2097
2020-09-05,36,6,1,2284,1099,1185,1099,1185
2020-09-06,36,7,1,1912,944,968,944,968
2020-09-07,37,1,,4108,2090,2018,2090,2018
2020-09-08,37,2,,4785,2394,2391,2394,2391
2020-09-09,37,3,,4553,2279,2274,2279,2274
2020-09-10,37,4,,4830,2423,2407,2423,2407
2020-09-11,37,5,,4305,2204,2101,2204,2101
2020-09-12,37,6,1,2525,1231,1294,1231,1294
2020-09-13,37,7,1,2144,1048,1096,1048,1096
2020-09-14,38,1,,4513,2293,2220,2293,2220
2020-09-15,38,2,,5147,2623,2524,2623,2524
2020-09-16,38,3,,5203,2603,2600,2603,2600
2020-09-17,38,4,,5150,2589,2561,2589,2561
2020-09-18,38,5,,4684,2340,2344,2340,2344
2020-09-19,38,6,1,2581,1308,1273,1308,1273
2020-09-20,38,7,1,1918,889,1029,889,1029
2020-09-21,39,1,,4139,2059,2080,2059,2080
2020-09-22,39,2,,4501,2226,2275,2226,2275
2020-09-23,39,3,,4995,2453,2542,2453,2542
2020-09-24,39,4,,4264,2143,2121,2143,2121
2020-09-25,39,5,,3183,1575,1608,1575,1608
2020-09-26,39,6,1,1523,742,781,742,781
2020-09-27,39,7,1,1404,653,751,653,751
2020-09-28,40,1,,3630,1837,1793,1837,1793
2020-09-29,40,2,,4595,2307,2288,2307,2288
2020-09-30,40,3,,4837,2423,2414,2423,2414
2020-10-01,40,4,,4355,2174,2181,2174,2181
2020-10-02,40,5,,2790,1417,1373,1417,1373
2020-10-03,40,6,1,2043,985,1058,985,1058
2020-10-04,40,7,1,1575,746,829,746,829
2020-10-05,41,1,,3817,1921,1896,1921,1896
2020-10-06,41,2,,3601,1797,1804,1797,1804
2020-10-07,41,3,,4460,2261,2199,2261,2199
2020-10-08,41,4,,4804,2411,2393,2411,2393
2020-10-09,41,5,,4406,2239,2167,2239,2167
2020-10-10,41,6,1,1720,817,903,817,903
2020-10-11,41,7,1,1596,755,841,755,841
2020-10-12,42,1,,4036,2045,1991,2045,1991
2020-10-13,42,2,,4507,2256,2251,2256,2251
2020-10-14,42,3,,4187,2083,2104,2083,2104
2020-10-15,42,4,,3752,1868,1884,1868,1884
2020-10-16,42,5,,3530,1765,1765,1765,1765
2020-10-17,42,6,5,2034,982,1052,982,1052
2020-10-18,42,7,5,1594,794,800,794,800
2020-10-19,43,1,4,3376,1677,1699,1677,1699
2020-10-20,43,2,4,3622,1787,1835,1787,1835
2020-10-21,43,3,4,3360,1682,1678,1682,1678
2020-10-22,43,4,4,3128,1580,1548,1580,1548
2020-10-23,43,5,4,2210,1106,1104,1106,1104
2020-10-24,43,6,5,1816,903,913,903,913
2020-10-25,43,7,5,1663,789,874,789,874
2020-10-26,44,1,4,1901,954,947,954,947
2020-10-27,44,2,4,2880,1449,1431,1449,1431
2020-10-28,44,3,4,2890,1407,1483,1407,1483
2020-10-29,44,4,4,3272,1622,1650,1622,1650
2020-10-30,44,5,36,2127,1084,1043,1084,1043
2020-10-31,44,6,5,1323,628,695,628,695
2020-11-01,44,7,39,1361,675,686,675,686
2020-11-02,45,1,32,2908,1469,1439,1469,1439
2020-11-03,45,2,32,2571,1310,1261,1310,1261
2020-11-04,45,3,32,2605,1306,1299,1306,1299
2020-11-05,45,4,32,2892,1459,1433,1459,1433
2020-11-06,45,5,32,2964,1479,1485,1479,1485
2020-11-07,45,6,33,1757,864,893,864,893
2020-11-08,45,7,33,1349,675,674,675,674
2020-11-09,46,1,32,2858,1441,1417,1441,1417
2020-11-10,46,2,32,3175,1594,1581,1594,1581
2020-11-11,46,3,34,1607,805,802,805,802
2020-11-12,46,4,32,3216,1622,1594,1622,1594
2020-11-13,46,5,32,2926,1455,1471,1455,1471
2020-11-14,46,6,33,2047,1006,1041,1006,1041
2020-11-15,46,7,33,1790,882,908,882,908
2020-11-16,47,1,32,2684,1352,1332,1352,1332
2020-11-17,47,2,32,3262,1611,1651,1611,1651
2020-11-18,47,3,32,3050,1526,1524,1526,1524
2020-11-19,47,4,32,2697,1378,1319,1378,1319
2020-11-20,47,5,32,2765,1402,1363,1402,1363
2020-11-21,47,6,33,1935,956,979,956,979
2020-11-22,47,7,33,1833,883,950,883,950
2020-11-23,48,1,32,2781,1361,1420,1361,1420
2020-11-24,48,2,32,3139,1592,1547,1592,1547
2020-11-25,48,3,32,2872,1467,1405,1467,1405
2020-11-26,48,4,32,3035,1504,1531,1504,1531
2020-11-27,48,5,32,2990,1518,1472,1518,1472
2020-11-28,48,6,33,1971,946,1025,946,1025
2020-11-29,48,7,33,1423,691,732,691,732
2020-11-30,49,1,32,2884,1447,1437,1397,94,50,1343
2020-12-01,49,2,32,2453,1238,1215,1194,92,44,1123
2020-12-02,49,3,32,2620,1291,1329,1241,118,50,1211
2020-12-03,49,4,32,3194,1618,1576,1560,121,58,1455
2020-12-04,49,5,32,1923,955,968,921,85,34,883
2020-12-05,49,6,33,1258,578,680,546,94,32,586
2020-12-06,49,7,33,1178,563,615,517,80,46,535
2020-12-07,50,1,32,2566,1253,1313,1221,88,32,1225
2020-12-08,50,2,32,2993,1484,1509,1429,127,55,1382
2020-12-09,50,3,32,2311,1163,1148,1126,97,37,1051
2020-12-10,50,4,32,3038,1512,1526,1475,116,37,1410
2020-12-11,50,5,32,2462,1219,1243,1173,92,46,1151
2020-12-12,50,6,33,994,460,534,436,74,24,460
2020-12-13,50,7,33,1274,622,652,581,87,41,565
2020-12-14,51,1,32,2821,1412,1409,1359,95,53,1314
2020-12-15,51,2,32,2862,1414,1448,1372,93,42,1355
2020-12-16,51,3,,3207,1629,1578,1556,110,73,1468
2020-12-17,51,4,,3059,1549,1510,1503,116,46,1394
2020-12-18,51,5,,2856,1403,1453,1339,116,64,1337
2020-12-19,51,6,5,1647,826,821,771,85,55,736
2020-12-20,51,7,5,946,463,483,434,68,29,415
2020-12-21,52,1,4,1853,927,926,873,80,54,846
2020-12-22,52,2,4,2246,1098,1148,1049,92,49,1056
2020-12-23,52,3,4,1898,934,964,897,86,37,878
2020-12-24,52,4,4,1194,604,590,571,53,33,537
2020-12-25,52,5,6,246,128,118,119,25,9,93
2020-12-26,52,6,5,755,366,389,338,53,28,336
2020-12-27,52,7,5,757,362,395,336,56,26,339
2020-12-28,53,1,4,1162,571,591,542,55,29,536
