date,week,dow,status,total,in,out,101000563,102000563,353244122,353244129
2009-04-29,18,3,,524,264,260,264,260
2009-04-30,18,4,,1,1,0,1,0
2009-05-01,18,5,2,0,0,0,0,0
2009-05-02,18,6,1,0,0,0,0,0
2009-05-03,18,7,1,0,0,0,0,0
2009-05-04,19,1,,0,0,0,0,0
2009-05-05,19,2,,0,0,0,0,0
2009-05-06,19,3,,0,0,0,0,0
2009-05-07,19,4,,0,0,0,0,0
2009-05-08,19,5,2,0,0,0,0,0
2009-05-09,19,6,1,0,0,0,0,0
2009-05-10,19,7,1,0,0,0,0,0
2009-05-11,20,1,,0,0,0,0,0
2009-05-12,20,2,,0,0,0,0,0
2009-05-13,20,3,,0,0,0,0,0
2009-05-14,20,4,,0,0,0,0,0
2009-05-15,20,5,,0,0,0,0,0
2009-05-16,20,6,1,0,0,0,0,0
2009-05-17,20,7,1,0,0,0,0,0
2009-05-18,21,1,,0,0,0,0,0
2009-05-19,21,2,,0,0,0,0,0
2009-05-20,21,3,,0,0,0,0,0
2009-05-21,21,4,2,0,0,0,0,0
2009-05-22,21,5,,0,0,0,0,0
2009-05-23,21,6,1,0,0,0,0,0
2009-05-24,21,7,1,0,0,0,0,0
2009-05-25,22,1,,0,0,0,0,0
2009-05-26,22,2,,497,225,272,225,272
2009-05-27,22,3,,0,0,0,0,0
2009-05-28,22,4,,0,0,0,0,0
2009-05-29,22,5,,0,0,0,0,0
2009-05-30,22,6,1,0,0,0,0,0
2009-05-31,22,7,1,284,140,144,140,144
2009-06-01,23,1,2,0,0,0,0,0
2009-06-02,23,2,,0,0,0,0,0
2009-06-03,23,3,,0,0,0,0,0
2009-06-04,23,4,,0,0,0,0,0
2009-06-05,23,5,,0,0,0,0,0
2009-06-06,23,6,1,0,0,0,0,0
2009-06-07,23,7,1,0,0,0,0,0
2009-06-08,24,1,,0,0,0,0,0
2009-06-09,24,2,,0,0,0,0,0
2009-06-10,24,3,,0,0,0,0,0
2009-06-11,24,4,,0,0,0,0,0
2009-06-12,24,5,,0,0,0,0,0
2009-06-13,24,6,1,0,0,0,0,0
2009-06-14,24,7,1,0,0,0,0,0
2009-06-15,25,1,,0,0,0,0,0
2009-06-16,25,2,,0,0,0,0,0
2009-06-17,25,3,,570,288,282,288,282
2009-06-18,25,4,,727,357,370,357,370
2009-06-19,25,5,,528,265,263,265,263
2009-06-20,25,6,1,420,199,221,199,221
2009-06-21,25,7,1,351,177,174,177,174
2009-06-22,26,1,,699,357,342,357,342
2009-06-23,26,2,,713,355,358,355,358
2009-06-24,26,3,,845,400,445,400,445
2009-06-25,26,4,,800,397,403,397,403
2009-06-26,26,5,,526,253,273,253,273
2009-06-27,26,6,1,286,142,144,142,144
2009-06-28,26,7,1,0,0,0,0,0
2009-06-29,27,1,,730,359,371,359,371
2009-06-30,27,2,,772,389,383,389,383
2009-07-01,27,3,,735,363,372,363,372
2009-07-02,27,4,4,751,365,386,365,386
2009-07-03,27,5,4,581,302,279,302,279
2009-07-04,27,6,5,381,187,194,187,194
2009-07-05,27,7,5,314,164,150,164,150
2009-07-06,28,1,4,662,321,341,321,341
2009-07-07,28,2,4,682,350,332,350,332
2009-07-08,28,3,4,611,300,311,300,311
2009-07-09,28,4,4,662,338,324,338,324
2009-07-10,28,5,4,588,281,307,281,307
2009-07-11,28,6,5,351,170,181,170,181
2009-07-12,28,7,5,375,188,187,188,187
2009-07-13,29,1,4,463,236,227,236,227
2009-07-14,29,2,6,356,178,178,178,178
2009-07-15,29,3,4,482,221,261,221,261
2009-07-16,29,4,4,611,302,309,302,309
2009-07-17,29,5,4,219,101,118,101,118
2009-07-18,29,6,5,184,82,102,82,102
2009-07-19,29,7,5,479,223,256,223,256
2009-07-20,30,1,4,627,314,313,314,313
2009-07-21,30,2,4,606,302,304,302,304
2009-07-22,30,3,4,467,230,237,230,237
2009-07-23,30,4,4,395,197,198,197,198
2009-07-24,30,5,4,492,244,248,244,248
2009-07-25,30,6,5,397,172,225,172,225
2009-07-26,30,7,5,336,167,169,167,169
2009-07-27,31,1,4,532,254,278,254,278
2009-07-28,31,2,4,555,282,273,282,273
2009-07-29,31,3,4,606,305,301,305,301
2009-07-30,31,4,4,558,272,286,272,286
2009-07-31,31,5,4,461,231,230,231,230
2009-08-01,31,6,5,322,156,166,156,166
2009-08-02,31,7,5,354,204,150,204,150
2009-08-03,32,1,4,326,157,169,157,169
2009-08-04,32,2,4,572,269,303,269,303
2009-08-05,32,3,4,543,257,286,257,286
2009-08-06,32,4,4,492,251,241,251,241
2009-08-07,32,5,4,435,211,224,211,224
2009-08-08,32,6,5,275,144,131,144,131
2009-08-09,32,7,5,172,88,84,88,84
2009-08-10,33,1,4,251,116,135,116,135
2009-08-11,33,2,4,518,250,268,250,268
2009-08-12,33,3,4,487,249,238,249,238
2009-08-13,33,4,4,489,239,250,239,250
2009-08-14,33,5,4,390,186,204,186,204
2009-08-15,33,6,7,323,161,162,161,162
2009-08-16,33,7,5,275,138,137,138,137
2009-08-17,34,1,4,513,239,274,239,274
2009-08-18,34,2,4,552,272,280,272,280
2009-08-19,34,3,4,462,220,242,220,242
2009-08-20,34,4,4,479,238,241,238,241
2009-08-21,34,5,4,406,196,210,196,210
2009-08-22,34,6,5,315,151,164,151,164
2009-08-23,34,7,5,336,161,175,161,175
2009-08-24,35,1,4,470,234,236,234,236
2009-08-25,35,2,4,314,157,157,157,157
2009-08-26,35,3,4,482,242,240,242,240
2009-08-27,35,4,4,603,292,311,292,311
2009-08-28,35,5,4,511,244,267,244,267
2009-08-29,35,6,5,357,168,189,168,189
2009-08-30,35,7,5,460,221,239,221,239
2009-08-31,36,1,4,658,323,335,323,335
2009-09-01,36,2,4,744,360,384,360,384
2009-09-02,36,3,,469,226,243,226,243
2009-09-03,36,4,,597,290,307,290,307
2009-09-04,36,5,,463,227,236,227,236
2009-09-05,36,6,1,440,212,228,212,228
2009-09-06,36,7,1,578,255,323,255,323
2009-09-07,37,1,,715,353,362,353,362
2009-09-08,37,2,,707,350,357,350,357
2009-09-09,37,3,,782,374,408,374,408
2009-09-10,37,4,,717,348,369,348,369
2009-09-11,37,5,,647,330,317,330,317
2009-09-12,37,6,1,495,217,278,217,278
2009-09-13,37,7,1,504,240,264,240,264
2009-09-14,38,1,,516,252,264,252,264
2009-09-15,38,2,,420,209,211,209,211
2009-09-16,38,3,,435,212,223,212,223
2009-09-17,38,4,,577,286,291,286,291
2009-09-18,38,5,,552,281,271,281,271
2009-09-19,38,6,1,487,243,244,243,244
2009-09-20,38,7,1,292,142,150,142,150
2009-09-21,39,1,,563,258,305,258,305
2009-09-22,39,2,,662,309,353,309,353
2009-09-23,39,3,,736,354,382,354,382
2009-09-24,39,4,,680,329,351,329,351
2009-09-25,39,5,,580,284,296,284,296
2009-09-26,39,6,1,465,234,231,234,231
2009-09-27,39,7,1,533,251,282,251,282
2009-09-28,40,1,,623,314,309,314,309
2009-09-29,40,2,,593,300,293,300,293
2009-09-30,40,3,,803,404,399,404,399
2009-10-01,40,4,,751,371,380,371,380
2009-10-02,40,5,,801,379,422,379,422
2009-10-03,40,6,1,453,214,239,214,239
2009-10-04,40,7,1,481,234,247,234,247
2009-10-05,41,1,,618,309,309,309,309
2009-10-06,41,2,,627,312,315,312,315
2009-10-07,41,3,,759,364,395,364,395
2009-10-08,41,4,,263,133,130,133,130
2009-10-09,41,5,,395,199,196,199,196
2009-10-10,41,6,1,215,103,112,103,112
2009-10-11,41,7,1,472,238,234,238,234
2009-10-12,42,1,,315,152,163,152,163
2009-10-13,42,2,,512,251,261,251,261
2009-10-14,42,3,,546,261,285,261,285
2009-10-15,42,4,,445,229,216,229,216
2009-10-16,42,5,,415,212,203,212,203
2009-10-17,42,6,1,231,112,119,112,119
2009-10-18,42,7,1,266,131,135,131,135
2009-10-19,43,1,,484,233,251,233,251
2009-10-20,43,2,,466,220,246,220,246
2009-10-21,43,3,,378,184,194,184,194
2009-10-22,43,4,,406,193,213,193,213
2009-10-23,43,5,,233,122,111,122,111
2009-10-24,43,6,5,409,199,210,199,210
2009-10-25,43,7,5,365,185,180,185,180
2009-10-26,44,1,4,536,263,273,263,273
2009-10-27,44,2,4,533,254,279,254,279
2009-10-28,44,3,4,550,276,274,276,274
2009-10-29,44,4,4,488,245,243,245,243
2009-10-30,44,5,4,453,231,222,231,222
2009-10-31,44,6,5,306,155,151,155,151
2009-11-01,44,7,7,331,149,182,149,182
2009-11-02,45,1,4,172,83,89,83,89
2009-11-03,45,2,4,187,86,101,86,101
2009-11-04,45,3,4,268,133,135,133,135
2009-11-05,45,4,,390,204,186,204,186
2009-11-06,45,5,,340,164,176,164,176
2009-11-07,45,6,1,114,48,66,48,66
2009-11-08,45,7,1,187,90,97,90,97
2009-11-09,46,1,,242,124,118,124,118
2009-11-10,46,2,,336,164,172,164,172
2009-11-11,46,3,2,300,149,151,149,151
2009-11-12,46,4,,367,194,173,194,173
2009-11-13,46,5,,370,177,193,177,193
2009-11-14,46,6,1,261,138,123,138,123
2009-11-15,46,7,1,337,166,171,166,171
2009-11-16,47,1,,485,242,243,242,243
2009-11-17,47,2,,565,272,293,272,293
2009-11-18,47,3,,573,281,292,281,292
2009-11-19,47,4,,454,229,225,229,225
2009-11-20,47,5,,452,223,229,223,229
2009-11-21,47,6,1,309,138,171,138,171
2009-11-22,47,7,1,93,37,56,37,56
2009-11-23,48,1,,361,185,176,185,176
2009-11-24,48,2,,293,145,148,145,148
2009-11-25,48,3,,464,224,240,224,240
2009-11-26,48,4,,369,181,188,181,188
2009-11-27,48,5,,335,173,162,173,162
2009-11-28,48,6,1,336,178,158,178,158
2009-11-29,48,7,1,103,52,51,52,51
2009-11-30,49,1,,118,57,61,57,61
2009-12-01,49,2,,252,125,127,125,127
2009-12-02,49,3,,409,210,199,210,199
2009-12-03,49,4,,250,126,124,126,124
2009-12-04,49,5,,209,97,112,97,112
2009-12-05,49,6,1,236,103,133,103,133
2009-12-06,49,7,1,130,63,67,63,67
2009-12-07,50,1,,198,98,100,98,100
2009-12-08,50,2,,308,159,149,159,149
2009-12-09,50,3,,418,210,208,210,208
2009-12-10,50,4,,375,188,187,188,187
2009-12-11,50,5,,319,157,162,157,162
2009-12-12,50,6,1,140,65,75,65,75
2009-12-13,50,7,1,108,52,56,52,56
2009-12-14,51,1,,304,151,153,151,153
2009-12-15,51,2,,254,129,125,129,125
2009-12-16,51,3,,260,132,128,132,128
2009-12-17,51,4,,222,117,105,117,105
2009-12-18,51,5,,167,82,85,82,85
2009-12-19,51,6,5,51,24,27,24,27
2009-12-20,51,7,5,27,15,12,15,12
2009-12-21,52,1,4,108,45,63,45,63
2009-12-22,52,2,4,177,90,87,90,87
2009-12-23,52,3,4,158,78,80,78,80
2009-12-24,52,4,4,85,38,47,38,47
2009-12-25,52,5,6,41,24,17,24,17
2009-12-26,52,6,5,114,47,67,47,67
2009-12-27,52,7,5,125,53,72,53,72
2009-12-28,53,1,4,110,56,54,56,54
2009-12-29,53,2,4,146,70,76,70,76
2009-12-30,53,3,4,131,55,76,55,76
2009-12-31,53,4,4,103,57,46,57,46
2010-01-01,53,5,6,21,9,12,9,12
2010-01-02,53,6,5,99,49,50,49,50
2010-01-03,53,7,5,69,32,37,32,37
2010-01-04,01,1,,138,76,62,76,62
2010-01-05,01,2,,163,82,81,82,81
2010-01-06,01,3,,206,100,106,100,106
2010-01-07,01,4,,202,96,106,96,106
2010-01-08,01,5,,104,55,49,55,49
2010-01-09,01,6,1,42,26,16,26,16
2010-01-10,01,7,1,33,21,12,21,12
2010-01-11,02,1,,154,85,69,85,69
2010-01-12,02,2,,156,74,82,74,82
2010-01-13,02,3,,113,54,59,54,59
2010-01-14,02,4,,183,90,93,90,93
2010-01-15,02,5,,136,67,69,67,69
2010-01-16,02,6,1,72,33,39,33,39
2010-01-17,02,7,1,56,27,29,27,29
2010-01-18,03,1,,257,124,133,124,133
2010-01-19,03,2,,294,138,156,138,156
2010-01-20,03,3,,189,96,93,96,93
2010-01-21,03,4,,201,101,100,101,100
2010-01-22,03,5,,246,122,124,122,124
2010-01-23,03,6,1,170,67,103,67,103
2010-01-24,03,7,1,131,63,68,63,68
2010-01-25,04,1,,197,93,104,93,104
2010-01-26,04,2,,229,122,107,122,107
2010-01-27,04,3,,251,117,134,117,134
2010-01-28,04,4,,231,111,120,111,120
2010-01-29,04,5,,208,109,99,109,99
2010-01-30,04,6,1,122,60,62,60,62
2010-01-31,04,7,1,192,103,89,103,89
2010-02-01,05,1,,263,134,129,134,129
2010-02-02,05,2,,217,107,110,107,110
2010-02-03,05,3,,360,165,195,165,195
2010-02-04,05,4,,306,145,161,145,161
2010-02-05,05,5,,169,77,92,77,92
2010-02-06,05,6,1,0,0,0,0,0
2010-02-07,05,7,1,110,52,58,52,58
2010-02-08,06,1,,339,162,177,162,177
2010-02-09,06,2,,144,67,77,67,77
2010-02-10,06,3,,177,87,90,87,90
2010-02-11,06,4,,163,78,85,78,85
2010-02-12,06,5,,146,64,82,64,82
2010-02-13,06,6,5,86,38,48,38,48
2010-02-14,06,7,5,85,42,43,42,43
2010-02-15,07,1,4,308,138,170,138,170
2010-02-16,07,2,4,238,116,122,116,122
2010-02-17,07,3,4,143,68,75,68,75
2010-02-18,07,4,4,280,137,143,137,143
2010-02-19,07,5,4,68,35,33,35,33
2010-02-20,07,6,5,239,114,125,114,125
2010-02-21,07,7,5,228,113,115,113,115
2010-02-22,08,1,4,302,161,141,161,141
2010-02-23,08,2,4,164,77,87,77,87
2010-02-24,08,3,4,249,106,143,106,143
2010-02-25,08,4,4,225,118,107,118,107
2010-02-26,08,5,4,237,109,128,109,128
2010-02-27,08,6,5,256,142,114,142,114
2010-02-28,08,7,5,223,107,116,107,116
2010-03-01,09,1,,419,197,222,197,222
2010-03-02,09,2,,464,223,241,223,241
2010-03-03,09,3,,224,111,113,111,113
2010-03-04,09,4,,267,132,135,132,135
2010-03-05,09,5,,343,178,165,178,165
2010-03-06,09,6,1,253,112,141,112,141
2010-03-07,09,7,1,22,10,12,10,12
2010-03-08,10,1,,227,102,125,102,125
2010-03-09,10,2,,277,132,145,132,145
2010-03-10,10,3,,294,154,140,154,140
2010-03-11,10,4,,256,119,137,119,137
2010-03-12,10,5,,292,147,145,147,145
2010-03-13,10,6,1,305,135,170,135,170
2010-03-14,10,7,1,324,161,163,161,163
2010-03-15,11,1,,353,173,180,173,180
2010-03-16,11,2,,479,252,227,252,227
2010-03-17,11,3,,568,275,293,275,293
2010-03-18,11,4,,430,219,211,219,211
2010-03-19,11,5,,460,215,245,215,245
2010-03-20,11,6,1,392,192,200,192,200
2010-03-21,11,7,1,0,0,0,0,0
2010-03-22,12,1,,368,172,196,172,196
2010-03-23,12,2,,657,318,339,318,339
2010-03-24,12,3,,694,347,347,347,347
2010-03-25,12,4,,463,234,229,234,229
2010-03-26,12,5,,214,102,112,102,112
2010-03-27,12,6,1,0,0,0,0,0
2010-03-28,12,7,1,267,121,146,121,146
2010-03-29,13,1,,498,251,247,251,247
2010-03-30,13,2,,250,119,131,119,131
2010-03-31,13,3,,411,199,212,199,212
2010-04-01,13,4,,238,117,121,117,121
2010-04-02,13,5,,497,241,256,241,256
2010-04-03,13,6,1,225,87,138,87,138
2010-04-04,13,7,1,184,80,104,80,104
2010-04-05,14,1,2,611,300,311,300,311
2010-04-06,14,2,,600,300,300,300,300
2010-04-07,14,3,,326,160,166,160,166
2010-04-08,14,4,,289,141,148,141,148
2010-04-09,14,5,,519,241,278,241,278
2010-04-10,14,6,5,368,181,187,181,187
2010-04-11,14,7,5,582,275,307,275,307
2010-04-12,15,1,4,234,102,132,102,132
2010-04-13,15,2,4,350,169,181,169,181
2010-04-14,15,3,4,581,272,309,272,309
2010-04-15,15,4,4,553,265,288,265,288
2010-04-16,15,5,4,406,197,209,197,209
2010-04-17,15,6,5,491,237,254,237,254
2010-04-18,15,7,5,515,245,270,245,270
2010-04-19,16,1,4,604,290,314,290,314
2010-04-20,16,2,4,652,333,319,333,319
2010-04-21,16,3,4,773,382,391,382,391
2010-04-22,16,4,4,632,317,315,317,315
2010-04-23,16,5,4,549,273,276,273,276
2010-04-24,16,6,5,545,281,264,281,264
2010-04-25,16,7,5,740,385,355,385,355
2010-04-26,17,1,,660,302,358,302,358
2010-04-27,17,2,,712,350,362,350,362
2010-04-28,17,3,,855,440,415,440,415
2010-04-29,17,4,,721,351,370,351,370
2010-04-30,17,5,,523,251,272,251,272
2010-05-01,17,6,3,165,77,88,77,88
2010-05-02,17,7,1,151,70,81,70,81
2010-05-03,18,1,,333,156,177,156,177
2010-05-04,18,2,,0,0,0,0,0
2010-05-05,18,3,,211,100,111,100,111
2010-05-06,18,4,,299,150,149,150,149
2010-05-07,18,5,,534,266,268,266,268
2010-05-08,18,6,3,426,205,221,205,221
2010-05-09,18,7,1,2,0,2,0,2
2010-05-10,19,1,,290,132,158,132,158
2010-05-11,19,2,,289,158,131,158,131
2010-05-12,19,3,,246,121,125,121,125
2010-05-13,19,4,2,211,101,110,101,110
2010-05-14,19,5,,195,85,110,85,110
2010-05-15,19,6,1,89,39,50,39,50
2010-05-16,19,7,1,292,134,158,134,158
2010-05-17,20,1,,500,249,251,249,251
2010-05-18,20,2,,0,0,0,0,0
2010-05-19,20,3,,0,0,0,0,0
2010-05-20,20,4,,718,362,356,362,356
2010-05-21,20,5,,1,0,1,0,1
2010-05-22,20,6,1,0,0,0,0,0
2010-05-23,20,7,1,0,0,0,0,0
2010-05-24,21,1,2,0,0,0,0,0
2010-05-25,21,2,,0,0,0,0,0
2010-05-26,21,3,,765,394,371,394,371
2010-05-27,21,4,,512,256,256,256,256
2010-05-28,21,5,,638,322,316,322,316
2010-05-29,21,6,1,615,314,301,314,301
2010-05-30,21,7,1,257,117,140,117,140
2010-05-31,22,1,,278,149,129,149,129
2010-06-01,22,2,,670,327,343,327,343
2010-06-02,22,3,,642,312,330,312,330
2010-06-03,22,4,,740,376,364,376,364
2010-06-04,22,5,,947,462,485,462,485
2010-06-05,22,6,1,576,273,303,273,303
2010-06-06,22,7,1,333,183,150,183,150
2010-06-07,23,1,,528,274,254,274,254
2010-06-08,23,2,,664,331,333,331,333
2010-06-09,23,3,,792,403,389,403,389
2010-06-10,23,4,,630,316,314,316,314
2010-06-11,23,5,,0,0,0,0,0
2010-06-12,23,6,1,383,183,200,183,200
2010-06-13,23,7,1,539,271,268,271,268
2010-06-14,24,1,,515,259,256,259,256
2010-06-15,24,2,,150,76,74,76,74
2010-06-16,24,3,,249,128,121,128,121
2010-06-17,24,4,,262,129,133,129,133
2010-06-18,24,5,,477,232,245,232,245
2010-06-19,24,6,1,219,89,130,89,130
2010-06-20,24,7,1,98,48,50,48,50
2010-06-21,25,1,,386,185,201,185,201
2010-06-22,25,2,,504,252,252,252,252
2010-06-23,25,3,,787,390,397,390,397
2010-06-24,25,4,,730,362,368,362,368
2010-06-25,25,5,,646,316,330,316,330
2010-06-26,25,6,1,489,236,253,236,253
2010-06-27,25,7,1,414,208,206,208,206
2010-06-28,26,1,,581,295,286,295,286
2010-06-29,26,2,,714,385,329,385,329
2010-06-30,26,3,,687,340,347,340,347
2010-07-01,26,4,,714,343,371,343,371
2010-07-02,26,5,4,571,282,289,282,289
2010-07-03,26,6,5,305,155,150,155,150
2010-07-04,26,7,5,299,149,150,149,150
2010-07-05,27,1,4,0,0,0,0,0
2010-07-06,27,2,4,589,265,324,265,324
2010-07-07,27,3,4,705,361,344,361,344
2010-07-08,27,4,4,656,342,314,342,314
2010-07-09,27,5,4,548,275,273,275,273
2010-07-10,27,6,5,288,150,138,150,138
2010-07-11,27,7,5,285,141,144,141,144
2010-07-12,28,1,4,559,267,292,267,292
2010-07-13,28,2,4,562,277,285,277,285
2010-07-14,28,3,6,359,181,178,181,178
2010-07-15,28,4,4,564,275,289,275,289
2010-07-16,28,5,4,507,248,259,248,259
2010-07-17,28,6,5,308,150,158,150,158
2010-07-18,28,7,5,412,268,144,268,144
2010-07-19,29,1,4,531,270,261,270,261
2010-07-20,29,2,4,616,302,314,302,314
2010-07-21,29,3,4,584,296,288,296,288
2010-07-22,29,4,4,353,186,167,186,167
2010-07-23,29,5,4,263,124,139,124,139
2010-07-24,29,6,5,382,197,185,197,185
2010-07-25,29,7,5,324,145,179,145,179
2010-07-26,30,1,4,487,228,259,228,259
2010-07-27,30,2,4,546,267,279,267,279
2010-07-28,30,3,4,597,286,311,286,311
2010-07-29,30,4,4,314,160,154,160,154
2010-07-30,30,5,4,494,255,239,255,239
2010-07-31,30,6,5,420,206,214,206,214
2010-08-01,30,7,5,335,166,169,166,169
2010-08-02,31,1,4,336,159,177,159,177
2010-08-03,31,2,4,334,167,167,167,167
2010-08-04,31,3,4,1,1,0,1,0
2010-08-05,31,4,4,182,83,99,83,99
2010-08-06,31,5,4,412,211,201,211,201
2010-08-07,31,6,5,389,192,197,192,197
2010-08-08,31,7,5,338,178,160,178,160
2010-08-09,32,1,4,489,229,260,229,260
2010-08-10,32,2,4,527,253,274,253,274
2010-08-11,32,3,4,469,234,235,234,235
2010-08-12,32,4,4,398,193,205,193,205
2010-08-13,32,5,4,509,238,271,238,271
2010-08-14,32,6,5,250,129,121,129,121
2010-08-15,32,7,7,186,86,100,86,100
2010-08-16,33,1,4,189,98,91,98,91
2010-08-17,33,2,4,531,258,273,258,273
2010-08-18,33,3,4,515,266,249,266,249
2010-08-19,33,4,4,576,288,288,288,288
2010-08-20,33,5,4,259,124,135,124,135
2010-08-21,33,6,5,366,195,171,195,171
2010-08-22,33,7,5,260,121,139,121,139
2010-08-23,34,1,4,585,285,300,285,300
2010-08-24,34,2,4,459,234,225,234,225
2010-08-25,34,3,4,685,347,338,347,338
2010-08-26,34,4,4,636,329,307,329,307
2010-08-27,34,5,4,416,207,209,207,209
2010-08-28,34,6,5,305,147,158,147,158
2010-08-29,34,7,5,536,275,261,275,261
2010-08-30,35,1,4,495,253,242,253,242
2010-08-31,35,2,4,702,354,348,354,348
2010-09-01,35,3,4,825,401,424,401,424
2010-09-02,35,4,,693,333,360,333,360
2010-09-03,35,5,,703,388,315,388,315
2010-09-04,35,6,1,588,295,293,295,293
2010-09-05,35,7,1,454,213,241,213,241
2010-09-06,36,1,,693,334,359,334,359
2010-09-07,36,2,,280,133,147,133,147
2010-09-08,36,3,,653,329,324,329,324
2010-09-09,36,4,,608,307,301,307,301
2010-09-10,36,5,,642,301,341,301,341
2010-09-11,36,6,1,588,282,306,282,306
2010-09-12,36,7,1,612,333,279,333,279
2010-09-13,37,1,,535,260,275,260,275
2010-09-14,37,2,,616,302,314,302,314
2010-09-15,37,3,,794,397,397,397,397
2010-09-16,37,4,,516,263,253,263,253
2010-09-17,37,5,,287,136,151,136,151
2010-09-18,37,6,1,95,46,49,46,49
2010-09-19,37,7,1,419,205,214,205,214
2010-09-20,38,1,,649,326,323,326,323
2010-09-21,38,2,,670,329,341,329,341
2010-09-22,38,3,,823,402,421,402,421
2010-09-23,38,4,,0,0,0,0,0
2010-09-24,38,5,,290,151,139,151,139
2010-09-25,38,6,1,142,87,55,87,55
2010-09-26,38,7,1,267,149,118,149,118
2010-09-27,39,1,,474,243,231,243,231
2010-09-28,39,2,,554,266,288,266,288
2010-09-29,39,3,,651,331,320,331,320
2010-09-30,39,4,,437,221,216,221,216
2010-10-01,39,5,,528,284,244,284,244
2010-10-02,39,6,1,453,222,231,222,231
2010-10-03,39,7,1,467,232,235,232,235
2010-10-04,40,1,,295,149,146,149,146
2010-10-05,40,2,,354,175,179,175,179
2010-10-06,40,3,,783,434,349,434,349
2010-10-07,40,4,,648,317,331,317,331
2010-10-08,40,5,,575,282,293,282,293
2010-10-09,40,6,1,430,190,240,190,240
2010-10-10,40,7,1,405,213,192,213,192
2010-10-11,41,1,,324,164,160,164,160
2010-10-12,41,2,,739,369,370,369,370
2010-10-13,41,3,,597,301,296,301,296
2010-10-14,41,4,,0,0,0,0,0
2010-10-15,41,5,,497,261,236,261,236
2010-10-16,41,6,1,193,104,89,104,89
2010-10-17,41,7,1,73,33,40,33,40
2010-10-18,42,1,,381,194,187,194,187
2010-10-19,42,2,,496,245,251,245,251
2010-10-20,42,3,,426,218,208,218,208
2010-10-21,42,4,,585,313,272,313,272
2010-10-22,42,5,,529,264,265,264,265
2010-10-23,42,6,5,383,185,198,185,198
2010-10-24,42,7,5,37,19,18,19,18
2010-10-25,43,1,4,156,73,83,73,83
2010-10-26,43,2,4,407,235,172,235,172
2010-10-27,43,3,4,468,250,218,250,218
2010-10-28,43,4,4,612,363,249,363,249
2010-10-29,43,5,4,483,240,243,240,243
2010-10-30,43,6,5,208,114,94,114,94
2010-10-31,43,7,5,106,57,49,57,49
2010-11-01,44,1,6,270,141,129,141,129
2010-11-02,44,2,4,286,152,134,152,134
2010-11-03,44,3,4,639,324,315,324,315
2010-11-04,44,4,,697,399,298,399,298
2010-11-05,44,5,,570,309,261,309,261
2010-11-06,44,6,1,458,261,197,261,197
2010-11-07,44,7,1,179,90,89,90,89
2010-11-08,45,1,,295,147,148,147,148
2010-11-09,45,2,,293,153,140,153,140
2010-11-10,45,3,,298,155,143,155,143
2010-11-11,45,4,2,330,175,155,175,155
2010-11-12,45,5,,127,65,62,65,62
2010-11-13,45,6,1,442,222,220,222,220
2010-11-14,45,7,1,301,163,138,163,138
2010-11-15,46,1,,245,123,122,123,122
2010-11-16,46,2,,244,129,115,129,115
2010-11-17,46,3,,246,129,117,129,117
2010-11-18,46,4,,268,142,126,142,126
2010-11-19,46,5,,114,58,56,58,56
2010-11-20,46,6,1,360,178,182,178,182
2010-11-21,46,7,1,244,132,112,132,112
2010-11-22,47,1,,345,171,174,171,174
2010-11-23,47,2,,342,177,165,177,165
2010-11-24,47,3,,350,181,169,181,169
2010-11-25,47,4,,392,208,184,208,184
2010-11-26,47,5,,140,72,68,72,68
2010-11-27,47,6,1,524,266,258,266,258
2010-11-28,47,7,1,358,194,164,194,164
2010-11-29,48,1,,294,146,148,146,148
2010-11-30,48,2,,291,151,140,151,140
2010-12-01,48,3,,296,153,143,153,143
2010-12-02,48,4,,319,170,149,170,149
2010-12-03,48,5,,127,65,62,65,62
2010-12-04,48,6,1,430,215,215,215,215
2010-12-05,48,7,1,296,160,136,160,136
2010-12-06,49,1,,302,151,151,151,151
2010-12-07,49,2,,298,157,141,157,141
2010-12-08,49,3,,303,159,144,159,144
2010-12-09,49,4,,348,186,162,186,162
2010-12-10,49,5,,127,65,62,65,62
2010-12-11,49,6,1,463,232,231,232,231
2010-12-12,49,7,1,310,169,141,169,141
2010-12-13,50,1,,270,136,134,136,134
2010-12-14,50,2,,269,141,128,141,128
2010-12-15,50,3,,271,139,132,139,132
2010-12-16,50,4,,292,153,139,153,139
2010-12-17,50,5,,122,63,59,63,59
2010-12-18,50,6,5,389,197,192,197,192
2010-12-19,50,7,5,265,143,122,143,122
2010-12-20,51,1,4,116,55,61,55,61
2010-12-21,51,2,4,112,59,53,59,53
2010-12-22,51,3,4,112,61,51,61,51
2010-12-23,51,4,4,138,74,64,74,64
2010-12-24,51,5,4,39,19,20,19,20
2010-12-25,51,6,7,182,90,92,90,92
2010-12-26,51,7,5,120,66,54,66,54
2010-12-27,52,1,4,106,56,50,56,50
2010-12-28,52,2,4,112,41,71,41,71
2010-12-29,52,3,4,137,68,69,68,69
2010-12-30,52,4,4,91,47,44,47,44
2010-12-31,52,5,4,124,57,67,57,67
2011-01-01,52,6,7,353,179,174,179,174
2011-01-02,52,7,5,26,15,11,15,11
2011-01-03,01,1,,356,184,172,184,172
2011-01-04,01,2,,372,145,227,145,227
2011-01-05,01,3,,477,240,237,240,237
2011-01-06,01,4,,289,151,138,151,138
2011-01-07,01,5,,431,201,230,201,230
2011-01-08,01,6,1,0,0,0,0,0
2011-01-09,01,7,1,0,0,0,0,0
2011-01-10,02,1,,373,193,180,193,180
2011-01-11,02,2,,392,148,244,148,244
2011-01-12,02,3,,506,254,252,254,252
2011-01-13,02,4,,303,157,146,157,146
2011-01-14,02,5,,455,211,244,211,244
2011-01-15,02,6,1,376,190,186,190,186
2011-01-16,02,7,1,26,15,11,15,11
2011-01-17,03,1,,373,193,180,193,180
2011-01-18,03,2,,397,148,249,148,249
2011-01-19,03,3,,507,254,253,254,253
2011-01-20,03,4,,304,158,146,158,146
2011-01-21,03,5,,459,212,247,212,247
2011-01-22,03,6,1,381,193,188,193,188
2011-01-23,03,7,1,26,15,11,15,11
2011-01-24,04,1,,373,193,180,193,180
2011-01-25,04,2,,397,148,249,148,249
2011-01-26,04,3,,507,254,253,254,253
2011-01-27,04,4,,304,158,146,158,146
2011-01-28,04,5,,459,212,247,212,247
2011-01-29,04,6,1,379,192,187,192,187
2011-01-30,04,7,1,26,15,11,15,11
2011-01-31,05,1,,405,209,196,209,196
2011-02-01,05,2,,421,156,265,156,265
2011-02-02,05,3,,551,276,275,276,275
2011-02-03,05,4,,323,166,157,166,157
2011-02-04,05,5,,492,227,265,227,265
2011-02-05,05,6,1,412,208,204,208,204
2011-02-06,05,7,1,26,15,11,15,11
2011-02-07,06,1,,498,258,240,258,240
2011-02-08,06,2,,520,196,324,196,324
2011-02-09,06,3,,668,335,333,335,333
2011-02-10,06,4,,401,208,193,208,193
2011-02-11,06,5,,599,277,322,277,322
2011-02-12,06,6,1,499,253,246,253,246
2011-02-13,06,7,1,31,16,15,16,15
2011-02-14,07,1,,374,194,180,194,180
2011-02-15,07,2,,397,148,249,148,249
2011-02-16,07,3,,511,258,253,258,253
2011-02-17,07,4,,304,158,146,158,146
2011-02-18,07,5,,460,212,248,212,248
2011-02-19,07,6,1,384,195,189,195,189
2011-02-20,07,7,1,26,15,11,15,11
2011-02-21,08,1,,373,193,180,193,180
2011-02-22,08,2,,392,148,244,148,244
2011-02-23,08,3,,506,254,252,254,252
2011-02-24,08,4,,303,157,146,157,146
2011-02-25,08,5,,455,211,244,211,244
2011-02-26,08,6,5,376,190,186,190,186
2011-02-27,08,7,5,26,15,11,15,11
2011-02-28,09,1,4,309,123,186,123,186
2011-03-01,09,2,4,285,135,150,135,150
2011-03-02,09,3,4,0,0,0,0,0
2011-03-03,09,4,4,407,188,219,188,219
2011-03-04,09,5,4,410,209,201,209,201
2011-03-05,09,6,5,374,180,194,180,194
2011-03-06,09,7,5,372,184,188,184,188
2011-03-07,10,1,4,524,246,278,246,278
2011-03-08,10,2,4,484,246,238,246,238
2011-03-09,10,3,4,603,270,333,270,333
2011-03-10,10,4,4,648,337,311,337,311
2011-03-11,10,5,4,590,280,310,280,310
2011-03-12,10,6,5,331,190,141,190,141
2011-03-13,10,7,5,187,99,88,99,88
2011-03-14,11,1,,529,255,274,255,274
2011-03-15,11,2,,427,202,225,202,225
2011-03-16,11,3,,599,218,381,218,381
2011-03-17,11,4,,186,88,98,88,98
2011-03-18,11,5,,379,199,180,199,180
2011-03-19,11,6,1,91,50,41,50,41
2011-03-20,11,7,1,331,160,171,160,171
2011-03-21,12,1,,543,265,278,265,278
2011-03-22,12,2,,0,0,0,0,0
2011-03-23,12,3,,761,384,377,384,377
2011-03-24,12,4,,649,310,339,310,339
2011-03-25,12,5,,663,296,367,296,367
2011-03-26,12,6,1,615,313,302,313,302
2011-03-27,12,7,1,158,98,60,98,60
2011-03-28,13,1,,310,160,150,160,150
2011-03-29,13,2,,511,248,263,248,263
2011-03-30,13,3,,490,221,269,221,269
2011-03-31,13,4,,431,185,246,185,246
2011-04-01,13,5,,581,283,298,283,298
2011-04-02,13,6,1,692,334,358,334,358
2011-04-03,13,7,1,702,354,348,354,348
2011-04-04,14,1,,275,144,131,144,131
2011-04-05,14,2,,676,323,353,323,353
2011-04-06,14,3,,841,435,406,435,406
2011-04-07,14,4,,760,373,387,373,387
2011-04-08,14,5,,740,317,423,317,423
2011-04-09,14,6,1,751,343,408,343,408
2011-04-10,14,7,1,869,381,488,381,488
2011-04-11,15,1,,675,344,331,344,331
2011-04-12,15,2,,379,197,182,197,182
2011-04-13,15,3,,770,395,375,395,375
2011-04-14,15,4,,633,308,325,308,325
2011-04-15,15,5,,599,274,325,274,325
2011-04-16,15,6,1,502,231,271,231,271
2011-04-17,15,7,1,739,380,359,380,359
2011-04-18,16,1,,728,350,378,350,378
2011-04-19,16,2,,717,380,337,380,337
2011-04-20,16,3,,846,407,439,407,439
2011-04-21,16,4,,634,308,326,308,326
2011-04-22,16,5,,632,305,327,305,327
2011-04-23,16,6,5,294,117,177,117,177
2011-04-24,16,7,5,446,228,218,228,218
2011-04-25,17,1,6,460,244,216,244,216
2011-04-26,17,2,4,612,291,321,291,321
2011-04-27,17,3,4,603,287,316,287,316
2011-04-28,17,4,4,376,186,190,186,190
2011-04-29,17,5,4,326,152,174,152,174
2011-04-30,17,6,5,617,304,313,304,313
2011-05-01,17,7,7,667,319,348,319,348
2011-05-02,18,1,4,620,316,304,316,304
2011-05-03,18,2,4,475,233,242,233,242
2011-05-04,18,3,4,716,356,360,356,360
2011-05-05,18,4,4,742,353,389,353,389
2011-05-06,18,5,4,602,295,307,295,307
2011-05-07,18,6,5,493,257,236,257,236
2011-05-08,18,7,7,590,316,274,316,274
2011-05-09,19,1,,705,359,346,359,346
2011-05-10,19,2,,756,373,383,373,383
2011-05-11,19,3,,869,443,426,443,426
2011-05-12,19,4,,674,302,372,302,372
2011-05-13,19,5,,668,321,347,321,347
2011-05-14,19,6,1,305,151,154,151,154
2011-05-15,19,7,1,282,156,126,156,126
2011-05-16,20,1,,661,350,311,350,311
2011-05-17,20,2,,790,401,389,401,389
2011-05-18,20,3,,770,401,369,401,369
2011-05-19,20,4,,717,330,387,330,387
2011-05-20,20,5,,655,345,310,345,310
2011-05-21,20,6,1,531,270,261,270,261
2011-05-22,20,7,1,586,304,282,304,282
2011-05-23,21,1,,722,368,354,368,354
2011-05-24,21,2,,856,449,407,449,407
2011-05-25,21,3,,870,421,449,421,449
2011-05-26,21,4,,678,330,348,330,348
2011-05-27,21,5,,396,185,211,185,211
2011-05-28,21,6,1,604,267,337,267,337
2011-05-29,21,7,1,533,256,277,256,277
2011-05-30,22,1,,700,350,350,350,350
2011-05-31,22,2,,300,155,145,155,145
2011-06-01,22,3,,240,106,134,106,134
2011-06-02,22,4,2,406,166,240,166,240
2011-06-03,22,5,,590,226,364,226,364
2011-06-04,22,6,1,372,196,176,196,176
2011-06-05,22,7,1,334,154,180,154,180
2011-06-06,23,1,,617,294,323,294,323
2011-06-07,23,2,,392,206,186,206,186
2011-06-08,23,3,,441,199,242,199,242
2011-06-09,23,4,,782,368,414,368,414
2011-06-10,23,5,,593,248,345,248,345
2011-06-11,23,6,1,398,161,237,161,237
2011-06-12,23,7,1,508,265,243,265,243
2011-06-13,24,1,2,623,281,342,281,342
2011-06-14,24,2,,793,327,466,327,466
2011-06-15,24,3,,867,408,459,408,459
2011-06-16,24,4,,547,278,269,278,269
2011-06-17,24,5,,399,197,202,197,202
2011-06-18,24,6,1,164,85,79,85,79
2011-06-19,24,7,1,594,294,300,294,300
2011-06-20,25,1,,810,401,409,401,409
2011-06-21,25,2,,719,358,361,358,361
2011-06-22,25,3,,512,244,268,244,268
2011-06-23,25,4,,410,209,201,209,201
2011-06-24,25,5,,613,285,328,285,328
2011-06-25,25,6,1,504,250,254,250,254
2011-06-26,25,7,1,476,235,241,235,241
2011-06-27,26,1,,744,333,411,333,411
2011-06-28,26,2,,676,331,345,331,345
2011-06-29,26,3,,407,199,208,199,208
2011-06-30,26,4,,726,324,402,324,402
2011-07-01,26,5,,679,346,333,346,333
2011-07-02,26,6,5,559,249,310,249,310
2011-07-03,26,7,5,521,244,277,244,277
2011-07-04,27,1,4,650,290,360,290,360
2011-07-05,27,2,4,586,288,298,288,298
2011-07-06,27,3,4,364,176,188,176,188
2011-07-07,27,4,4,631,282,349,282,349
2011-07-08,27,5,4,591,299,292,299,292
2011-07-09,27,6,5,489,217,272,217,272
2011-07-10,27,7,5,456,215,241,215,241
2011-07-11,28,1,4,458,228,230,228,230
2011-07-12,28,2,4,399,199,200,199,200
2011-07-13,28,3,4,297,143,154,143,154
2011-07-14,28,4,6,239,123,116,123,116
2011-07-15,28,5,4,349,160,189,160,189
2011-07-16,28,6,5,294,145,149,145,149
2011-07-17,28,7,5,280,137,143,137,143
2011-07-18,29,1,4,492,220,272,220,272
2011-07-19,29,2,4,454,223,231,223,231
2011-07-20,29,3,4,276,137,139,137,139
2011-07-21,29,4,4,483,214,269,214,269
2011-07-22,29,5,4,454,234,220,234,220
2011-07-23,29,6,5,374,168,206,168,206
2011-07-24,29,7,5,351,165,186,165,186
2011-07-25,30,1,4,484,215,269,215,269
2011-07-26,30,2,4,441,217,224,217,224
2011-07-27,30,3,4,270,135,135,135,135
2011-07-28,30,4,4,471,211,260,211,260
2011-07-29,30,5,4,435,220,215,220,215
2011-07-30,30,6,5,365,165,200,165,200
2011-07-31,30,7,5,337,159,178,159,178
2011-08-01,31,1,4,536,266,270,266,270
2011-08-02,31,2,4,479,238,241,238,241
2011-08-03,31,3,4,343,165,178,165,178
2011-08-04,31,4,4,280,144,136,144,136
2011-08-05,31,5,4,406,187,219,187,219
2011-08-06,31,6,5,339,168,171,168,171
2011-08-07,31,7,5,321,158,163,158,163
2011-08-08,32,1,4,425,189,236,189,236
2011-08-09,32,2,4,383,187,196,187,196
2011-08-10,32,3,4,240,118,122,118,122
2011-08-11,32,4,4,411,182,229,182,229
2011-08-12,32,5,4,389,199,190,199,190
2011-08-13,32,6,5,326,145,181,145,181
2011-08-14,32,7,5,299,140,159,140,159
2011-08-15,33,1,6,488,242,246,242,246
2011-08-16,33,2,4,427,211,216,211,216
2011-08-17,33,3,4,311,148,163,148,163
2011-08-18,33,4,4,253,127,126,127,126
2011-08-19,33,5,4,370,173,197,173,197
2011-08-20,33,6,5,309,154,155,154,155
2011-08-21,33,7,5,290,144,146,144,146
2011-08-22,34,1,4,530,237,293,237,293
2011-08-23,34,2,4,479,234,245,234,245
2011-08-24,34,3,4,287,144,143,144,143
2011-08-25,34,4,4,514,228,286,228,286
2011-08-26,34,5,4,487,250,237,250,237
2011-08-27,34,6,5,403,180,223,180,223
2011-08-28,34,7,5,370,174,196,174,196
2011-08-29,35,1,4,639,286,353,286,353
2011-08-30,35,2,4,579,285,294,285,294
2011-08-31,35,3,4,363,176,187,176,187
2011-09-01,35,4,4,624,281,343,281,343
2011-09-02,35,5,4,585,296,289,296,289
2011-09-03,35,6,5,483,216,267,216,267
2011-09-04,35,7,5,452,212,240,212,240
2011-09-05,36,1,,0,0,0,0,0
2011-09-06,36,2,,0,0,0,0,0
2011-09-07,36,3,,0,0,0,0,0
2011-09-08,36,4,,0,0,0,0,0
2011-09-09,36,5,,0,0,0,0,0
2011-09-10,36,6,1,0,0,0,0,0
2011-09-11,36,7,1,0,0,0,0,0
2011-09-12,37,1,,0,0,0,0,0
2011-09-13,37,2,,0,0,0,0,0
2011-09-14,37,3,,0,0,0,0,0
2011-09-15,37,4,,0,0,0,0,0
2011-09-16,37,5,,0,0,0,0,0
2011-09-17,37,6,1,0,0,0,0,0
2011-09-18,37,7,1,0,0,0,0,0
2011-09-19,38,1,,0,0,0,0,0
2011-09-20,38,2,,0,0,0,0,0
2011-09-21,38,3,,0,0,0,0,0
2011-09-22,38,4,,0,0,0,0,0
2011-09-23,38,5,,0,0,0,0,0
2011-09-24,38,6,1,0,0,0,0,0
2011-09-25,38,7,1,0,0,0,0,0
2011-09-26,39,1,,0,0,0,0,0
2011-09-27,39,2,,0,0,0,0,0
2011-09-28,39,3,,0,0,0,0,0
2011-09-29,39,4,,0,0,0,0,0
2011-09-30,39,5,,0,0,0,0,0
2011-10-01,39,6,1,0,0,0,0,0
2011-10-02,39,7,1,0,0,0,0,0
2011-10-03,40,1,,0,0,0,0,0
2011-10-04,40,2,,0,0,0,0,0
2011-10-05,40,3,,0,0,0,0,0
2011-10-06,40,4,,0,0,0,0,0
2011-10-07,40,5,,0,0,0,0,0
2011-10-08,40,6,1,0,0,0,0,0
2011-10-09,40,7,1,0,0,0,0,0
2011-10-10,41,1,,0,0,0,0,0
2011-10-11,41,2,,0,0,0,0,0
2011-10-12,41,3,,0,0,0,0,0
2011-10-13,41,4,,0,0,0,0,0
2011-10-14,41,5,,311,154,157,154,157
2011-10-15,41,6,1,452,222,230,222,230
2011-10-16,41,7,1,546,276,270,276,270
2011-10-17,42,1,,592,288,304,288,304
2011-10-18,42,2,,643,333,310,333,310
2011-10-19,42,3,,270,141,129,141,129
2011-10-20,42,4,,461,236,225,236,225
2011-10-21,42,5,,452,221,231,221,231
2011-10-22,42,6,5,366,186,180,186,180
2011-10-23,42,7,5,406,201,205,201,205
2011-10-24,43,1,4,382,191,191,191,191
2011-10-25,43,2,4,176,89,87,89,87
2011-10-26,43,3,4,457,225,232,225,232
2011-10-27,43,4,4,448,231,217,231,217
2011-10-28,43,5,4,311,171,140,171,140
2011-10-29,43,6,5,334,181,153,181,153
2011-10-30,43,7,5,369,180,189,180,189
2011-10-31,44,1,4,450,240,210,240,210
2011-11-01,44,2,6,512,267,245,267,245
2011-11-02,44,3,4,497,257,240,257,240
2011-11-03,44,4,,337,172,165,172,165
2011-11-04,44,5,,148,75,73,75,73
2011-11-05,44,6,1,122,65,57,65,57
2011-11-06,44,7,1,245,112,133,112,133
2011-11-07,45,1,,497,249,248,249,248
2011-11-08,45,2,,416,212,204,212,204
2011-11-09,45,3,,589,293,296,293,296
2011-11-10,45,4,,492,251,241,251,241
2011-11-11,45,5,2,447,241,206,241,206
2011-11-12,45,6,1,370,198,172,198,172
2011-11-13,45,7,1,345,170,175,170,175
2011-11-14,46,1,,476,251,225,251,225
2011-11-15,46,2,,448,222,226,222,226
2011-11-16,46,3,,502,262,240,262,240
2011-11-17,46,4,,444,231,213,231,213
2011-11-18,46,5,,436,216,220,216,220
2011-11-19,46,6,1,242,133,109,133,109
2011-11-20,46,7,1,230,118,112,118,112
2011-11-21,47,1,,433,220,213,220,213
2011-11-22,47,2,,457,241,216,241,216
2011-11-23,47,3,,485,249,236,249,236
2011-11-24,47,4,,404,197,207,197,207
2011-11-25,47,5,,418,209,209,209,209
2011-11-26,47,6,1,210,104,106,104,106
2011-11-27,47,7,1,198,119,79,119,79
2011-11-28,48,1,,412,209,203,209,203
2011-11-29,48,2,,411,202,209,202,209
2011-11-30,48,3,,477,252,225,252,225
2011-12-01,48,4,,439,229,210,229,210
2011-12-02,48,5,,329,167,162,167,162
2011-12-03,48,6,1,187,97,90,97,90
2011-12-04,48,7,1,129,54,75,54,75
2011-12-05,49,1,,200,104,96,104,96
2011-12-06,49,2,,252,134,118,134,118
2011-12-07,49,3,,147,68,79,68,79
2011-12-08,49,4,,366,178,188,178,188
2011-12-09,49,5,,320,164,156,164,156
2011-12-10,49,6,1,273,140,133,140,133
2011-12-11,49,7,1,241,130,111,130,111
2011-12-12,50,1,,135,67,68,67,68
2011-12-13,50,2,,304,152,152,152,152
2011-12-14,50,3,,219,107,112,107,112
2011-12-15,50,4,,227,115,112,115,112
2011-12-16,50,5,,136,65,71,65,71
2011-12-17,50,6,5,49,25,24,25,24
2011-12-18,50,7,5,27,16,11,16,11
2011-12-19,51,1,4,185,90,95,90,95
2011-12-20,51,2,4,158,87,71,87,71
2011-12-21,51,3,4,141,71,70,71,70
2011-12-22,51,4,4,217,108,109,108,109
2011-12-23,51,5,4,143,71,72,71,72
2011-12-24,51,6,5,46,21,25,21,25
2011-12-25,51,7,7,37,19,18,19,18
2011-12-26,52,1,4,163,91,72,91,72
2011-12-27,52,2,4,177,91,86,91,86
2011-12-28,52,3,4,186,91,95,91,95
2011-12-29,52,4,4,117,56,61,56,61
2011-12-30,52,5,4,40,22,18,22,18
2011-12-31,52,6,5,16,7,9,7,9
2012-01-01,52,7,7,119,57,62,57,62
2012-01-02,01,1,4,118,56,62,56,62
2012-01-03,01,2,,350,180,170,180,170
2012-01-04,01,3,,168,84,84,84,84
2012-01-05,01,4,,168,84,84,84,84
2012-01-06,01,5,,172,90,82,90,82
2012-01-07,01,6,1,139,73,66,73,66
2012-01-08,01,7,1,141,71,70,71,70
2012-01-09,02,1,,336,167,169,167,169
2012-01-10,02,2,,345,176,169,176,169
2012-01-11,02,3,,389,197,192,197,192
2012-01-12,02,4,,360,181,179,181,179
2012-01-13,02,5,,294,139,155,139,155
2012-01-14,02,6,1,140,82,58,82,58
2012-01-15,02,7,1,189,106,83,106,83
2012-01-16,03,1,,322,170,152,170,152
2012-01-17,03,2,,340,175,165,175,165
2012-01-18,03,3,,349,170,179,170,179
2012-01-19,03,4,,315,169,146,169,146
2012-01-20,03,5,,156,81,75,81,75
2012-01-21,03,6,1,95,47,48,47,48
2012-01-22,03,7,1,139,79,60,79,60
2012-01-23,04,1,,347,179,168,179,168
2012-01-24,04,2,,403,205,198,205,198
2012-01-25,04,3,,382,194,188,194,188
2012-01-26,04,4,,414,210,204,210,204
2012-01-27,04,5,,203,103,100,103,100
2012-01-28,04,6,1,158,87,71,87,71
2012-01-29,04,7,1,113,62,51,62,51
2012-01-30,05,1,,279,140,139,140,139
2012-01-31,05,2,,156,81,75,81,75
2012-02-01,05,3,,207,96,111,96,111
2012-02-02,05,4,,215,111,104,111,104
2012-02-03,05,5,,154,77,77,77,77
2012-02-04,05,6,1,53,27,26,27,26
2012-02-05,05,7,1,56,28,28,28,28
2012-02-06,06,1,,188,93,95,93,95
2012-02-07,06,2,,165,83,82,83,82
2012-02-08,06,3,,167,88,79,88,79
2012-02-09,06,4,,198,102,96,102,96
2012-02-10,06,5,,176,80,96,80,96
2012-02-11,06,6,5,49,21,28,21,28
2012-02-12,06,7,5,38,15,23,15,23
2012-02-13,07,1,4,188,98,90,98,90
2012-02-14,07,2,4,210,107,103,107,103
2012-02-15,07,3,4,144,75,69,75,69
2012-02-16,07,4,4,223,118,105,118,105
2012-02-17,07,5,4,241,117,124,117,124
2012-02-18,07,6,5,281,164,117,164,117
2012-02-19,07,7,5,128,70,58,70,58
2012-02-20,08,1,4,267,142,125,142,125
2012-02-21,08,2,4,358,183,175,183,175
2012-02-22,08,3,4,360,189,171,189,171
2012-02-23,08,4,4,322,168,154,168,154
2012-02-24,08,5,4,383,201,182,201,182
2012-02-25,08,6,5,321,169,152,169,152
2012-02-26,08,7,5,231,119,112,119,112
2012-02-27,09,1,,429,215,214,215,214
2012-02-28,09,2,,472,236,236,236,236
2012-02-29,09,3,,595,300,295,300,295
2012-03-01,09,4,,538,275,263,275,263
2012-03-02,09,5,,562,290,272,290,272
2012-03-03,09,6,1,600,335,265,335,265
2012-03-04,09,7,1,470,245,225,245,225
2012-03-05,10,1,,316,162,154,162,154
2012-03-06,10,2,,368,182,186,182,186
2012-03-07,10,3,,1,0,1,0,1
2012-03-08,10,4,,260,136,124,136,124
2012-03-09,10,5,,428,231,197,231,197
2012-03-10,10,6,1,471,255,216,255,216
2012-03-11,10,7,1,476,255,221,255,221
2012-03-12,11,1,,525,265,260,265,260
2012-03-13,11,2,,527,272,255,272,255
2012-03-14,11,3,,645,341,304,341,304
2012-03-15,11,4,,658,326,332,326,332
2012-03-16,11,5,,577,289,288,289,288
2012-03-17,11,6,1,600,310,290,310,290
2012-03-18,11,7,1,105,49,56,49,56
2012-03-19,12,1,,308,148,160,148,160
2012-03-20,12,2,,535,272,263,272,263
2012-03-21,12,3,,617,321,296,321,296
2012-03-22,12,4,,608,314,294,314,294
2012-03-23,12,5,,451,224,227,224,227
2012-03-24,12,6,1,692,367,325,367,325
2012-03-25,12,7,1,703,385,318,385,318
2012-03-26,13,1,,638,314,324,314,324
2012-03-27,13,2,,742,351,391,351,391
2012-03-28,13,3,,746,364,382,364,382
2012-03-29,13,4,,754,377,377,377,377
2012-03-30,13,5,,627,314,313,314,313
2012-03-31,13,6,1,654,325,329,325,329
2012-04-01,13,7,1,553,289,264,289,264
2012-04-02,14,1,,638,317,321,317,321
2012-04-03,14,2,,521,265,256,265,256
2012-04-04,14,3,,341,172,169,172,169
2012-04-05,14,4,,462,229,233,229,233
2012-04-06,14,5,,389,194,195,194,195
2012-04-07,14,6,5,299,173,126,173,126
2012-04-08,14,7,5,152,75,77,75,77
2012-04-09,15,1,6,444,231,213,231,213
2012-04-10,15,2,4,345,167,178,167,178
2012-04-11,15,3,4,323,178,145,178,145
2012-04-12,15,4,4,368,188,180,188,180
2012-04-13,15,5,4,307,155,152,155,152
2012-04-14,15,6,5,94,47,47,47,47
2012-04-15,15,7,5,129,65,64,65,64
2012-04-16,16,1,4,170,86,84,86,84
2012-04-17,16,2,4,494,243,251,243,251
2012-04-18,16,3,4,461,234,227,234,227
2012-04-19,16,4,4,203,105,98,105,98
2012-04-20,16,5,4,439,219,220,219,220
2012-04-21,16,6,5,263,145,118,145,118
2012-04-22,16,7,5,503,275,228,275,228
2012-04-23,17,1,,464,226,238,226,238
2012-04-24,17,2,,276,138,138,138,138
2012-04-25,17,3,,472,234,238,234,238
2012-04-26,17,4,,455,238,217,238,217
2012-04-27,17,5,,564,278,286,278,286
2012-04-28,17,6,1,531,279,252,279,252
2012-04-29,17,7,1,277,130,147,130,147
2012-04-30,18,1,,312,157,155,157,155
2012-05-01,18,2,2,688,352,336,352,336
2012-05-02,18,3,,385,204,181,204,181
2012-05-03,18,4,,640,303,337,303,337
2012-05-04,18,5,,603,301,302,301,302
2012-05-05,18,6,1,411,213,198,213,198
2012-05-06,18,7,1,493,274,219,274,219
2012-05-07,19,1,,628,314,314,314,314
2012-05-08,19,2,2,364,187,177,187,177
2012-05-09,19,3,,514,262,252,262,252
2012-05-10,19,4,,841,434,407,434,407
2012-05-11,19,5,,714,360,354,360,354
2012-05-12,19,6,1,422,218,204,218,204
2012-05-13,19,7,1,356,197,159,197,159
2012-05-14,20,1,,737,350,387,350,387
2012-05-15,20,2,,581,293,288,293,288
2012-05-16,20,3,,460,232,228,232,228
2012-05-17,20,4,2,618,312,306,312,306
2012-05-18,20,5,,268,147,121,147,121
2012-05-19,20,6,1,519,261,258,261,258
2012-05-20,20,7,1,385,188,197,188,197
2012-05-21,21,1,,208,106,102,106,102
2012-05-22,21,2,,159,79,80,79,80
2012-05-23,21,3,,519,259,260,259,260
2012-05-24,21,4,,635,315,320,315,320
2012-05-25,21,5,,614,286,328,286,328
2012-05-26,21,6,1,425,229,196,229,196
2012-05-27,21,7,1,358,194,164,194,164
2012-05-28,22,1,2,717,362,355,362,355
2012-05-29,22,2,,768,383,385,383,385
2012-05-30,22,3,,869,448,421,448,421
2012-05-31,22,4,,769,369,400,369,400
2012-06-01,22,5,,697,349,348,349,348
2012-06-02,22,6,1,499,258,241,258,241
2012-06-03,22,7,1,258,126,132,126,132
2012-06-04,23,1,,323,168,155,168,155
2012-06-05,23,2,,781,402,379,402,379
2012-06-06,23,3,,529,271,258,271,258
2012-06-07,23,4,,761,363,398,363,398
2012-06-08,23,5,,317,160,157,160,157
2012-06-09,23,6,1,467,256,211,256,211
2012-06-10,23,7,1,399,214,185,214,185
2012-06-11,24,1,,517,256,261,256,261
2012-06-12,24,2,,307,162,145,162,145
2012-06-13,24,3,,514,252,262,252,262
2012-06-14,24,4,,773,395,378,395,378
2012-06-15,24,5,,723,361,362,361,362
2012-06-16,24,6,1,622,327,295,327,295
2012-06-17,24,7,1,533,279,254,279,254
2012-06-18,25,1,,654,332,322,332,322
2012-06-19,25,2,,709,347,362,347,362
2012-06-20,25,3,,578,286,292,286,292
2012-06-21,25,4,,750,363,387,363,387
2012-06-22,25,5,,679,343,336,343,336
2012-06-23,25,6,1,482,248,234,248,234
2012-06-24,25,7,1,530,271,259,271,259
2012-06-25,26,1,,527,265,262,265,262
2012-06-26,26,2,,765,372,393,372,393
2012-06-27,26,3,,778,381,397,381,397
2012-06-28,26,4,,688,334,354,334,354
2012-06-29,26,5,,619,312,307,312,307
2012-06-30,26,6,1,329,170,159,170,159
2012-07-01,26,7,1,166,91,75,91,75
2012-07-02,27,1,,229,119,110,119,110
2012-07-03,27,2,,636,337,299,337,299
2012-07-04,27,3,,752,383,369,383,369
2012-07-05,27,4,4,460,240,220,240,220
2012-07-06,27,5,4,529,271,258,271,258
2012-07-07,27,6,5,411,219,192,219,192
2012-07-08,27,7,5,462,244,218,244,218
2012-07-09,28,1,4,643,330,313,330,313
2012-07-10,28,2,4,688,345,343,345,343
2012-07-11,28,3,4,634,316,318,316,318
2012-07-12,28,4,4,634,313,321,313,321
2012-07-13,28,5,4,468,242,226,242,226
2012-07-14,28,6,7,288,142,146,142,146
2012-07-15,28,7,5,396,198,198,198,198
2012-07-16,29,1,4,657,318,339,318,339
2012-07-17,29,2,4,730,357,373,357,373
2012-07-18,29,3,4,685,344,341,344,341
2012-07-19,29,4,4,625,298,327,298,327
2012-07-20,29,5,4,508,251,257,251,257
2012-07-21,29,6,5,324,159,165,159,165
2012-07-22,29,7,5,411,202,209,202,209
2012-07-23,30,1,4,670,345,325,345,325
2012-07-24,30,2,4,664,333,331,333,331
2012-07-25,30,3,4,606,304,302,304,302
2012-07-26,30,4,4,611,322,289,322,289
2012-07-27,30,5,4,458,229,229,229,229
2012-07-28,30,6,5,361,185,176,185,176
2012-07-29,30,7,5,366,188,178,188,178
2012-07-30,31,1,4,541,273,268,273,268
2012-07-31,31,2,4,559,293,266,293,266
2012-08-01,31,3,4,591,299,292,299,292
2012-08-02,31,4,4,595,296,299,296,299
2012-08-03,31,5,4,465,229,236,229,236
2012-08-04,31,6,5,334,170,164,170,164
2012-08-05,31,7,5,200,108,92,108,92
2012-08-06,32,1,4,279,146,133,146,133
2012-08-07,32,2,4,552,280,272,280,272
2012-08-08,32,3,4,596,289,307,289,307
2012-08-09,32,4,4,565,284,281,284,281
2012-08-10,32,5,4,472,221,251,221,251
2012-08-11,32,6,5,363,184,179,184,179
2012-08-12,32,7,5,358,187,171,187,171
2012-08-13,33,1,4,468,237,231,237,231
2012-08-14,33,2,4,527,267,260,267,260
2012-08-15,33,3,6,337,173,164,173,164
2012-08-16,33,4,4,460,242,218,242,218
2012-08-17,33,5,4,408,207,201,207,201
2012-08-18,33,6,5,316,161,155,161,155
2012-08-19,33,7,5,209,99,110,99,110
2012-08-20,34,1,4,485,248,237,248,237
2012-08-21,34,2,4,515,247,268,247,268
2012-08-22,34,3,4,470,251,219,251,219
2012-08-23,34,4,4,504,260,244,260,244
2012-08-24,34,5,4,485,234,251,234,251
2012-08-25,34,6,5,297,152,145,152,145
2012-08-26,34,7,5,342,195,147,195,147
2012-08-27,35,1,4,704,355,349,355,349
2012-08-28,35,2,4,744,373,371,373,371
2012-08-29,35,3,4,573,282,291,282,291
2012-08-30,35,4,4,195,100,95,100,95
2012-08-31,35,5,4,258,130,128,130,128
2012-09-01,35,6,5,105,58,47,58,47
2012-09-02,35,7,5,392,197,195,197,195
2012-09-03,36,1,4,650,319,331,319,331
2012-09-04,36,2,,590,302,288,302,288
2012-09-05,36,3,,724,382,342,382,342
2012-09-06,36,4,,691,351,340,351,340
2012-09-07,36,5,,661,339,322,339,322
2012-09-08,36,6,1,538,284,254,284,254
2012-09-09,36,7,1,574,311,263,311,263
2012-09-10,37,1,,831,420,411,420,411
2012-09-11,37,2,,673,338,335,338,335
2012-09-12,37,3,,287,145,142,145,142
2012-09-13,37,4,,570,299,271,299,271
2012-09-14,37,5,,623,301,322,301,322
2012-09-15,37,6,1,488,253,235,253,235
2012-09-16,37,7,1,563,311,252,311,252
2012-09-17,38,1,,716,354,362,354,362
2012-09-18,38,2,,793,392,401,392,401
2012-09-19,38,3,,403,205,198,205,198
2012-09-20,38,4,,723,366,357,366,357
2012-09-21,38,5,,632,319,313,319,313
2012-09-22,38,6,1,381,213,168,213,168
2012-09-23,38,7,1,621,333,288,333,288
2012-09-24,39,1,,190,104,86,104,86
2012-09-25,39,2,,632,335,297,335,297
2012-09-26,39,3,,355,184,171,184,171
2012-09-27,39,4,,607,308,299,308,299
2012-09-28,39,5,,597,294,303,294,303
2012-09-29,39,6,1,130,66,64,66,64
2012-09-30,39,7,1,301,159,142,159,142
2012-10-01,40,1,,514,257,257,257,257
2012-10-02,40,2,,691,339,352,339,352
2012-10-03,40,3,,674,320,354,320,354
2012-10-04,40,4,,671,343,328,343,328
2012-10-05,40,5,,720,351,369,351,369
2012-10-06,40,6,1,486,255,231,255,231
2012-10-07,40,7,1,326,174,152,174,152
2012-10-08,41,1,,520,262,258,262,258
2012-10-09,41,2,,372,178,194,178,194
2012-10-10,41,3,,563,272,291,272,291
2012-10-11,41,4,,542,278,264,278,264
2012-10-12,41,5,,364,184,180,184,180
2012-10-13,41,6,1,440,211,229,211,229
2012-10-14,41,7,1,249,125,124,125,124
2012-10-15,42,1,,334,174,160,174,160
2012-10-16,42,2,,592,293,299,293,299
2012-10-17,42,3,,507,247,260,247,260
2012-10-18,42,4,,484,238,246,238,246
2012-10-19,42,5,,492,250,242,250,242
2012-10-20,42,6,1,402,207,195,207,195
2012-10-21,42,7,1,409,203,206,203,206
2012-10-22,43,1,,489,246,243,246,243
2012-10-23,43,2,,604,295,309,295,309
2012-10-24,43,3,,644,323,321,323,321
2012-10-25,43,4,,592,290,302,290,302
2012-10-26,43,5,,260,123,137,123,137
2012-10-27,43,6,5,66,34,32,34,32
2012-10-28,43,7,5,24,11,13,11,13
2012-10-29,44,1,4,258,131,127,131,127
2012-10-30,44,2,4,349,187,162,187,162
2012-10-31,44,3,4,229,122,107,122,107
2012-11-01,44,4,6,152,79,73,79,73
2012-11-02,44,5,4,317,163,154,163,154
2012-11-03,44,6,5,256,121,135,121,135
2012-11-04,44,7,5,173,86,87,86,87
2012-11-05,45,1,4,309,149,160,149,160
2012-11-06,45,2,4,292,148,144,148,144
2012-11-07,45,3,4,470,234,236,234,236
2012-11-08,45,4,4,480,255,225,255,225
2012-11-09,45,5,4,417,204,213,204,213
2012-11-10,45,6,5,54,29,25,29,25
2012-11-11,45,7,7,72,33,39,33,39
2012-11-12,46,1,,383,190,193,190,193
2012-11-13,46,2,,488,254,234,254,234
2012-11-14,46,3,,551,268,283,268,283
2012-11-15,46,4,,481,232,249,232,249
2012-11-16,46,5,,468,246,222,246,222
2012-11-17,46,6,1,326,178,148,178,148
2012-11-18,46,7,1,358,199,159,199,159
2012-11-19,47,1,,491,253,238,253,238
2012-11-20,47,2,,497,243,254,243,254
2012-11-21,47,3,,465,247,218,247,218
2012-11-22,47,4,,474,248,226,248,226
2012-11-23,47,5,,472,249,223,249,223
2012-11-24,47,6,1,274,151,123,151,123
2012-11-25,47,7,1,197,111,86,111,86
2012-11-26,48,1,,344,185,159,185,159
2012-11-27,48,2,,161,89,72,89,72
2012-11-28,48,3,,168,84,84,84,84
2012-11-29,48,4,,205,105,100,105,100
2012-11-30,48,5,,300,146,154,146,154
2012-12-01,48,6,1,183,103,80,103,80
2012-12-02,48,7,1,59,28,31,28,31
2012-12-03,49,1,,240,118,122,118,122
2012-12-04,49,2,,194,96,98,96,98
2012-12-05,49,3,,246,125,121,125,121
2012-12-06,49,4,,298,156,142,156,142
2012-12-07,49,5,,197,97,100,97,100
2012-12-08,49,6,1,66,34,32,34,32
2012-12-09,49,7,1,96,50,46,50,46
2012-12-10,50,1,,194,106,88,106,88
2012-12-11,50,2,,251,130,121,130,121
2012-12-12,50,3,,282,148,134,148,134
2012-12-13,50,4,,292,149,143,149,143
2012-12-14,50,5,,244,128,116,128,116
2012-12-15,50,6,1,171,80,91,80,91
2012-12-16,50,7,1,175,90,85,90,85
2012-12-17,51,1,,228,117,111,117,111
2012-12-18,51,2,,236,118,118,118,118
2012-12-19,51,3,,321,159,162,159,162
2012-12-20,51,4,,241,118,123,118,123
2012-12-21,51,5,,215,106,109,106,109
2012-12-22,51,6,5,106,55,51,55,51
2012-12-23,51,7,5,175,92,83,92,83
2012-12-24,52,1,4,160,82,78,82,78
2012-12-25,52,2,6,43,21,22,21,22
2012-12-26,52,3,4,202,97,105,97,105
2012-12-27,52,4,4,125,69,56,69,56
2012-12-28,52,5,4,252,133,119,133,119
2012-12-29,52,6,5,215,103,112,103,112
2012-12-30,52,7,5,245,128,117,128,117
2012-12-31,01,1,4,217,119,98,119,98
2013-01-01,01,2,6,58,26,32,26,32
2013-01-02,01,3,4,209,108,101,108,101
2013-01-03,01,4,4,361,173,188,173,188
2013-01-04,01,5,4,278,142,136,142,136
2013-01-05,01,6,5,170,89,81,89,81
2013-01-06,01,7,5,220,108,112,108,112
2013-01-07,02,1,,404,209,195,209,195
2013-01-08,02,2,,414,203,211,203,211
2013-01-09,02,3,,347,179,168,179,168
2013-01-10,02,4,,278,146,132,146,132
2013-01-11,02,5,,154,75,79,75,79
2013-01-12,02,6,1,239,128,111,128,111
2013-01-13,02,7,1,121,57,64,57,64
2013-01-14,03,1,,252,122,130,122,130
2013-01-15,03,2,,211,108,103,108,103
2013-01-16,03,3,,224,115,109,115,109
2013-01-17,03,4,,193,95,98,95,98
2013-01-18,03,5,,201,104,97,104,97
2013-01-19,03,6,1,66,34,32,34,32
2013-01-20,03,7,1,87,42,45,42,45
2013-01-21,04,1,,268,132,136,132,136
2013-01-22,04,2,,350,185,165,185,165
2013-01-23,04,3,,322,168,154,168,154
2013-01-24,04,4,,317,162,155,162,155
2013-01-25,04,5,,278,139,139,139,139
2013-01-26,04,6,1,168,75,93,75,93
2013-01-27,04,7,1,140,76,64,76,64
2013-01-28,05,1,,315,152,163,152,163
2013-01-29,05,2,,309,158,151,158,151
2013-01-30,05,3,,439,235,204,235,204
2013-01-31,05,4,,415,210,205,210,205
2013-02-01,05,5,,254,123,131,123,131
2013-02-02,05,6,1,83,43,40,43,40
2013-02-03,05,7,1,113,62,51,62,51
2013-02-04,06,1,,171,84,87,84,87
2013-02-05,06,2,,285,147,138,147,138
2013-02-06,06,3,,234,114,120,114,120
2013-02-07,06,4,,262,138,124,138,124
2013-02-08,06,5,,286,146,140,146,140
2013-02-09,06,6,1,104,53,51,53,51
2013-02-10,06,7,1,98,53,45,53,45
2013-02-11,07,1,,147,75,72,75,72
2013-02-12,07,2,,163,80,83,80,83
2013-02-13,07,3,,199,97,102,97,102
2013-02-14,07,4,,246,130,116,130,116
2013-02-15,07,5,,216,102,114,102,114
2013-02-16,07,6,1,225,124,101,124,101
2013-02-17,07,7,1,263,131,132,131,132
2013-02-18,08,1,,406,168,238,168,238
2013-02-19,08,2,,411,217,194,217,194
2013-02-20,08,3,,390,188,202,188,202
2013-02-21,08,4,,327,166,161,166,161
2013-02-22,08,5,,282,138,144,138,144
2013-02-23,08,6,5,48,24,24,24,24
2013-02-24,08,7,5,27,14,13,14,13
2013-02-25,09,1,4,227,112,115,112,115
2013-02-26,09,2,4,336,176,160,176,160
2013-02-27,09,3,4,331,177,154,177,154
2013-02-28,09,4,4,348,183,165,183,165
2013-03-01,09,5,4,284,140,144,140,144
2013-03-02,09,6,5,179,85,94,85,94
2013-03-03,09,7,5,320,154,166,154,166
2013-03-04,10,1,4,515,268,247,268,247
2013-03-05,10,2,4,372,192,180,192,180
2013-03-06,10,3,4,434,226,208,226,208
2013-03-07,10,4,4,400,197,203,197,203
2013-03-08,10,5,4,163,72,91,72,91
2013-03-09,10,6,5,329,174,155,174,155
2013-03-10,10,7,5,521,267,254,267,254
2013-03-11,11,1,,503,251,252,251,252
2013-03-12,11,2,,464,225,239,225,239
2013-03-13,11,3,,295,152,143,152,143
2013-03-14,11,4,,259,134,125,134,125
2013-03-15,11,5,,356,178,178,178,178
2013-03-16,11,6,1,355,198,157,198,157
2013-03-17,11,7,1,145,76,69,76,69
2013-03-18,12,1,,170,90,80,90,80
2013-03-19,12,2,,409,216,193,216,193
2013-03-20,12,3,,345,172,173,172,173
2013-03-21,12,4,,529,261,268,261,268
2013-03-22,12,5,,481,252,229,252,229
2013-03-23,12,6,1,344,180,164,180,164
2013-03-24,12,7,1,82,40,42,40,42
2013-03-25,13,1,,414,212,202,212,202
2013-03-26,13,2,,444,222,222,222,222
2013-03-27,13,3,,598,319,279,319,279
2013-03-28,13,4,,127,70,57,70,57
2013-03-29,13,5,,218,105,113,105,113
2013-03-30,13,6,1,96,55,41,55,41
2013-03-31,13,7,1,128,68,60,68,60
2013-04-01,14,1,2,376,181,195,181,195
2013-04-02,14,2,,457,237,220,237,220
2013-04-03,14,3,,597,306,291,306,291
2013-04-04,14,4,,441,223,218,223,218
2013-04-05,14,5,,375,181,194,181,194
2013-04-06,14,6,1,201,99,102,99,102
2013-04-07,14,7,1,289,131,158,131,158
2013-04-08,15,1,,362,184,178,184,178
2013-04-09,15,2,,310,155,155,155,155
2013-04-10,15,3,,703,370,333,370,333
2013-04-11,15,4,,431,212,219,212,219
2013-04-12,15,5,,463,233,230,233,230
2013-04-13,15,6,1,501,260,241,260,241
2013-04-14,15,7,1,819,437,382,437,382
2013-04-15,16,1,,714,371,343,371,343
2013-04-16,16,2,,821,415,406,415,406
2013-04-17,16,3,,855,412,443,412,443
2013-04-18,16,4,,816,407,409,407,409
2013-04-19,16,5,,185,93,92,93,92
2013-04-20,16,6,5,92,40,52,40,52
2013-04-21,16,7,5,245,135,110,135,110
2013-04-22,17,1,4,434,215,219,215,219
2013-04-23,17,2,4,649,326,323,326,323
2013-04-24,17,3,4,870,441,429,441,429
2013-04-25,17,4,4,703,369,334,369,334
2013-04-26,17,5,4,238,113,125,113,125
2013-04-27,17,6,5,39,24,15,24,15
2013-04-28,17,7,5,137,74,63,74,63
2013-04-29,18,1,4,155,80,75,80,75
2013-04-30,18,2,4,307,153,154,153,154
2013-05-01,18,3,6,368,185,183,185,183
2013-05-02,18,4,4,537,270,267,270,267
2013-05-03,18,5,4,264,135,129,135,129
2013-05-04,18,6,5,411,230,181,230,181
2013-05-05,18,7,5,493,249,244,249,244
2013-05-06,19,1,,383,190,193,190,193
2013-05-07,19,2,,568,268,300,268,300
2013-05-08,19,3,2,708,381,327,381,327
2013-05-09,19,4,2,257,141,116,141,116
2013-05-10,19,5,,200,99,101,99,101
2013-05-11,19,6,1,373,177,196,177,196
2013-05-12,19,7,1,445,240,205,240,205
2013-05-13,20,1,,747,377,370,377,370
2013-05-14,20,2,,864,441,423,441,423
2013-05-15,20,3,,326,172,154,172,154
2013-05-16,20,4,,174,88,86,88,86
2013-05-17,20,5,,327,163,164,163,164
2013-05-18,20,6,1,174,88,86,88,86
2013-05-19,20,7,1,202,117,85,117,85
2013-05-20,21,1,2,777,393,384,393,384
2013-05-21,21,2,,488,233,255,233,255
2013-05-22,21,3,,334,173,161,173,161
2013-05-23,21,4,,493,246,247,246,247
2013-05-24,21,5,,285,139,146,139,146
2013-05-25,21,6,1,151,80,71,80,71
2013-05-26,21,7,1,312,158,154,158,154
2013-05-27,22,1,,793,401,392,401,392
2013-05-28,22,2,,363,189,174,189,174
2013-05-29,22,3,,406,209,197,209,197
2013-05-30,22,4,,430,213,217,213,217
2013-05-31,22,5,,375,197,178,197,178
2013-06-01,22,6,1,172,84,88,84,88
2013-06-02,22,7,1,364,197,167,197,167
2013-06-03,23,1,,628,318,310,318,310
2013-06-04,23,2,,661,344,317,344,317
2013-06-05,23,3,,833,436,397,436,397
2013-06-06,23,4,,704,351,353,351,353
2013-06-07,23,5,,738,367,371,367,371
2013-06-08,23,6,1,382,211,171,211,171
2013-06-09,23,7,1,380,208,172,208,172
2013-06-10,24,1,,585,295,290,295,290
2013-06-11,24,2,,724,376,348,376,348
2013-06-12,24,3,,927,471,456,471,456
2013-06-13,24,4,,807,402,405,402,405
2013-06-14,24,5,,533,274,259,274,259
2013-06-15,24,6,1,564,284,280,284,280
2013-06-16,24,7,1,453,224,229,224,229
2013-06-17,25,1,,666,318,348,318,348
2013-06-18,25,2,,702,350,352,350,352
2013-06-19,25,3,,750,395,355,395,355
2013-06-20,25,4,,541,263,278,263,278
2013-06-21,25,5,,658,331,327,331,327
2013-06-22,25,6,1,496,263,233,263,233
2013-06-23,25,7,1,456,244,212,244,212
2013-06-24,26,1,,407,213,194,213,194
2013-06-25,26,2,,699,352,347,352,347
2013-06-26,26,3,,797,417,380,417,380
2013-06-27,26,4,,664,327,337,327,337
2013-06-28,26,5,,543,264,279,264,279
2013-06-29,26,6,1,137,80,57,80,57
2013-06-30,26,7,1,506,270,236,270,236
2013-07-01,27,1,,702,365,337,365,337
2013-07-02,27,2,,770,390,380,390,380
2013-07-03,27,3,,381,201,180,201,180
2013-07-04,27,4,,621,329,292,329,292
2013-07-05,27,5,,624,309,315,309,315
2013-07-06,27,6,5,438,219,219,219,219
2013-07-07,27,7,5,400,207,193,207,193
2013-07-08,28,1,4,572,291,281,291,281
2013-07-09,28,2,4,628,304,324,304,324
2013-07-10,28,3,4,543,272,271,272,271
2013-07-11,28,4,4,623,300,323,300,323
2013-07-12,28,5,4,577,275,302,275,302
2013-07-13,28,6,5,407,206,201,206,201
2013-07-14,28,7,7,361,185,176,185,176
2013-07-15,29,1,4,595,303,292,303,292
2013-07-16,29,2,4,718,375,343,375,343
2013-07-17,29,3,4,568,294,274,294,274
2013-07-18,29,4,4,465,240,225,240,225
2013-07-19,29,5,4,473,242,231,242,231
2013-07-20,29,6,5,479,247,232,247,232
2013-07-21,29,7,5,406,207,199,207,199
2013-07-22,30,1,4,535,277,258,277,258
2013-07-23,30,2,4,585,284,301,284,301
2013-07-24,30,3,4,646,319,327,319,327
2013-07-25,30,4,4,600,297,303,297,303
2013-07-26,30,5,4,492,252,240,252,240
2013-07-27,30,6,5,257,126,131,126,131
2013-07-28,30,7,5,219,110,109,110,109
2013-07-29,31,1,4,218,108,110,108,110
2013-07-30,31,2,4,605,303,302,303,302
2013-07-31,31,3,4,597,292,305,292,305
2013-08-01,31,4,4,500,251,249,251,249
2013-08-02,31,5,4,442,230,212,230,212
2013-08-03,31,6,5,318,169,149,169,149
2013-08-04,31,7,5,287,143,144,143,144
2013-08-05,32,1,4,463,241,222,241,222
2013-08-06,32,2,4,499,260,239,260,239
2013-08-07,32,3,4,181,84,97,84,97
2013-08-08,32,4,4,269,139,130,139,130
2013-08-09,32,5,4,359,185,174,185,174
2013-08-10,32,6,5,393,184,209,184,209
2013-08-11,32,7,5,359,184,175,184,175
2013-08-12,33,1,4,442,226,216,226,216
2013-08-13,33,2,4,479,243,236,243,236
2013-08-14,33,3,4,447,237,210,237,210
2013-08-15,33,4,6,329,169,160,169,160
2013-08-16,33,5,4,349,190,159,190,159
2013-08-17,33,6,5,384,213,171,213,171
2013-08-18,33,7,5,315,166,149,166,149
2013-08-19,34,1,4,450,228,222,228,222
2013-08-20,34,2,4,619,307,312,307,312
2013-08-21,34,3,4,595,299,296,299,296
2013-08-22,34,4,4,596,303,293,303,293
2013-08-23,34,5,4,589,292,297,292,297
2013-08-24,34,6,5,273,135,138,135,138
2013-08-25,34,7,5,380,188,192,188,192
2013-08-26,35,1,4,541,278,263,278,263
2013-08-27,35,2,4,494,261,233,261,233
2013-08-28,35,3,4,556,289,267,289,267
2013-08-29,35,4,4,633,325,308,325,308
2013-08-30,35,5,4,607,330,277,330,277
2013-08-31,35,6,5,447,236,211,236,211
2013-09-01,35,7,5,487,246,241,246,241
2013-09-02,36,1,4,718,365,353,365,353
2013-09-03,36,2,,845,431,414,431,414
2013-09-04,36,3,,872,470,402,470,402
2013-09-05,36,4,,729,372,357,372,357
2013-09-06,36,5,,666,339,327,339,327
2013-09-07,36,6,1,552,282,270,282,270
2013-09-08,36,7,1,239,128,111,128,111
2013-09-09,37,1,,686,340,346,340,346
2013-09-10,37,2,,669,343,326,343,326
2013-09-11,37,3,,721,373,348,373,348
2013-09-12,37,4,,571,307,264,307,264
2013-09-13,37,5,,683,345,338,345,338
2013-09-14,37,6,1,510,273,237,273,237
2013-09-15,37,7,1,141,77,64,77,64
2013-09-16,38,1,,397,206,191,206,191
2013-09-17,38,2,,479,247,232,247,232
2013-09-18,38,3,,407,206,201,206,201
2013-09-19,38,4,,539,273,266,273,266
2013-09-20,38,5,,604,306,298,306,298
2013-09-21,38,6,1,523,263,260,263,260
2013-09-22,38,7,1,572,296,276,296,276
2013-09-23,39,1,,711,361,350,361,350
2013-09-24,39,2,,802,411,391,411,391
2013-09-25,39,3,,761,399,362,399,362
2013-09-26,39,4,,644,333,311,333,311
2013-09-27,39,5,,717,361,356,361,356
2013-09-28,39,6,1,501,248,253,248,253
2013-09-29,39,7,1,175,93,82,93,82
2013-09-30,40,1,,503,247,256,247,256
2013-10-01,40,2,,723,364,359,364,359
2013-10-02,40,3,,883,425,458,425,458
2013-10-03,40,4,,735,367,368,367,368
2013-10-04,40,5,,460,230,230,230,230
2013-10-05,40,6,1,247,131,116,131,116
2013-10-06,40,7,1,374,183,191,183,191
2013-10-07,41,1,,530,272,258,272,258
2013-10-08,41,2,,607,298,309,298,309
2013-10-09,41,3,,662,331,331,331,331
2013-10-10,41,4,,406,198,208,198,208
2013-10-11,41,5,,380,193,187,193,187
2013-10-12,41,6,1,211,121,90,121,90
2013-10-13,41,7,1,216,116,100,116,100
2013-10-14,42,1,,364,182,182,182,182
2013-10-15,42,2,,347,175,172,175,172
2013-10-16,42,3,,469,257,212,257,212
2013-10-17,42,4,,643,318,325,318,325
2013-10-18,42,5,,587,291,296,291,296
2013-10-19,42,6,5,358,181,177,181,177
2013-10-20,42,7,5,141,75,66,75,66
2013-10-21,43,1,4,698,352,346,352,346
2013-10-22,43,2,4,662,359,303,359,303
2013-10-23,43,3,4,334,166,168,166,168
2013-10-24,43,4,4,660,356,304,356,304
2013-10-25,43,5,4,632,325,307,325,307
2013-10-26,43,6,5,535,261,274,261,274
2013-10-27,43,7,5,237,120,117,120,117
2013-10-28,44,1,4,678,359,319,359,319
2013-10-29,44,2,4,328,179,149,179,149
2013-10-30,44,3,4,519,263,256,263,256
2013-10-31,44,4,4,525,273,252,273,252
2013-11-01,44,5,6,373,188,185,188,185
2013-11-02,44,6,5,230,130,100,130,100
2013-11-03,44,7,5,252,134,118,134,118
2013-11-04,45,1,,177,87,90,87,90
2013-11-05,45,2,,333,161,172,161,172
2013-11-06,45,3,,408,231,177,231,177
2013-11-07,45,4,,586,303,283,303,283
2013-11-08,45,5,,416,206,210,206,210
2013-11-09,45,6,1,287,154,133,154,133
2013-11-10,45,7,1,42,21,21,21,21
2013-11-11,46,1,2,261,138,123,138,123
2013-11-12,46,2,,482,246,236,246,236
2013-11-13,46,3,,460,235,225,235,225
2013-11-14,46,4,,390,185,205,185,205
2013-11-15,46,5,,242,124,118,124,118
2013-11-16,46,6,1,272,152,120,152,120
2013-11-17,46,7,1,176,90,86,90,86
2013-11-18,47,1,,375,193,182,193,182
2013-11-19,47,2,,305,156,149,156,149
2013-11-20,47,3,,196,104,92,104,92
2013-11-21,47,4,,228,118,110,118,110
2013-11-22,47,5,,275,147,128,147,128
2013-11-23,47,6,1,135,75,60,75,60
2013-11-24,47,7,1,126,68,58,68,58
2013-11-25,48,1,,375,186,189,186,189
2013-11-26,48,2,,399,211,188,211,188
2013-11-27,48,3,,408,208,200,208,200
2013-11-28,48,4,,351,174,177,174,177
2013-11-29,48,5,,292,148,144,148,144
2013-11-30,48,6,1,81,42,39,42,39
2013-12-01,48,7,1,126,70,56,70,56
2013-12-02,49,1,,395,200,195,200,195
2013-12-03,49,2,,414,201,213,201,213
2013-12-04,49,3,,405,212,193,212,193
2013-12-05,49,4,,351,168,183,168,183
2013-12-06,49,5,,332,158,174,158,174
2013-12-07,49,6,1,183,100,83,100,83
2013-12-08,49,7,1,191,97,94,97,94
2013-12-09,50,1,,327,163,164,163,164
2013-12-10,50,2,,331,177,154,177,154
2013-12-11,50,3,,390,201,189,201,189
2013-12-12,50,4,,382,180,202,180,202
2013-12-13,50,5,,345,169,176,169,176
2013-12-14,50,6,1,171,88,83,88,83
2013-12-15,50,7,1,155,89,66,89,66
2013-12-16,51,1,,374,186,188,186,188
2013-12-17,51,2,,391,194,197,194,197
2013-12-18,51,3,,352,187,165,187,165
2013-12-19,51,4,,224,112,112,112,112
2013-12-20,51,5,,142,72,70,72,70
2013-12-21,51,6,5,225,122,103,122,103
2013-12-22,51,7,5,128,71,57,71,57
2013-12-23,52,1,4,312,161,151,161,151
2013-12-24,52,2,4,106,54,52,54,52
2013-12-25,52,3,6,25,11,14,11,14
2013-12-26,52,4,4,45,20,25,20,25
2013-12-27,52,5,4,184,93,91,93,91
2013-12-28,52,6,5,74,39,35,39,35
2013-12-29,52,7,5,132,71,61,71,61
2013-12-30,01,1,4,248,130,118,130,118
2013-12-31,01,2,4,209,100,109,100,109
2014-01-01,01,3,6,183,97,86,97,86
2014-01-02,01,4,4,139,76,63,76,63
2014-01-03,01,5,4,133,70,63,70,63
2014-01-04,01,6,5,36,19,17,19,17
2014-01-05,01,7,5,257,126,131,126,131
2014-01-06,02,1,,390,188,202,188,202
2014-01-07,02,2,,452,224,228,224,228
2014-01-08,02,3,,457,227,230,227,230
2014-01-09,02,4,,417,214,203,214,203
2014-01-10,02,5,,434,235,199,235,199
2014-01-11,02,6,1,222,109,113,109,113
2014-01-12,02,7,1,327,177,150,177,150
2014-01-13,03,1,,275,142,133,142,133
2014-01-14,03,2,,305,158,147,158,147
2014-01-15,03,3,,413,210,203,210,203
2014-01-16,03,4,,257,133,124,133,124
2014-01-17,03,5,,288,140,148,140,148
2014-01-18,03,6,1,196,114,82,114,82
2014-01-19,03,7,1,66,34,32,34,32
2014-01-20,04,1,,222,111,111,111,111
2014-01-21,04,2,,328,161,167,161,167
2014-01-22,04,3,,493,259,234,259,234
2014-01-23,04,4,,327,162,165,162,165
2014-01-24,04,5,,263,135,128,135,128
2014-01-25,04,6,1,255,127,128,127,128
2014-01-26,04,7,1,189,89,100,89,100
2014-01-27,05,1,,355,175,180,175,180
2014-01-28,05,2,,436,226,210,226,210
2014-01-29,05,3,,264,130,134,130,134
2014-01-30,05,4,,302,162,140,162,140
2014-01-31,05,5,,329,167,162,167,162
2014-02-01,05,6,1,193,101,92,101,92
2014-02-02,05,7,1,93,52,41,52,41
2014-02-03,06,1,,474,239,235,239,235
2014-02-04,06,2,,391,198,193,198,193
2014-02-05,06,3,,215,107,108,107,108
2014-02-06,06,4,,440,222,218,222,218
2014-02-07,06,5,,166,86,80,86,80
2014-02-08,06,6,1,152,74,78,74,78
2014-02-09,06,7,1,290,151,139,151,139
2014-02-10,07,1,,267,143,124,143,124
2014-02-11,07,2,,417,222,195,222,195
2014-02-12,07,3,,515,283,232,283,232
2014-02-13,07,4,,0,0,0,0,0
2014-02-14,07,5,,329,177,152,177,152
2014-02-15,07,6,1,237,109,128,109,128
2014-02-16,07,7,1,43,24,19,24,19
2014-02-17,08,1,,461,238,223,238,223
2014-02-18,08,2,,484,260,224,260,224
2014-02-19,08,3,,417,224,193,224,193
2014-02-20,08,4,,539,282,257,282,257
2014-02-21,08,5,,182,93,89,93,89
2014-02-22,08,6,1,444,232,212,232,212
2014-02-23,08,7,1,457,220,237,220,237
2014-02-24,09,1,,540,282,258,282,258
2014-02-25,09,2,,426,218,208,218,208
2014-02-26,09,3,,133,72,61,72,61
2014-02-27,09,4,,335,156,179,156,179
2014-02-28,09,5,,220,112,108,112,108
2014-03-01,09,6,5,91,48,43,48,43
2014-03-02,09,7,5,287,151,136,151,136
2014-03-03,10,1,4,182,97,85,97,85
2014-03-04,10,2,4,200,104,96,104,96
2014-03-05,10,3,4,397,207,190,207,190
2014-03-06,10,4,4,472,252,220,252,220
2014-03-07,10,5,4,459,243,216,243,216
2014-03-08,10,6,5,467,253,214,253,214
2014-03-09,10,7,5,548,293,255,293,255
2014-03-10,11,1,4,586,307,279,307,279
2014-03-11,11,2,4,562,284,278,284,278
2014-03-12,11,3,4,643,320,323,320,323
2014-03-13,11,4,4,579,306,273,306,273
2014-03-14,11,5,4,517,250,267,250,267
2014-03-15,11,6,5,345,195,150,195,150
2014-03-16,11,7,5,460,264,196,264,196
2014-03-17,12,1,,699,343,356,343,356
2014-03-18,12,2,,797,399,398,399,398
2014-03-19,12,3,,670,354,316,354,316
2014-03-20,12,4,,694,350,344,350,344
2014-03-21,12,5,,590,294,296,294,296
2014-03-22,12,6,1,96,45,51,45,51
2014-03-23,12,7,1,132,69,63,69,63
2014-03-24,13,1,,308,153,155,153,155
2014-03-25,13,2,,502,255,247,255,247
2014-03-26,13,3,,603,327,276,327,276
2014-03-27,13,4,,536,270,266,270,266
2014-03-28,13,5,,608,303,305,303,305
2014-03-29,13,6,1,586,298,288,298,288
2014-03-30,13,7,1,561,309,252,309,252
2014-03-31,14,1,,628,325,303,325,303
2014-04-01,14,2,,742,394,348,394,348
2014-04-02,14,3,,753,399,354,399,354
2014-04-03,14,4,,515,258,257,258,257
2014-04-04,14,5,,445,220,225,220,225
2014-04-05,14,6,1,258,132,126,132,126
2014-04-06,14,7,1,648,320,328,320,328
2014-04-07,15,1,,798,422,376,422,376
2014-04-08,15,2,,394,195,199,195,199
2014-04-09,15,3,,838,429,409,429,409
2014-04-10,15,4,,743,376,367,376,367
2014-04-11,15,5,,707,356,351,356,351
2014-04-12,15,6,1,621,321,300,321,300
2014-04-13,15,7,1,610,310,300,310,300
2014-04-14,16,1,,736,380,356,380,356
2014-04-15,16,2,,757,389,368,389,368
2014-04-16,16,3,,786,406,380,406,380
2014-04-17,16,4,,665,335,330,335,330
2014-04-18,16,5,,472,234,238,234,238
2014-04-19,16,6,1,371,194,177,194,177
2014-04-20,16,7,1,285,148,137,148,137
2014-04-21,17,1,2,210,115,95,115,95
2014-04-22,17,2,,490,255,235,255,235
2014-04-23,17,3,,653,324,329,324,329
2014-04-24,17,4,,692,337,355,337,355
2014-04-25,17,5,,389,194,195,194,195
2014-04-26,17,6,5,428,241,187,241,187
2014-04-27,17,7,5,290,137,153,137,153
2014-04-28,18,1,4,326,163,163,163,163
2014-04-29,18,2,4,594,297,297,297,297
2014-04-30,18,3,4,285,146,139,146,139
2014-05-01,18,4,6,547,292,255,292,255
2014-05-02,18,5,4,93,54,39,54,39
2014-05-03,18,6,5,106,51,55,51,55
2014-05-04,18,7,5,329,173,156,173,156
2014-05-05,19,1,4,697,362,335,362,335
2014-05-06,19,2,4,630,327,303,327,303
2014-05-07,19,3,4,238,124,114,124,114
2014-05-08,19,4,6,571,293,278,293,278
2014-05-09,19,5,4,605,312,293,312,293
2014-05-10,19,6,5,564,271,293,271,293
2014-05-11,19,7,5,306,150,156,150,156
2014-05-12,20,1,,534,289,245,289,245
2014-05-13,20,2,,359,185,174,185,174
2014-05-14,20,3,,523,261,262,261,262
2014-05-15,20,4,,649,335,314,335,314
2014-05-16,20,5,,580,302,278,302,278
2014-05-17,20,6,1,574,311,263,311,263
2014-05-18,20,7,1,647,348,299,348,299
2014-05-19,21,1,,583,322,261,322,261
2014-05-20,21,2,,755,390,365,390,365
2014-05-21,21,3,,750,379,371,379,371
2014-05-22,21,4,,440,228,212,228,212
2014-05-23,21,5,,640,333,307,333,307
2014-05-24,21,6,1,637,338,299,338,299
2014-05-25,21,7,1,383,195,188,195,188
2014-05-26,22,1,,371,199,172,199,172
2014-05-27,22,2,,330,165,165,165,165
2014-05-28,22,3,,616,328,288,328,288
2014-05-29,22,4,2,468,243,225,243,225
2014-05-30,22,5,,449,222,227,222,227
2014-05-31,22,6,1,350,178,172,178,172
2014-06-01,22,7,1,634,338,296,338,296
2014-06-02,23,1,,564,280,284,280,284
2014-06-03,23,2,,807,412,395,412,395
2014-06-04,23,3,,381,199,182,199,182
2014-06-05,23,4,,802,407,395,407,395
2014-06-06,23,5,,699,370,329,370,329
2014-06-07,23,6,1,552,279,273,279,273
2014-06-08,23,7,1,345,174,171,174,171
2014-06-09,24,1,2,428,226,202,226,202
2014-06-10,24,2,,476,248,228,248,228
2014-06-11,24,3,,721,371,350,371,350
2014-06-12,24,4,,710,350,360,350,360
2014-06-13,24,5,,627,319,308,319,308
2014-06-14,24,6,1,473,232,241,232,241
2014-06-15,24,7,1,269,144,125,144,125
2014-06-16,25,1,,564,284,280,284,280
2014-06-17,25,2,,598,294,304,294,304
2014-06-18,25,3,,417,225,192,225,192
2014-06-19,25,4,,726,359,367,359,367
2014-06-20,25,5,,705,361,344,361,344
2014-06-21,25,6,1,404,210,194,210,194
2014-06-22,25,7,1,421,214,207,214,207
2014-06-23,26,1,,604,306,298,306,298
2014-06-24,26,2,,639,327,312,327,312
2014-06-25,26,3,,640,331,309,331,309
2014-06-26,26,4,,693,336,357,336,357
2014-06-27,26,5,,590,300,290,300,290
2014-06-28,26,6,1,395,208,187,208,187
2014-06-29,26,7,1,250,129,121,129,121
2014-06-30,27,1,,564,275,289,275,289
2014-07-01,27,2,,718,379,339,379,339
2014-07-02,27,3,,400,195,205,195,205
2014-07-03,27,4,,739,373,366,373,366
2014-07-04,27,5,,379,195,184,195,184
2014-07-05,27,6,5,389,198,191,198,191
2014-07-06,27,7,5,301,155,146,155,146
2014-07-07,28,1,4,396,223,173,223,173
2014-07-08,28,2,4,283,147,136,147,136
2014-07-09,28,3,4,176,92,84,92,84
2014-07-10,28,4,4,172,93,79,93,79
2014-07-11,28,5,4,312,147,165,147,165
2014-07-12,28,6,5,171,89,82,89,82
2014-07-13,28,7,5,419,222,197,222,197
2014-07-14,29,1,6,320,172,148,172,148
2014-07-15,29,2,4,627,326,301,326,301
2014-07-16,29,3,4,670,357,313,357,313
2014-07-17,29,4,4,602,314,288,314,288
2014-07-18,29,5,4,588,312,276,312,276
2014-07-19,29,6,5,508,249,259,249,259
2014-07-20,29,7,5,128,73,55,73,55
2014-07-21,30,1,4,140,65,75,65,75
2014-07-22,30,2,4,249,132,117,132,117
2014-07-23,30,3,4,512,268,244,268,244
2014-07-24,30,4,4,436,224,212,224,212
2014-07-25,30,5,4,471,249,222,249,222
2014-07-26,30,6,5,291,144,147,144,147
2014-07-27,30,7,5,359,188,171,188,171
2014-07-28,31,1,4,331,150,181,150,181
2014-07-29,31,2,4,106,50,56,50,56
2014-07-30,31,3,4,311,159,152,159,152
2014-07-31,31,4,4,529,283,246,283,246
2014-08-01,31,5,4,467,240,227,240,227
2014-08-02,31,6,5,282,141,141,141,141
2014-08-03,31,7,5,369,198,171,198,171
2014-08-04,32,1,4,466,253,213,253,213
2014-08-05,32,2,4,548,269,279,269,279
2014-08-06,32,3,4,582,292,290,292,290
2014-08-07,32,4,4,501,262,239,262,239
2014-08-08,32,5,4,440,225,215,225,215
2014-08-09,32,6,5,278,133,145,133,145
2014-08-10,32,7,5,257,130,127,130,127
2014-08-11,33,1,4,320,177,143,177,143
2014-08-12,33,2,4,415,190,225,190,225
2014-08-13,33,3,4,189,89,100,89,100
2014-08-14,33,4,4,464,235,229,235,229
2014-08-15,33,5,6,195,107,88,107,88
2014-08-16,33,6,5,317,155,162,155,162
2014-08-17,33,7,5,436,226,210,226,210
2014-08-18,34,1,4,574,297,277,297,277
2014-08-19,34,2,4,361,186,175,186,175
2014-08-20,34,3,4,579,296,283,296,283
2014-08-21,34,4,4,644,335,309,335,309
2014-08-22,34,5,4,566,285,281,285,281
2014-08-23,34,6,5,307,165,142,165,142
2014-08-24,34,7,5,470,224,246,224,246
2014-08-25,35,1,4,619,304,315,304,315
2014-08-26,35,2,4,218,105,113,105,113
2014-08-27,35,3,4,584,302,282,302,282
2014-08-28,35,4,4,690,344,346,344,346
2014-08-29,35,5,4,534,272,262,272,262
2014-08-30,35,6,5,385,182,203,182,203
2014-08-31,35,7,5,446,219,227,219,227
2014-09-01,36,1,,628,313,315,313,315
2014-09-02,36,2,,694,345,349,345,349
2014-09-03,36,3,,806,394,412,394,412
2014-09-04,36,4,,713,359,354,359,354
2014-09-05,36,5,,666,328,338,328,338
2014-09-06,36,6,1,586,281,305,281,305
2014-09-07,36,7,1,515,248,267,248,267
2014-09-08,37,1,,727,361,366,361,366
2014-09-09,37,2,,496,253,243,253,243
2014-09-10,37,3,,750,368,382,368,382
2014-09-11,37,4,,693,356,337,356,337
2014-09-12,37,5,,625,294,331,294,331
2014-09-13,37,6,1,467,244,223,244,223
2014-09-14,37,7,1,544,302,242,302,242
2014-09-15,38,1,,663,335,328,335,328
2014-09-16,38,2,,655,342,313,342,313
2014-09-17,38,3,,649,346,303,346,303
2014-09-18,38,4,,343,177,166,177,166
2014-09-19,38,5,,399,212,187,212,187
2014-09-20,38,6,1,409,209,200,209,200
2014-09-21,38,7,1,409,199,210,199,210
2014-09-22,39,1,,605,306,299,306,299
2014-09-23,39,2,,674,356,318,356,318
2014-09-24,39,3,,371,187,184,187,184
2014-09-25,39,4,,541,267,274,267,274
2014-09-26,39,5,,597,303,294,303,294
2014-09-27,39,6,1,427,221,206,221,206
2014-09-28,39,7,1,555,290,265,290,265
2014-09-29,40,1,,551,273,278,273,278
2014-09-30,40,2,,296,148,148,148,148
2014-10-01,40,3,,696,348,348,348,348
2014-10-02,40,4,,662,334,328,334,328
2014-10-03,40,5,,638,311,327,311,327
2014-10-04,40,6,1,533,258,275,258,275
2014-10-05,40,7,1,340,182,158,182,158
2014-10-06,41,1,,621,310,311,310,311
2014-10-07,41,2,,468,237,231,237,231
2014-10-08,41,3,,648,322,326,322,326
2014-10-09,41,4,,612,307,305,307,305
2014-10-10,41,5,,352,176,176,176,176
2014-10-11,41,6,1,306,145,161,145,161
2014-10-12,41,7,1,411,210,201,210,201
2014-10-13,42,1,,351,176,175,176,175
2014-10-14,42,2,,602,288,314,288,314
2014-10-15,42,3,,684,337,347,337,347
2014-10-16,42,4,,583,278,305,278,305
2014-10-17,42,5,,645,318,327,318,327
2014-10-18,42,6,5,546,290,256,290,256
2014-10-19,42,7,5,560,278,282,278,282
2014-10-20,43,1,4,693,340,353,340,353
2014-10-21,43,2,4,581,292,289,292,289
2014-10-22,43,3,4,289,146,143,146,143
2014-10-23,43,4,4,519,261,258,261,258
2014-10-24,43,5,4,487,238,249,238,249
2014-10-25,43,6,5,388,208,180,208,180
2014-10-26,43,7,5,446,220,226,220,226
2014-10-27,44,1,4,559,288,271,288,271
2014-10-28,44,2,4,638,316,322,316,322
2014-10-29,44,3,4,584,283,301,283,301
2014-10-30,44,4,4,573,289,284,289,284
2014-10-31,44,5,4,566,279,287,279,287
2014-11-01,44,6,7,449,231,218,231,218
2014-11-02,44,7,5,518,266,252,266,252
2014-11-03,45,1,,492,246,246,246,246
2014-11-04,45,2,,213,111,102,111,102
2014-11-05,45,3,,187,101,86,101,86
2014-11-06,45,4,,449,217,232,217,232
2014-11-07,45,5,,445,224,221,224,221
2014-11-08,45,6,1,363,186,177,186,177
2014-11-09,45,7,1,127,67,60,67,60
2014-11-10,46,1,,153,78,75,78,75
2014-11-11,46,2,2,365,197,168,197,168
2014-11-12,46,3,,237,125,112,125,112
2014-11-13,46,4,,505,245,260,245,260
2014-11-14,46,5,,381,197,184,197,184
2014-11-15,46,6,1,60,40,20,40,20
2014-11-16,46,7,1,273,142,131,142,131
2014-11-17,47,1,,195,102,93,102,93
2014-11-18,47,2,,336,166,170,166,170
2014-11-19,47,3,,475,240,235,240,235
2014-11-20,47,4,,470,237,233,237,233
2014-11-21,47,5,,449,225,224,225,224
2014-11-22,47,6,1,361,184,177,184,177
2014-11-23,47,7,1,298,156,142,156,142
2014-11-24,48,1,,514,258,256,258,256
2014-11-25,48,2,,422,221,201,221,201
2014-11-26,48,3,,355,176,179,176,179
2014-11-27,48,4,,443,230,213,230,213
2014-11-28,48,5,,409,208,201,208,201
2014-11-29,48,6,1,266,146,120,146,120
2014-11-30,48,7,1,108,59,49,59,49
2014-12-01,49,1,,205,103,102,103,102
2014-12-02,49,2,,390,201,189,201,189
2014-12-03,49,3,,390,191,199,191,199
2014-12-04,49,4,,279,145,134,145,134
2014-12-05,49,5,,294,141,153,141,153
2014-12-06,49,6,1,129,62,67,62,67
2014-12-07,49,7,1,107,56,51,56,51
2014-12-08,50,1,,347,171,176,171,176
2014-12-09,50,2,,292,153,139,153,139
2014-12-10,50,3,,374,177,197,177,197
2014-12-11,50,4,,332,175,157,175,157
2014-12-12,50,5,,292,142,150,142,150
2014-12-13,50,6,1,194,100,94,100,94
2014-12-14,50,7,1,202,100,102,100,102
2014-12-15,51,1,,420,210,210,210,210
2014-12-16,51,2,,415,210,205,210,205
2014-12-17,51,3,,235,122,113,122,113
2014-12-18,51,4,,227,112,115,112,115
2014-12-19,51,5,,382,186,196,186,196
2014-12-20,51,6,5,240,124,116,124,116
2014-12-21,51,7,5,264,142,122,142,122
2014-12-22,52,1,4,322,172,150,172,150
2014-12-23,52,2,4,288,142,146,142,146
2014-12-24,52,3,4,192,98,94,98,94
2014-12-25,52,4,6,73,37,36,37,36
2014-12-26,52,5,4,185,86,99,86,99
2014-12-27,52,6,5,27,17,10,17,10
2014-12-28,52,7,5,31,14,17,14,17
2014-12-29,01,1,4,101,52,49,52,49
2014-12-30,01,2,4,105,60,45,60,45
2014-12-31,01,3,4,120,64,56,64,56
2015-01-01,01,4,6,114,68,46,68,46
2015-01-02,01,5,4,126,65,61,65,61
2015-01-03,01,6,5,179,86,93,86,93
2015-01-04,01,7,5,120,61,59,61,59
2015-01-05,02,1,,439,218,221,218,221
2015-01-06,02,2,,451,224,227,224,227
2015-01-07,02,3,,393,202,191,202,191
2015-01-08,02,4,,363,183,180,183,180
2015-01-09,02,5,,294,140,154,140,154
2015-01-10,02,6,1,355,188,167,188,167
2015-01-11,02,7,1,123,68,55,68,55
2015-01-12,03,1,,475,244,231,244,231
2015-01-13,03,2,,412,201,211,201,211
2015-01-14,03,3,,373,198,175,198,175
2015-01-15,03,4,,375,189,186,189,186
2015-01-16,03,5,,216,112,104,112,104
2015-01-17,03,6,1,88,43,45,43,45
2015-01-18,03,7,1,192,100,92,100,92
2015-01-19,04,1,,322,153,169,153,169
2015-01-20,04,2,,194,105,89,105,89
2015-01-21,04,3,,273,143,130,143,130
2015-01-22,04,4,,342,169,173,169,173
2015-01-23,04,5,,268,138,130,138,130
2015-01-24,04,6,1,146,81,65,81,65
2015-01-25,04,7,1,82,42,40,42,40
2015-01-26,05,1,,330,169,161,169,161
2015-01-27,05,2,,301,147,154,147,154
2015-01-28,05,3,,349,183,166,183,166
2015-01-29,05,4,,167,88,79,88,79
2015-01-30,05,5,,195,96,99,96,99
2015-01-31,05,6,1,138,77,61,77,61
2015-02-01,05,7,1,31,12,19,12,19
2015-02-02,06,1,,160,77,83,77,83
2015-02-03,06,2,,284,149,135,149,135
2015-02-04,06,3,,178,85,93,85,93
2015-02-05,06,4,,184,85,99,85,99
2015-02-06,06,5,,178,97,81,97,81
2015-02-07,06,6,5,79,39,40,39,40
2015-02-08,06,7,5,72,39,33,39,33
2015-02-09,07,1,4,226,162,64,162,64
2015-02-10,07,2,4,265,167,98,167,98
2015-02-11,07,3,4,343,181,162,181,162
2015-02-12,07,4,4,365,181,184,181,184
2015-02-13,07,5,4,304,161,143,161,143
2015-02-14,07,6,5,130,76,54,76,54
2015-02-15,07,7,5,97,49,48,49,48
2015-02-16,08,1,4,332,171,161,171,161
2015-02-17,08,2,4,282,139,143,139,143
2015-02-18,08,3,4,289,150,139,150,139
2015-02-19,08,4,4,451,225,226,225,226
2015-02-20,08,5,4,383,192,191,192,191
2015-02-21,08,6,5,54,30,24,30,24
2015-02-22,08,7,5,49,25,24,25,24
2015-02-23,09,1,4,241,117,124,117,124
2015-02-24,09,2,,277,142,135,142,135
2015-02-25,09,3,,406,210,196,210,196
2015-02-26,09,4,,358,185,173,185,173
2015-02-27,09,5,,144,71,73,71,73
2015-02-28,09,6,1,254,132,122,132,122
2015-03-01,09,7,1,40,22,18,22,18
2015-03-02,10,1,,221,110,111,110,111
2015-03-03,10,2,,518,281,237,281,237
2015-03-04,10,3,,229,121,108,121,108
2015-03-05,10,4,,392,199,193,199,193
2015-03-06,10,5,,433,232,201,232,201
2015-03-07,10,6,1,370,205,165,205,165
2015-03-08,10,7,1,496,259,237,259,237
2015-03-09,11,1,,538,274,264,274,264
2015-03-10,11,2,,537,279,258,279,258
2015-03-11,11,3,,533,271,262,271,262
2015-03-12,11,4,,593,304,289,304,289
2015-03-13,11,5,,476,237,239,237,239
2015-03-14,11,6,1,114,58,56,58,56
2015-03-15,11,7,1,281,159,122,159,122
2015-03-16,12,1,,564,289,275,289,275
2015-03-17,12,2,,629,318,311,318,311
2015-03-18,12,3,,685,344,341,344,341
2015-03-19,12,4,,546,275,271,275,271
2015-03-20,12,5,,413,224,189,224,189
2015-03-21,12,6,1,185,101,84,101,84
2015-03-22,12,7,1,116,60,56,60,56
2015-03-23,13,1,,575,294,281,294,281
2015-03-24,13,2,,589,292,297,292,297
2015-03-25,13,3,,173,91,82,91,82
2015-03-26,13,4,,340,173,167,173,167
2015-03-27,13,5,,371,190,181,190,181
2015-03-28,13,6,1,434,236,198,236,198
2015-03-29,13,7,1,339,188,151,188,151
2015-03-30,14,1,,151,76,75,76,75
2015-03-31,14,2,,422,210,212,210,212
2015-04-01,14,3,,428,213,215,213,215
2015-04-02,14,4,,470,239,231,239,231
2015-04-03,14,5,,463,242,221,242,221
2015-04-04,14,6,1,99,55,44,55,44
2015-04-05,14,7,1,148,83,65,83,65
2015-04-06,15,1,2,524,276,248,276,248
2015-04-07,15,2,,614,327,287,327,287
2015-04-08,15,3,,716,356,360,356,360
2015-04-09,15,4,,663,324,339,324,339
2015-04-10,15,5,,563,295,268,295,268
2015-04-11,15,6,5,528,270,258,270,258
2015-04-12,15,7,5,597,314,283,314,283
2015-04-13,16,1,4,680,348,332,348,332
2015-04-14,16,2,4,791,402,389,402,389
2015-04-15,16,3,4,798,407,391,407,391
2015-04-16,16,4,4,411,205,206,205,206
2015-04-17,16,5,4,237,119,118,119,118
2015-04-18,16,6,5,344,180,164,180,164
2015-04-19,16,7,5,282,144,138,144,138
2015-04-20,17,1,4,507,252,255,252,255
2015-04-21,17,2,4,754,376,378,376,378
2015-04-22,17,3,4,791,397,394,397,394
2015-04-23,17,4,4,730,366,364,366,364
2015-04-24,17,5,4,765,382,383,382,383
2015-04-25,17,6,5,202,99,103,99,103
2015-04-26,17,7,5,407,218,189,218,189
2015-04-27,18,1,,354,181,173,181,173
2015-04-28,18,2,,351,192,159,192,159
2015-04-29,18,3,,617,324,293,324,293
2015-04-30,18,4,,630,307,323,307,323
2015-05-01,18,5,2,36,19,17,19,17
2015-05-02,18,6,1,461,234,227,234,227
2015-05-03,18,7,1,175,90,85,90,85
2015-05-04,19,1,,464,232,232,232,232
2015-05-05,19,2,,524,266,258,266,258
2015-05-06,19,3,,707,361,346,361,346
2015-05-07,19,4,,752,378,374,378,374
2015-05-08,19,5,2,300,151,149,151,149
2015-05-09,19,6,1,372,187,185,187,185
2015-05-10,19,7,1,719,363,356,363,356
2015-05-11,20,1,,739,360,379,360,379
2015-05-12,20,2,,735,357,378,357,378
2015-05-13,20,3,,771,407,364,407,364
2015-05-14,20,4,2,510,266,244,266,244
2015-05-15,20,5,,51,27,24,27,24
2015-05-16,20,6,1,252,127,125,127,125
2015-05-17,20,7,1,468,234,234,234,234
2015-05-18,21,1,,811,409,402,409,402
2015-05-19,21,2,,532,283,249,283,249
2015-05-20,21,3,,398,205,193,205,193
2015-05-21,21,4,,326,169,157,169,157
2015-05-22,21,5,,511,253,258,253,258
2015-05-23,21,6,1,372,208,164,208,164
2015-05-24,21,7,1,515,268,247,268,247
2015-05-25,22,1,2,621,334,287,334,287
2015-05-26,22,2,,473,236,237,236,237
2015-05-27,22,3,,722,382,340,382,340
2015-05-28,22,4,,803,402,401,402,401
2015-05-29,22,5,,737,377,360,377,360
2015-05-30,22,6,1,633,311,322,311,322
2015-05-31,22,7,1,465,232,233,232,233
2015-06-01,23,1,,743,380,363,380,363
2015-06-02,23,2,,707,359,348,359,348
2015-06-03,23,3,,821,425,396,425,396
2015-06-04,23,4,,747,389,358,389,358
2015-06-05,23,5,,633,328,305,328,305
2015-06-06,23,6,1,389,188,201,188,201
2015-06-07,23,7,1,468,239,229,239,229
2015-06-08,24,1,,647,320,327,320,327
2015-06-09,24,2,,648,329,319,329,319
2015-06-10,24,3,,691,357,334,357,334
2015-06-11,24,4,,845,419,426,419,426
2015-06-12,24,5,,323,170,153,170,153
2015-06-13,24,6,1,486,263,223,263,223
2015-06-14,24,7,1,227,123,104,123,104
2015-06-15,25,1,,553,284,269,284,269
2015-06-16,25,2,,478,252,226,252,226
2015-06-17,25,3,,634,336,298,336,298
2015-06-18,25,4,,725,369,356,369,356
2015-06-19,25,5,,554,282,272,282,272
2015-06-20,25,6,1,515,264,251,264,251
2015-06-21,25,7,1,517,291,226,291,226
2015-06-22,26,1,,741,380,361,380,361
2015-06-23,26,2,,649,318,331,318,331
2015-06-24,26,3,,786,394,392,394,392
2015-06-25,26,4,,739,379,360,379,360
2015-06-26,26,5,,622,332,290,332,290
2015-06-27,26,6,1,366,187,179,187,179
2015-06-28,26,7,1,350,200,150,200,150
2015-06-29,27,1,,749,375,374,375,374
2015-06-30,27,2,,775,387,388,387,388
2015-07-01,27,3,,685,345,340,345,340
2015-07-02,27,4,,671,341,330,341,330
2015-07-03,27,5,,539,267,272,267,272
2015-07-04,27,6,5,338,173,165,173,165
2015-07-05,27,7,5,258,137,121,137,121
2015-07-06,28,1,4,582,292,290,292,290
2015-07-07,28,2,4,508,254,254,254,254
2015-07-08,28,3,4,581,307,274,307,274
2015-07-09,28,4,4,699,354,345,354,345
2015-07-10,28,5,4,578,307,271,307,271
2015-07-11,28,6,5,290,148,142,148,142
2015-07-12,28,7,5,272,137,135,137,135
2015-07-13,29,1,4,389,186,203,186,203
2015-07-14,29,2,6,318,156,162,156,162
2015-07-15,29,3,4,592,300,292,300,292
2015-07-16,29,4,4,536,259,277,259,277
2015-07-17,29,5,4,430,216,214,216,214
2015-07-18,29,6,5,309,148,161,148,161
2015-07-19,29,7,5,299,154,145,154,145
2015-07-20,30,1,4,510,261,249,261,249
2015-07-21,30,2,4,489,244,245,244,245
2015-07-22,30,3,4,442,222,220,222,220
2015-07-23,30,4,4,569,294,275,294,275
2015-07-24,30,5,4,434,225,209,225,209
2015-07-25,30,6,5,356,175,181,175,181
2015-07-26,30,7,5,341,179,162,179,162
2015-07-27,31,1,4,537,262,275,262,275
2015-07-28,31,2,4,644,325,319,325,319
2015-07-29,31,3,4,440,223,217,223,217
2015-07-30,31,4,4,495,263,232,263,232
2015-07-31,31,5,4,495,249,246,249,246
2015-08-01,31,6,5,122,69,53,69,53
2015-08-02,31,7,5,352,186,166,186,166
2015-08-03,32,1,4,558,293,265,293,265
2015-08-04,32,2,4,487,252,235,252,235
2015-08-05,32,3,4,496,248,248,248,248
2015-08-06,32,4,4,419,216,203,216,203
2015-08-07,32,5,4,352,181,171,181,171
2015-08-08,32,6,5,279,143,136,143,136
2015-08-09,32,7,5,72,39,33,39,33
2015-08-10,33,1,4,306,155,151,155,151
2015-08-11,33,2,4,455,241,214,241,214
2015-08-12,33,3,4,462,240,222,240,222
2015-08-13,33,4,4,385,202,183,202,183
2015-08-14,33,5,4,234,115,119,115,119
2015-08-15,33,6,7,127,73,54,73,54
2015-08-16,33,7,5,230,126,104,126,104
2015-08-17,34,1,4,500,248,252,248,252
2015-08-18,34,2,4,546,278,268,278,268
2015-08-19,34,3,4,564,283,281,283,281
2015-08-20,34,4,4,559,286,273,286,273
2015-08-21,34,5,4,526,272,254,272,254
2015-08-22,34,6,5,390,190,200,190,200
2015-08-23,34,7,5,201,120,81,120,81
2015-08-24,35,1,4,172,93,79,93,79
2015-08-25,35,2,4,629,324,305,324,305
2015-08-26,35,3,4,756,389,367,389,367
2015-08-27,35,4,4,680,336,344,336,344
2015-08-28,35,5,4,646,337,309,337,309
2015-08-29,35,6,5,403,206,197,206,197
2015-08-30,35,7,5,401,212,189,212,189
2015-08-31,36,1,,703,380,323,380,323
2015-09-01,36,2,,360,185,175,185,175
2015-09-02,36,3,,639,335,304,335,304
2015-09-03,36,4,,584,296,288,296,288
2015-09-04,36,5,,629,309,320,309,320
2015-09-05,36,6,1,385,187,198,187,198
2015-09-06,36,7,1,521,278,243,278,243
2015-09-07,37,1,,658,324,334,324,334
2015-09-08,37,2,,740,384,356,384,356
2015-09-09,37,3,,777,382,395,382,395
2015-09-10,37,4,,742,385,357,385,357
2015-09-11,37,5,,691,355,336,355,336
2015-09-12,37,6,1,428,227,201,227,201
2015-09-13,37,7,1,351,194,157,194,157
2015-09-14,38,1,,416,212,204,212,204
2015-09-15,38,2,,613,306,307,306,307
2015-09-16,38,3,,544,280,264,280,264
2015-09-17,38,4,,250,129,121,129,121
2015-09-18,38,5,,438,219,219,219,219
2015-09-19,38,6,1,382,194,188,194,188
2015-09-20,38,7,1,418,222,196,222,196
2015-09-21,39,1,,688,355,333,355,333
2015-09-22,39,2,,698,367,331,367,331
2015-09-23,39,3,,293,143,150,143,150
2015-09-24,39,4,,649,342,307,342,307
2015-09-25,39,5,,619,311,308,311,308
2015-09-26,39,6,1,467,227,240,227,240
2015-09-27,39,7,1,525,284,241,284,241
2015-09-28,40,1,,621,311,310,311,310
2015-09-29,40,2,,614,311,303,311,303
2015-09-30,40,3,,735,358,377,358,377
2015-10-01,40,4,,699,349,350,349,350
2015-10-02,40,5,,448,222,226,222,226
2015-10-03,40,6,1,205,109,96,109,96
2015-10-04,40,7,1,353,197,156,197,156
2015-10-05,41,1,,452,237,215,237,215
2015-10-06,41,2,,365,180,185,180,185
2015-10-07,41,3,,423,205,218,205,218
2015-10-08,41,4,,588,295,293,295,293
2015-10-09,41,5,,548,267,281,267,281
2015-10-10,41,6,1,315,153,162,153,162
2015-10-11,41,7,1,421,216,205,216,205
2015-10-12,42,1,,415,219,196,219,196
2015-10-13,42,2,,267,133,134,133,134
2015-10-14,42,3,,436,210,226,210,226
2015-10-15,42,4,,366,190,176,190,176
2015-10-16,42,5,,340,161,179,161,179
2015-10-17,42,6,5,372,199,173,199,173
2015-10-18,42,7,5,195,107,88,107,88
2015-10-19,43,1,4,473,243,230,243,230
2015-10-20,43,2,4,455,233,222,233,222
2015-10-21,43,3,4,445,225,220,225,220
2015-10-22,43,4,4,503,248,255,248,255
2015-10-23,43,5,4,460,224,236,224,236
2015-10-24,43,6,5,264,138,126,138,126
2015-10-25,43,7,5,337,177,160,177,160
2015-10-26,44,1,4,532,263,269,263,269
2015-10-27,44,2,4,442,213,229,213,229
2015-10-28,44,3,4,273,142,131,142,131
2015-10-29,44,4,4,440,226,214,226,214
2015-10-30,44,5,4,518,257,261,257,261
2015-10-31,44,6,5,365,186,179,186,179
2015-11-01,44,7,7,402,208,194,208,194
2015-11-02,45,1,,604,308,296,308,296
2015-11-03,45,2,,327,160,167,160,167
2015-11-04,45,3,,583,286,297,286,297
2015-11-05,45,4,,621,308,313,308,313
2015-11-06,45,5,,614,307,307,307,307
2015-11-07,45,6,1,460,246,214,246,214
2015-11-08,45,7,1,429,200,229,200,229
2015-11-09,46,1,,627,325,302,325,302
2015-11-10,46,2,,640,314,326,314,326
2015-11-11,46,3,2,399,207,192,207,192
2015-11-12,46,4,,562,277,285,277,285
2015-11-13,46,5,,502,249,253,249,253
2015-11-14,46,6,1,289,162,127,162,127
2015-11-15,46,7,1,419,200,219,200,219
2015-11-16,47,1,,586,300,286,300,286
2015-11-17,47,2,,593,293,300,293,300
2015-11-18,47,3,,583,303,280,303,280
2015-11-19,47,4,,558,277,281,277,281
2015-11-20,47,5,,291,150,141,150,141
2015-11-21,47,6,1,64,34,30,34,30
2015-11-22,47,7,1,82,42,40,42,40
2015-11-23,48,1,,448,220,228,220,228
2015-11-24,48,2,,414,218,196,218,196
2015-11-25,48,3,,174,94,80,94,80
2015-11-26,48,4,,256,131,125,131,125
2015-11-27,48,5,,341,171,170,171,170
2015-11-28,48,6,1,87,47,40,47,40
2015-11-29,48,7,1,30,18,12,18,12
2015-11-30,49,1,,445,233,212,233,212
2015-12-01,49,2,,465,230,235,230,235
2015-12-02,49,3,,453,226,227,226,227
2015-12-03,49,4,,511,252,259,252,259
2015-12-04,49,5,,399,201,198,201,198
2015-12-05,49,6,1,146,68,78,68,78
2015-12-06,49,7,1,236,129,107,129,107
2015-12-07,50,1,,515,259,256,259,256
2015-12-08,50,2,,499,251,248,251,248
2015-12-09,50,3,,323,182,141,182,141
2015-12-10,50,4,,417,207,210,207,210
2015-12-11,50,5,,422,212,210,212,210
2015-12-12,50,6,1,220,118,102,118,102
2015-12-13,50,7,1,194,94,100,94,100
2015-12-14,51,1,,439,219,220,219,220
2015-12-15,51,2,,412,216,196,216,196
2015-12-16,51,3,,423,220,203,220,203
2015-12-17,51,4,,469,236,233,236,233
2015-12-18,51,5,,402,195,207,195,207
2015-12-19,51,6,5,235,122,113,122,113
2015-12-20,51,7,5,183,97,86,97,86
2015-12-21,52,1,4,241,123,118,123,118
2015-12-22,52,2,4,313,159,154,159,154
2015-12-23,52,3,4,311,157,154,157,154
2015-12-24,52,4,4,189,87,102,87,102
2015-12-25,52,5,6,131,63,68,63,68
2015-12-26,52,6,5,205,98,107,98,107
2015-12-27,52,7,5,195,105,90,105,90
2015-12-28,53,1,4,286,146,140,146,140
2015-12-29,53,2,4,150,77,73,77,73
2015-12-30,53,3,4,196,108,88,108,88
2015-12-31,53,4,4,105,65,40,65,40
2016-01-01,53,5,6,162,97,65,97,65
2016-01-02,53,6,5,34,16,18,16,18
2016-01-03,53,7,5,152,85,67,85,67
2016-01-04,01,1,,292,152,140,152,140
2016-01-05,01,2,,422,222,200,222,200
2016-01-06,01,3,,307,155,152,155,152
2016-01-07,01,4,,160,81,79,81,79
2016-01-08,01,5,,300,157,143,157,143
2016-01-09,01,6,1,50,26,24,26,24
2016-01-10,01,7,1,146,73,73,73,73
2016-01-11,02,1,,246,128,118,128,118
2016-01-12,02,2,,258,128,130,128,130
2016-01-13,02,3,,385,201,184,201,184
2016-01-14,02,4,,226,109,117,109,117
2016-01-15,02,5,,278,142,136,142,136
2016-01-16,02,6,1,65,29,36,29,36
2016-01-17,02,7,1,142,75,67,75,67
2016-01-18,03,1,,321,154,167,154,167
2016-01-19,03,2,,314,165,149,165,149
2016-01-20,03,3,,366,198,168,198,168
2016-01-21,03,4,,349,179,170,179,170
2016-01-22,03,5,,349,179,170,179,170
2016-01-23,03,6,1,198,109,89,109,89
2016-01-24,03,7,1,219,106,113,106,113
2016-01-25,04,1,,479,248,231,248,231
2016-01-26,04,2,,456,230,226,230,226
2016-01-27,04,3,,576,284,292,284,292
2016-01-28,04,4,,187,15,172,15,172
2016-01-29,04,5,,286,129,157,129,157
2016-01-30,04,6,1,316,171,145,171,145
2016-01-31,04,7,1,37,20,17,20,17
2016-02-01,05,1,,384,202,182,202,182
2016-02-02,05,2,,528,269,259,269,259
2016-02-03,05,3,,188,96,92,96,92
2016-02-04,05,4,,371,192,179,192,179
2016-02-05,05,5,,438,208,230,208,230
2016-02-06,05,6,1,286,158,128,158,128
2016-02-07,05,7,1,50,23,27,23,27
2016-02-08,06,1,,369,185,184,185,184
2016-02-09,06,2,,245,124,121,124,121
2016-02-10,06,3,,378,181,197,181,197
2016-02-11,06,4,,415,204,211,204,211
2016-02-12,06,5,,177,92,85,92,85
2016-02-13,06,6,5,154,77,77,77,77
2016-02-14,06,7,5,126,62,64,62,64
2016-02-15,07,1,4,257,131,126,131,126
2016-02-16,07,2,4,273,144,129,144,129
2016-02-17,07,3,4,304,172,132,172,132
2016-02-18,07,4,4,342,182,160,182,160
2016-02-19,07,5,4,299,162,137,162,137
2016-02-20,07,6,5,266,130,136,130,136
2016-02-21,07,7,5,378,215,163,215,163
2016-02-22,08,1,4,226,115,111,115,111
2016-02-23,08,2,4,221,107,114,107,114
2016-02-24,08,3,4,339,166,173,166,173
2016-02-25,08,4,4,115,58,57,58,57
2016-02-26,08,5,4,280,143,137,143,137
2016-02-27,08,6,5,293,161,132,161,132
2016-02-28,08,7,5,302,158,144,158,144
2016-02-29,09,1,,255,135,120,135,120
2016-03-01,09,2,,398,194,204,194,204
2016-03-02,09,3,,194,97,97,97,97
2016-03-03,09,4,,152,79,73,79,73
2016-03-04,09,5,,272,142,130,142,130
2016-03-05,09,6,1,163,88,75,88,75
2016-03-06,09,7,1,180,93,87,93,87
2016-03-07,10,1,,448,224,224,224,224
2016-03-08,10,2,,288,140,148,140,148
2016-03-09,10,3,,416,215,201,215,201
2016-03-10,10,4,,429,209,220,209,220
2016-03-11,10,5,,389,191,198,191,198
2016-03-12,10,6,1,257,149,108,149,108
2016-03-13,10,7,1,293,155,138,155,138
2016-03-14,11,1,,481,247,234,247,234
2016-03-15,11,2,,589,286,303,286,303
2016-03-16,11,3,,238,119,119,119,119
2016-03-17,11,4,,486,253,233,253,233
2016-03-18,11,5,,511,256,255,256,255
2016-03-19,11,6,1,526,294,232,294,232
2016-03-20,11,7,1,317,156,161,156,161
2016-03-21,12,1,,503,240,263,240,263
2016-03-22,12,2,,503,252,251,252,251
2016-03-23,12,3,,524,256,268,256,268
2016-03-24,12,4,,565,282,283,282,283
2016-03-25,12,5,,349,175,174,175,174
2016-03-26,12,6,1,469,228,241,228,241
2016-03-27,12,7,1,41,18,23,18,23
2016-03-28,13,1,2,147,82,65,82,65
2016-03-29,13,2,,425,216,209,216,209
2016-03-30,13,3,,623,305,318,305,318
2016-03-31,13,4,,635,324,311,324,311
2016-04-01,13,5,,298,151,147,151,147
2016-04-02,13,6,1,392,204,188,204,188
2016-04-03,13,7,1,312,153,159,153,159
2016-04-04,14,1,,539,270,269,270,269
2016-04-05,14,2,,330,172,158,172,158
2016-04-06,14,3,,418,226,192,226,192
2016-04-07,14,4,,541,270,271,270,271
2016-04-08,14,5,,302,152,150,152,150
2016-04-09,14,6,5,222,120,102,120,102
2016-04-10,14,7,5,584,313,271,313,271
2016-04-11,15,1,4,559,275,284,275,284
2016-04-12,15,2,4,698,356,342,356,342
2016-04-13,15,3,4,262,131,131,131,131
2016-04-14,15,4,4,681,320,361,320,361
2016-04-15,15,5,4,447,223,224,223,224
2016-04-16,15,6,5,489,245,244,245,244
2016-04-17,15,7,5,62,35,27,35,27
2016-04-18,16,1,4,364,190,174,190,174
2016-04-19,16,2,4,691,347,344,347,344
2016-04-20,16,3,4,638,327,311,327,311
2016-04-21,16,4,4,521,269,252,269,252
2016-04-22,16,5,4,298,155,143,155,143
2016-04-23,16,6,5,33,18,15,18,15
2016-04-24,16,7,5,165,94,71,94,71
2016-04-25,17,1,,467,245,222,245,222
2016-04-26,17,2,,446,232,214,232,214
2016-04-27,17,3,,592,302,290,302,290
2016-04-28,17,4,,719,353,366,353,366
2016-04-29,17,5,,615,312,303,312,303
2016-04-30,17,6,1,296,157,139,157,139
2016-05-01,17,7,3,59,32,27,32,27
2016-05-02,18,1,,427,215,212,215,212
2016-05-03,18,2,,524,259,265,259,265
2016-05-04,18,3,,624,310,314,310,314
2016-05-05,18,4,2,483,267,216,267,216
2016-05-06,18,5,,524,256,268,256,268
2016-05-07,18,6,1,470,258,212,258,212
2016-05-08,18,7,3,474,235,239,235,239
2016-05-09,19,1,,476,246,230,246,230
2016-05-10,19,2,,599,307,292,307,292
2016-05-11,19,3,,192,99,93,99,93
2016-05-12,19,4,,387,186,201,186,201
2016-05-13,19,5,,199,99,100,99,100
2016-05-14,19,6,1,190,108,82,108,82
2016-05-15,19,7,1,287,162,125,162,125
2016-05-16,20,1,2,534,276,258,276,258
2016-05-17,20,2,,663,339,324,339,324
2016-05-18,20,3,,655,326,329,326,329
2016-05-19,20,4,,212,105,107,105,107
2016-05-20,20,5,,598,299,299,299,299
2016-05-21,20,6,1,542,279,263,279,263
2016-05-22,20,7,1,258,132,126,132,126
2016-05-23,21,1,,196,99,97,99,97
2016-05-24,21,2,,593,300,293,300,293
2016-05-25,21,3,,781,392,389,392,389
2016-05-26,21,4,,819,426,393,426,393
2016-05-27,21,5,,835,426,409,426,409
2016-05-28,21,6,1,538,276,262,276,262
2016-05-29,21,7,1,87,45,42,45,42
2016-05-30,22,1,,433,214,219,214,219
2016-05-31,22,2,,398,196,202,196,202
2016-06-01,22,3,,548,281,267,281,267
2016-06-02,22,4,,435,222,213,222,213
2016-06-03,22,5,,554,282,272,282,272
2016-06-04,22,6,1,552,286,266,286,266
2016-06-05,22,7,1,540,291,249,291,249
2016-06-06,23,1,,721,361,360,361,360
2016-06-07,23,2,,720,381,339,381,339
2016-06-08,23,3,,595,299,296,299,296
2016-06-09,23,4,,840,397,443,397,443
2016-06-10,23,5,,799,401,398,401,398
2016-06-11,23,6,1,441,227,214,227,214
2016-06-12,23,7,1,501,268,233,268,233
2016-06-13,24,1,,391,209,182,209,182
2016-06-14,24,2,,502,252,250,252,250
2016-06-15,24,3,,466,248,218,248,218
2016-06-16,24,4,,190,101,89,101,89
2016-06-17,24,5,,425,221,204,221,204
2016-06-18,24,6,1,291,147,144,147,144
2016-06-19,24,7,1,186,100,86,100,86
2016-06-20,25,1,,675,350,325,350,325
2016-06-21,25,2,,671,330,341,330,341
2016-06-22,25,3,,820,418,402,418,402
2016-06-23,25,4,,677,347,330,347,330
2016-06-24,25,5,,638,313,325,313,325
2016-06-25,25,6,1,403,192,211,192,211
2016-06-26,25,7,1,396,201,195,201,195
2016-06-27,26,1,,673,359,314,359,314
2016-06-28,26,2,,783,404,379,404,379
2016-06-29,26,3,,745,373,372,373,372
2016-06-30,26,4,,632,306,326,306,326
2016-07-01,26,5,,657,330,327,330,327
2016-07-02,26,6,1,344,187,157,187,157
2016-07-03,26,7,1,353,173,180,173,180
2016-07-04,27,1,,709,360,349,360,349
2016-07-05,27,2,4,718,380,338,380,338
2016-07-06,27,3,4,747,387,360,387,360
2016-07-07,27,4,4,706,354,352,354,352
2016-07-08,27,5,4,593,298,295,298,295
2016-07-09,27,6,5,287,139,148,139,148
2016-07-10,27,7,5,298,158,140,158,140
2016-07-11,28,1,4,488,250,238,250,238
2016-07-12,28,2,4,263,137,126,137,126
2016-07-13,28,3,4,392,203,189,203,189
2016-07-14,28,4,6,240,130,110,130,110
2016-07-15,28,5,4,356,188,168,188,168
2016-07-16,28,6,5,319,159,160,159,160
2016-07-17,28,7,5,326,156,170,156,170
2016-07-18,29,1,4,569,286,283,286,283
2016-07-19,29,2,4,625,317,308,317,308
2016-07-20,29,3,4,563,282,281,282,281
2016-07-21,29,4,4,535,276,259,276,259
2016-07-22,29,5,4,331,163,168,163,168
2016-07-23,29,6,5,218,103,115,103,115
2016-07-24,29,7,5,299,158,141,158,141
2016-07-25,30,1,4,579,298,281,298,281
2016-07-26,30,2,4,566,282,284,282,284
2016-07-27,30,3,4,624,318,306,318,306
2016-07-28,30,4,4,548,266,282,266,282
2016-07-29,30,5,4,502,263,239,263,239
2016-07-30,30,6,5,332,168,164,168,164
2016-07-31,30,7,5,193,101,92,101,92
2016-08-01,31,1,4,549,288,261,288,261
2016-08-02,31,2,4,558,297,261,297,261
2016-08-03,31,3,4,598,286,312,286,312
2016-08-04,31,4,4,461,225,236,225,236
2016-08-05,31,5,4,246,124,122,124,122
2016-08-06,31,6,5,333,167,166,167,166
2016-08-07,31,7,5,278,156,122,156,122
2016-08-08,32,1,4,501,267,234,267,234
2016-08-09,32,2,4,430,218,212,218,212
2016-08-10,32,3,4,479,248,231,248,231
2016-08-11,32,4,4,471,231,240,231,240
2016-08-12,32,5,4,443,224,219,224,219
2016-08-13,32,6,5,285,153,132,153,132
2016-08-14,32,7,5,237,128,109,128,109
2016-08-15,33,1,6,272,142,130,142,130
2016-08-16,33,2,4,444,221,223,221,223
2016-08-17,33,3,4,483,245,238,245,238
2016-08-18,33,4,4,357,170,187,170,187
2016-08-19,33,5,4,477,241,236,241,236
2016-08-20,33,6,5,97,55,42,55,42
2016-08-21,33,7,5,387,218,169,218,169
2016-08-22,34,1,4,646,311,335,311,335
2016-08-23,34,2,4,715,358,357,358,357
2016-08-24,34,3,4,618,307,311,307,311
2016-08-25,34,4,4,586,295,291,295,291
2016-08-26,34,5,4,504,258,246,258,246
2016-08-27,34,6,5,316,161,155,161,155
2016-08-28,34,7,5,282,143,139,143,139
2016-08-29,35,1,4,739,376,363,376,363
2016-08-30,35,2,4,731,371,360,371,360
2016-08-31,35,3,4,733,376,357,376,357
2016-09-01,35,4,4,726,372,354,372,354
2016-09-02,35,5,4,671,337,334,337,334
2016-09-03,35,6,5,475,235,240,235,240
2016-09-04,35,7,5,548,278,270,278,270
2016-09-05,36,1,4,668,349,319,349,319
2016-09-06,36,2,4,838,421,417,421,417
2016-09-07,36,3,4,798,411,387,411,387
2016-09-08,36,4,4,756,380,376,380,376
2016-09-09,36,5,4,644,328,316,328,316
2016-09-10,36,6,5,519,264,255,264,255
2016-09-11,36,7,5,440,234,206,234,206
2016-09-12,37,1,4,716,352,364,352,364
2016-09-13,37,2,4,804,396,408,396,408
2016-09-14,37,3,4,810,419,391,419,391
2016-09-15,37,4,4,557,284,273,284,273
2016-09-16,37,5,4,556,271,285,271,285
2016-09-17,37,6,5,71,35,36,35,36
2016-09-18,37,7,5,116,64,52,64,52
2016-09-19,38,1,4,621,315,306,315,306
2016-09-20,38,2,4,695,338,357,338,357
2016-09-21,38,3,4,761,388,373,388,373
2016-09-22,38,4,4,742,366,376,366,376
2016-09-23,38,5,4,653,337,316,337,316
2016-09-24,38,6,5,446,223,223,223,223
2016-09-25,38,7,5,463,226,237,226,237
2016-09-26,39,1,4,760,381,379,381,379
2016-09-27,39,2,4,692,363,329,363,329
2016-09-28,39,3,4,892,455,437,455,437
2016-09-29,39,4,4,832,421,411,421,411
2016-09-30,39,5,4,701,356,345,356,345
2016-10-01,39,6,5,199,93,106,93,106
2016-10-02,39,7,1,380,191,189,191,189
2016-10-03,40,1,,714,374,340,374,340
2016-10-04,40,2,,742,371,371,371,371
2016-10-05,40,3,,699,357,342,357,342
2016-10-06,40,4,,602,291,311,291,311
2016-10-07,40,5,,546,264,282,264,282
2016-10-08,40,6,1,381,192,189,192,189
2016-10-09,40,7,1,277,156,121,156,121
2016-10-10,41,1,,599,301,298,301,298
2016-10-11,41,2,,583,296,287,296,287
2016-10-12,41,3,,663,338,325,338,325
2016-10-13,41,4,,247,122,125,122,125
2016-10-14,41,5,,178,97,81,97,81
2016-10-15,41,6,1,400,179,221,179,221
2016-10-16,41,7,1,348,183,165,183,165
2016-10-17,42,1,,294,154,140,154,140
2016-10-18,42,2,,503,250,253,250,253
2016-10-19,42,3,4,583,285,298,285,298
2016-10-20,42,4,4,513,254,259,254,259
2016-10-21,42,5,4,550,267,283,267,283
2016-10-22,42,6,5,382,189,193,189,193
2016-10-23,42,7,5,121,65,56,65,56
2016-10-24,43,1,4,522,274,248,274,248
2016-10-25,43,2,4,249,120,129,120,129
2016-10-26,43,3,4,250,131,119,131,119
2016-10-27,43,4,4,393,206,187,206,187
2016-10-28,43,5,4,479,244,235,244,235
2016-10-29,43,6,5,240,119,121,119,121
2016-10-30,43,7,5,295,155,140,155,140
2016-10-31,44,1,4,349,174,175,174,175
2016-11-01,44,2,6,287,160,127,160,127
2016-11-02,44,3,4,572,268,304,268,304
2016-11-03,44,4,,524,252,272,252,272
2016-11-04,44,5,,486,252,234,252,234
2016-11-05,44,6,1,102,40,62,40,62
2016-11-06,44,7,1,183,101,82,101,82
2016-11-07,45,1,,532,281,251,281,251
2016-11-08,45,2,,352,177,175,177,175
2016-11-09,45,3,,245,120,125,120,125
2016-11-10,45,4,,241,120,121,120,121
2016-11-11,45,5,2,48,25,23,25,23
2016-11-12,45,6,1,186,100,86,100,86
2016-11-13,45,7,1,161,79,82,79,82
2016-11-14,46,1,,437,223,214,223,214
2016-11-15,46,2,,494,252,242,252,242
2016-11-16,46,3,,491,252,239,252,239
2016-11-17,46,4,,513,260,253,260,253
2016-11-18,46,5,,340,170,170,170,170
2016-11-19,46,6,1,209,100,109,100,109
2016-11-20,46,7,1,208,112,96,112,96
2016-11-21,47,1,,272,142,130,142,130
2016-11-22,47,2,,268,132,136,132,136
2016-11-23,47,3,,530,268,262,268,262
2016-11-24,47,4,,222,105,117,105,117
2016-11-25,47,5,,276,145,131,145,131
2016-11-26,47,6,1,289,143,146,143,146
2016-11-27,47,7,1,275,141,134,141,134
2016-11-28,48,1,,468,241,227,241,227
2016-11-29,48,2,,490,252,238,252,238
2016-11-30,48,3,,514,268,246,268,246
2016-12-01,48,4,,413,221,192,221,192
2016-12-02,48,5,,347,179,168,179,168
2016-12-03,48,6,1,178,101,77,101,77
2016-12-04,48,7,1,199,104,95,104,95
2016-12-05,49,1,,447,227,220,227,220
2016-12-06,49,2,,413,202,211,202,211
2016-12-07,49,3,,457,228,229,228,229
2016-12-08,49,4,,396,194,202,194,202
2016-12-09,49,5,,403,204,199,204,199
2016-12-10,49,6,1,270,133,137,133,137
2016-12-11,49,7,1,158,84,74,84,74
2016-12-12,50,1,,411,210,201,210,201
2016-12-13,50,2,,451,224,227,224,227
2016-12-14,50,3,,437,223,214,223,214
2016-12-15,50,4,,430,212,218,212,218
2016-12-16,50,5,,403,205,198,205,198
2016-12-17,50,6,5,126,61,65,61,65
2016-12-18,50,7,5,93,47,46,47,46
2016-12-19,51,1,4,273,141,132,141,132
2016-12-20,51,2,4,335,174,161,174,161
2016-12-21,51,3,4,279,140,139,140,139
2016-12-22,51,4,4,301,148,153,148,153
2016-12-23,51,5,4,241,120,121,120,121
2016-12-24,51,6,5,97,54,43,54,43
2016-12-25,51,7,7,53,26,27,26,27
2016-12-26,52,1,4,156,84,72,84,72
2016-12-27,52,2,4,165,83,82,83,82
2016-12-28,52,3,4,215,115,100,115,100
2016-12-29,52,4,4,168,88,80,88,80
2016-12-30,52,5,4,167,85,82,85,82
2016-12-31,52,6,5,113,63,50,63,50
2017-01-01,52,7,7,51,28,23,28,23
2017-01-02,01,1,4,280,141,139,141,139
2017-01-03,01,2,,392,198,194,198,194
2017-01-04,01,3,,404,210,194,210,194
2017-01-05,01,4,,361,179,182,179,182
2017-01-06,01,5,,360,178,182,178,182
2017-01-07,01,6,1,149,72,77,72,77
2017-01-08,01,7,1,70,38,32,38,32
2017-01-09,02,1,,371,194,177,194,177
2017-01-10,02,2,,268,140,128,140,128
2017-01-11,02,3,,323,158,165,158,165
2017-01-12,02,4,,292,151,141,151,141
2017-01-13,02,5,,202,101,101,101,101
2017-01-14,02,6,1,41,24,17,24,17
2017-01-15,02,7,1,28,15,13,15,13
2017-01-16,03,1,,248,132,116,132,116
2017-01-17,03,2,,271,122,149,122,149
2017-01-18,03,3,,258,129,129,129,129
2017-01-19,03,4,,292,144,148,144,148
2017-01-20,03,5,,238,117,121,117,121
2017-01-21,03,6,1,110,61,49,61,49
2017-01-22,03,7,1,66,34,32,34,32
2017-01-23,04,1,,354,173,181,173,181
2017-01-24,04,2,,327,167,160,167,160
2017-01-25,04,3,,305,154,151,154,151
2017-01-26,04,4,,347,165,182,165,182
2017-01-27,04,5,,299,141,158,141,158
2017-01-28,04,6,1,189,103,86,103,86
2017-01-29,04,7,1,117,58,59,58,59
2017-01-30,05,1,,355,176,179,176,179
2017-01-31,05,2,,277,138,139,138,139
2017-02-01,05,3,,405,213,192,213,192
2017-02-02,05,4,,470,253,217,253,217
2017-02-03,05,5,,293,155,138,155,138
2017-02-04,05,6,1,161,87,74,87,74
2017-02-05,05,7,1,36,18,18,18,18
2017-02-06,06,1,,214,109,105,109,105
2017-02-07,06,2,,300,152,148,152,148
2017-02-08,06,3,,293,160,133,160,133
2017-02-09,06,4,,287,140,147,140,147
2017-02-10,06,5,,263,135,128,135,128
2017-02-11,06,6,1,247,138,109,138,109
2017-02-12,06,7,1,281,156,125,156,125
2017-02-13,07,1,,444,242,202,242,202
2017-02-14,07,2,,494,258,236,258,236
2017-02-15,07,3,,508,269,239,269,239
2017-02-16,07,4,,504,259,245,259,245
2017-02-17,07,5,,459,236,223,236,223
2017-02-18,07,6,5,355,182,173,182,173
2017-02-19,07,7,5,434,243,191,243,191
2017-02-20,08,1,4,564,285,279,285,279
2017-02-21,08,2,4,538,273,265,273,265
2017-02-22,08,3,4,551,280,271,280,271
2017-02-23,08,4,4,518,270,248,270,248
2017-02-24,08,5,4,214,111,103,111,103
2017-02-25,08,6,5,379,200,179,200,179
2017-02-26,08,7,5,469,251,218,251,218
2017-02-27,09,1,4,519,276,243,276,243
2017-02-28,09,2,4,183,87,96,87,96
2017-03-01,09,3,4,275,143,132,143,132
2017-03-02,09,4,4,279,145,134,145,134
2017-03-03,09,5,4,401,204,197,204,197
2017-03-04,09,6,5,76,42,34,42,34
2017-03-05,09,7,5,254,125,129,125,129
2017-03-06,10,1,,168,94,74,94,74
2017-03-07,10,2,,172,82,90,82,90
2017-03-08,10,3,,360,181,179,181,179
2017-03-09,10,4,,457,227,230,227,230
2017-03-10,10,5,,494,244,250,244,250
2017-03-11,10,6,1,503,254,249,254,249
2017-03-12,10,7,1,439,251,188,251,188
2017-03-13,11,1,,583,290,293,290,293
2017-03-14,11,2,,632,323,309,323,309
2017-03-15,11,3,,709,357,352,357,352
2017-03-16,11,4,,631,320,311,320,311
2017-03-17,11,5,,620,306,314,306,314
2017-03-18,11,6,1,294,149,145,149,145
2017-03-19,11,7,1,480,255,225,255,225
2017-03-20,12,1,,601,296,305,296,305
2017-03-21,12,2,,571,291,280,291,280
2017-03-22,12,3,,491,251,240,251,240
2017-03-23,12,4,,427,221,206,221,206
2017-03-24,12,5,,312,167,145,167,145
2017-03-25,12,6,1,329,172,157,172,157
2017-03-26,12,7,1,593,324,269,324,269
2017-03-27,13,1,,672,326,346,326,346
2017-03-28,13,2,,739,370,369,370,369
2017-03-29,13,3,,770,388,382,388,382
2017-03-30,13,4,,741,382,359,382,359
2017-03-31,13,5,,590,301,289,301,289
2017-04-01,13,6,1,174,89,85,89,85
2017-04-02,13,7,1,182,95,87,95,87
2017-04-03,14,1,,676,348,328,348,328
2017-04-04,14,2,,651,325,326,325,326
2017-04-05,14,3,,684,338,346,338,346
2017-04-06,14,4,,635,322,313,322,313
2017-04-07,14,5,,580,295,285,295,285
2017-04-08,14,6,1,536,269,267,269,267
2017-04-09,14,7,1,596,303,293,303,293
2017-04-10,15,1,,684,345,339,345,339
2017-04-11,15,2,,617,321,296,321,296
2017-04-12,15,3,,749,374,375,374,375
2017-04-13,15,4,,738,389,349,389,349
2017-04-14,15,5,,584,311,273,311,273
2017-04-15,15,6,5,347,185,162,185,162
2017-04-16,15,7,5,220,114,106,114,106
2017-04-17,16,1,6,453,240,213,240,213
2017-04-18,16,2,4,416,211,205,211,205
2017-04-19,16,3,4,488,246,242,246,242
2017-04-20,16,4,4,551,267,284,267,284
2017-04-21,16,5,4,482,245,237,245,237
2017-04-22,16,6,5,444,230,214,230,214
2017-04-23,16,7,5,494,270,224,270,224
2017-04-24,17,1,4,654,318,336,318,336
2017-04-25,17,2,4,404,202,202,202,202
2017-04-26,17,3,4,175,91,84,91,84
2017-04-27,17,4,4,199,104,95,104,95
2017-04-28,17,5,4,154,78,76,78,76
2017-04-29,17,6,5,453,217,236,217,236
2017-04-30,17,7,5,320,172,148,172,148
2017-05-01,18,1,6,207,113,94,113,94
2017-05-02,18,2,,250,136,114,136,114
2017-05-03,18,3,,430,200,230,200,230
2017-05-04,18,4,,242,127,115,127,115
2017-05-05,18,5,,535,265,270,265,270
2017-05-06,18,6,1,70,40,30,40,30
2017-05-07,18,7,1,161,86,75,86,75
2017-05-08,19,1,2,237,122,115,122,115
2017-05-09,19,2,,558,277,281,277,281
2017-05-10,19,3,,711,372,339,372,339
2017-05-11,19,4,,331,175,156,175,156
2017-05-12,19,5,,271,137,134,137,134
2017-05-13,19,6,1,377,202,175,202,175
2017-05-14,19,7,1,581,306,275,306,275
2017-05-15,20,1,,706,354,352,354,352
2017-05-16,20,2,,782,406,376,406,376
2017-05-17,20,3,,812,418,394,418,394
2017-05-18,20,4,,709,374,335,374,335
2017-05-19,20,5,,250,131,119,131,119
2017-05-20,20,6,1,396,233,163,233,163
2017-05-21,20,7,1,583,302,281,302,281
2017-05-22,21,1,,654,343,311,343,311
2017-05-23,21,2,,735,378,357,378,357
2017-05-24,21,3,,659,343,316,343,316
2017-05-25,21,4,2,395,208,187,208,187
2017-05-26,21,5,,375,187,188,187,188
2017-05-27,21,6,1,281,149,132,149,132
2017-05-28,21,7,1,315,164,151,164,151
2017-05-29,22,1,,698,352,346,352,346
2017-05-30,22,2,,727,368,359,368,359
2017-05-31,22,3,,654,334,320,334,320
2017-06-01,22,4,,574,282,292,282,292
2017-06-02,22,5,,634,319,315,319,315
2017-06-03,22,6,1,380,197,183,197,183
2017-06-04,22,7,1,283,140,143,140,143
2017-06-05,23,1,2,486,247,239,247,239
2017-06-06,23,2,,364,190,174,190,174
2017-06-07,23,3,,698,353,345,353,345
2017-06-08,23,4,,842,428,414,428,414
2017-06-09,23,5,,716,367,349,367,349
2017-06-10,23,6,1,522,278,244,278,244
2017-06-11,23,7,1,462,237,225,237,225
2017-06-12,24,1,,761,376,385,376,385
2017-06-13,24,2,,741,383,358,383,358
2017-06-14,24,3,,644,342,302,342,302
2017-06-15,24,4,,771,393,378,393,378
2017-06-16,24,5,,655,332,323,332,323
2017-06-17,24,6,1,420,195,225,195,225
2017-06-18,24,7,1,341,177,164,177,164
2017-06-19,25,1,,695,360,335,360,335
2017-06-20,25,2,,695,344,351,344,351
2017-06-21,25,3,,703,377,326,377,326
2017-06-22,25,4,,648,339,309,339,309
2017-06-23,25,5,,601,316,285,316,285
2017-06-24,25,6,1,298,162,136,162,136
2017-06-25,25,7,1,329,179,150,179,150
2017-06-26,26,1,,610,299,311,299,311
2017-06-27,26,2,,633,327,306,327,306
2017-06-28,26,3,,414,210,204,210,204
2017-06-29,26,4,,339,173,166,173,166
2017-06-30,26,5,,508,272,236,272,236
2017-07-01,26,6,1,237,128,109,128,109
2017-07-02,26,7,1,306,161,145,161,145
2017-07-03,27,1,,690,353,337,353,337
2017-07-04,27,2,,770,380,390,380,390
2017-07-05,27,3,,702,349,353,349,353
2017-07-06,27,4,,675,333,342,333,342
2017-07-07,27,5,,547,256,291,256,291
2017-07-08,27,6,5,261,140,121,140,121
2017-07-09,27,7,5,250,127,123,127,123
2017-07-10,28,1,4,531,266,265,266,265
2017-07-11,28,2,4,551,268,283,268,283
2017-07-12,28,3,4,682,342,340,342,340
2017-07-13,28,4,4,582,287,295,287,295
2017-07-14,28,5,6,273,137,136,137,136
2017-07-15,28,6,5,242,142,100,142,100
2017-07-16,28,7,5,264,125,139,125,139
2017-07-17,29,1,4,569,297,272,297,272
2017-07-18,29,2,4,561,288,273,288,273
2017-07-19,29,3,4,578,287,291,287,291
2017-07-20,29,4,4,474,237,237,237,237
2017-07-21,29,5,4,387,194,193,194,193
2017-07-22,29,6,5,255,130,125,130,125
2017-07-23,29,7,5,333,168,165,168,165
2017-07-24,30,1,4,324,167,157,167,157
2017-07-25,30,2,4,307,159,148,159,148
2017-07-26,30,3,4,521,262,259,262,259
2017-07-27,30,4,4,525,279,246,279,246
2017-07-28,30,5,4,513,271,242,271,242
2017-07-29,30,6,5,270,137,133,137,133
2017-07-30,30,7,5,268,145,123,145,123
2017-07-31,31,1,4,476,237,239,237,239
2017-08-01,31,2,4,451,221,230,221,230
2017-08-02,31,3,4,434,225,209,225,209
2017-08-03,31,4,4,449,236,213,236,213
2017-08-04,31,5,4,370,180,190,180,190
2017-08-05,31,6,5,229,122,107,122,107
2017-08-06,31,7,5,271,143,128,143,128
2017-08-07,32,1,4,517,259,258,259,258
2017-08-08,32,2,4,144,73,71,73,71
2017-08-09,32,3,4,442,215,227,215,227
2017-08-10,32,4,4,383,198,185,198,185
2017-08-11,32,5,4,87,44,43,44,43
2017-08-12,32,6,5,327,167,160,167,160
2017-08-13,32,7,5,215,117,98,117,98
2017-08-14,33,1,4,338,167,171,167,171
2017-08-15,33,2,6,282,144,138,144,138
2017-08-16,33,3,4,490,239,251,239,251
2017-08-17,33,4,4,503,248,255,248,255
2017-08-18,33,5,4,380,188,192,188,192
2017-08-19,33,6,5,289,145,144,145,144
2017-08-20,33,7,5,402,206,196,206,196
2017-08-21,34,1,4,585,306,279,306,279
2017-08-22,34,2,4,639,312,327,312,327
2017-08-23,34,3,4,631,318,313,318,313
2017-08-24,34,4,4,555,268,287,268,287
2017-08-25,34,5,4,527,260,267,260,267
2017-08-26,34,6,5,318,164,154,164,154
2017-08-27,34,7,5,272,134,138,134,138
2017-08-28,35,1,4,662,331,331,331,331
2017-08-29,35,2,4,716,375,341,375,341
2017-08-30,35,3,4,626,325,301,325,301
2017-08-31,35,4,4,195,105,90,105,90
2017-09-01,35,5,4,336,166,170,166,170
2017-09-02,35,6,5,126,64,62,64,62
2017-09-03,35,7,5,504,250,254,250,254
2017-09-04,36,1,,664,341,323,341,323
2017-09-05,36,2,,785,391,394,391,394
2017-09-06,36,3,,626,311,315,311,315
2017-09-07,36,4,,636,320,316,320,316
2017-09-08,36,5,,622,305,317,305,317
2017-09-09,36,6,1,103,61,42,61,42
2017-09-10,36,7,1,356,176,180,176,180
2017-09-11,37,1,,566,283,283,283,283
2017-09-12,37,2,,495,241,254,241,254
2017-09-13,37,3,,696,341,355,341,355
2017-09-14,37,4,,338,163,175,163,175
2017-09-15,37,5,,473,239,234,239,234
2017-09-16,37,6,1,402,210,192,210,192
2017-09-17,37,7,1,280,162,118,162,118
2017-09-18,38,1,,461,237,224,237,224
2017-09-19,38,2,,408,201,207,201,207
2017-09-20,38,3,,594,298,296,298,296
2017-09-21,38,4,,691,338,353,338,353
2017-09-22,38,5,,582,292,290,292,290
2017-09-23,38,6,1,411,196,215,196,215
2017-09-24,38,7,1,442,241,201,241,201
2017-09-25,39,1,,623,308,315,308,315
2017-09-26,39,2,,638,329,309,329,309
2017-09-27,39,3,,752,387,365,387,365
2017-09-28,39,4,,780,383,397,383,397
2017-09-29,39,5,,656,315,341,315,341
2017-09-30,39,6,1,215,100,115,100,115
2017-10-01,39,7,1,294,153,141,153,141
2017-10-02,40,1,,515,251,264,251,264
2017-10-03,40,2,,437,211,226,211,226
2017-10-04,40,3,,865,441,424,441,424
2017-10-05,40,4,,706,355,351,355,351
2017-10-06,40,5,,465,231,234,231,234
2017-10-07,40,6,1,347,178,169,178,169
2017-10-08,40,7,1,455,217,238,217,238
2017-10-09,41,1,,587,299,288,299,288
2017-10-10,41,2,,663,333,330,333,330
2017-10-11,41,3,,790,404,386,404,386
2017-10-12,41,4,,699,359,340,359,340
2017-10-13,41,5,,606,305,301,305,301
2017-10-14,41,6,1,372,208,164,208,164
2017-10-15,41,7,1,463,246,217,246,217
2017-10-16,42,1,,691,342,349,342,349
2017-10-17,42,2,,716,363,353,363,353
2017-10-18,42,3,,727,362,365,362,365
2017-10-19,42,4,,662,337,325,337,325
2017-10-20,42,5,,536,275,261,275,261
2017-10-21,42,6,5,390,214,176,214,176
2017-10-22,42,7,5,163,82,81,82,81
2017-10-23,43,1,4,341,180,161,180,161
2017-10-24,43,2,4,596,295,301,295,301
2017-10-25,43,3,4,624,303,321,303,321
2017-10-26,43,4,4,584,287,297,287,297
2017-10-27,43,5,4,425,217,208,217,208
2017-10-28,43,6,5,245,109,136,109,136
2017-10-29,43,7,5,210,107,103,107,103
2017-10-30,44,1,4,349,170,179,170,179
2017-10-31,44,2,4,513,261,252,261,252
2017-11-01,44,3,6,320,162,158,162,158
2017-11-02,44,4,4,510,255,255,255,255
2017-11-03,44,5,4,443,229,214,229,214
2017-11-04,44,6,5,218,121,97,121,97
2017-11-05,44,7,5,82,44,38,44,38
2017-11-06,45,1,,323,161,162,161,162
2017-11-07,45,2,,393,199,194,199,194
2017-11-08,45,3,,444,223,221,223,221
2017-11-09,45,4,,336,170,166,170,166
2017-11-10,45,5,,418,210,208,210,208
2017-11-11,45,6,3,185,97,88,97,88
2017-11-12,45,7,1,115,57,58,57,58
2017-11-13,46,1,,205,106,99,106,99
2017-11-14,46,2,,419,209,210,209,210
2017-11-15,46,3,,441,226,215,226,215
2017-11-16,46,4,,510,257,253,257,253
2017-11-17,46,5,,372,194,178,194,178
2017-11-18,46,6,1,209,102,107,102,107
2017-11-19,46,7,1,202,102,100,102,100
2017-11-20,47,1,,528,269,259,269,259
2017-11-21,47,2,,532,267,265,267,265
2017-11-22,47,3,,525,276,249,276,249
2017-11-23,47,4,,495,242,253,242,253
2017-11-24,47,5,,461,234,227,234,227
2017-11-25,47,6,1,99,50,49,50,49
2017-11-26,47,7,1,185,91,94,91,94
2017-11-27,48,1,,450,234,216,234,216
2017-11-28,48,2,,442,220,222,220,222
2017-11-29,48,3,,335,168,167,168,167
2017-11-30,48,4,,346,178,168,178,168
2017-12-01,48,5,,184,89,95,89,95
2017-12-02,48,6,1,97,45,52,45,52
2017-12-03,48,7,1,71,33,38,33,38
2017-12-04,49,1,,390,205,185,205,185
2017-12-05,49,2,,393,197,196,197,196
2017-12-06,49,3,,387,203,184,203,184
2017-12-07,49,4,,347,181,166,181,166
2017-12-08,49,5,,162,79,83,79,83
2017-12-09,49,6,1,73,30,43,30,43
2017-12-10,49,7,1,15,7,8,7,8
2017-12-11,50,1,,151,78,73,78,73
2017-12-12,50,2,,212,108,104,108,104
2017-12-13,50,3,,327,164,163,164,163
2017-12-14,50,4,,319,155,164,155,164
2017-12-15,50,5,,254,126,128,126,128
2017-12-16,50,6,1,129,66,63,66,63
2017-12-17,50,7,1,93,49,44,49,44
2017-12-18,51,1,,159,75,84,75,84
2017-12-19,51,2,,258,127,131,127,131
2017-12-20,51,3,,296,147,149,147,149
2017-12-21,51,4,,308,149,159,149,159
2017-12-22,51,5,,257,132,125,132,125
2017-12-23,51,6,5,112,66,46,66,46
2017-12-24,51,7,5,97,57,40,57,40
2017-12-25,52,1,6,32,17,15,17,15
2017-12-26,52,2,4,135,73,62,73,62
2017-12-27,52,3,4,85,42,43,42,43
2017-12-28,52,4,4,130,65,65,65,65
2017-12-29,52,5,4,80,40,40,40,40
2017-12-30,52,6,5,27,13,14,13,14
2017-12-31,52,7,5,120,63,57,63,57
2018-01-01,01,1,6,89,47,42,47,42
2018-01-02,01,2,4,219,111,108,111,108
2018-01-03,01,3,4,163,84,79,84,79
2018-01-04,01,4,4,183,91,92,91,92
2018-01-05,01,5,4,346,174,172,174,172
2018-01-06,01,6,5,299,139,160,139,160
2018-01-07,01,7,5,143,89,54,89,54
2018-01-08,02,1,,395,207,188,207,188
2018-01-09,02,2,,297,147,150,147,150
2018-01-10,02,3,,375,205,170,205,170
2018-01-11,02,4,,419,208,211,208,211
2018-01-12,02,5,,384,192,192,192,192
2018-01-13,02,6,1,343,188,155,188,155
2018-01-14,02,7,1,176,86,90,86,90
2018-01-15,03,1,,437,218,219,218,219
2018-01-16,03,2,,254,129,125,129,125
2018-01-17,03,3,,265,135,130,135,130
2018-01-18,03,4,,301,149,152,149,152
2018-01-19,03,5,,283,148,135,148,135
2018-01-20,03,6,1,86,44,42,44,42
2018-01-21,03,7,1,58,25,33,25,33
2018-01-22,04,1,,158,77,81,77,81
2018-01-23,04,2,,398,201,197,201,197
2018-01-24,04,3,,521,270,251,270,251
2018-01-25,04,4,,401,202,199,202,199
2018-01-26,04,5,,205,107,98,107,98
2018-01-27,04,6,1,213,109,104,109,104
2018-01-28,04,7,1,182,100,82,100,82
2018-01-29,05,1,,478,248,230,248,230
2018-01-30,05,2,,432,214,218,214,218
2018-01-31,05,3,,575,285,290,285,290
2018-02-01,05,4,,173,85,88,85,88
2018-02-02,05,5,,371,191,180,191,180
2018-02-03,05,6,1,189,94,95,94,95
2018-02-04,05,7,1,180,96,84,96,84
2018-02-05,06,1,,338,164,174,164,174
2018-02-06,06,2,,438,219,219,219,219
2018-02-07,06,3,,337,176,161,176,161
2018-02-08,06,4,,513,298,215,298,215
2018-02-09,06,5,,578,359,219,359,219
2018-02-10,06,6,5,202,127,75,127,75
2018-02-11,06,7,5,144,84,60,84,60
2018-02-12,07,1,4,346,211,135,211,135
2018-02-13,07,2,4,524,316,208,316,208
2018-02-14,07,3,4,296,180,116,180,116
2018-02-15,07,4,4,278,171,107,171,107
2018-02-16,07,5,4,447,271,176,271,176
2018-02-17,07,6,5,75,43,32,43,32
2018-02-18,07,7,5,186,102,84,102,84
2018-02-19,08,1,4,526,336,190,336,190
2018-02-20,08,2,4,528,337,191,337,191
2018-02-21,08,3,4,416,261,155,261,155
2018-02-22,08,4,4,399,251,148,251,148
2018-02-23,08,5,4,384,242,142,242,142
2018-02-24,08,6,5,300,182,118,182,118
2018-02-25,08,7,5,135,71,64,71,64
2018-02-26,09,1,,445,274,171,274,171
2018-02-27,09,2,,430,266,164,266,164
2018-02-28,09,3,,431,274,157,274,157
2018-03-01,09,4,,295,173,122,173,122
2018-03-02,09,5,,259,152,107,152,107
2018-03-03,09,6,1,120,71,49,71,49
2018-03-04,09,7,1,344,194,150,194,150
2018-03-05,10,1,,528,316,212,316,212
2018-03-06,10,2,,536,334,202,334,202
2018-03-07,10,3,,601,369,232,369,232
2018-03-08,10,4,,751,458,293,458,293
2018-03-09,10,5,,731,440,291,440,291
2018-03-10,10,6,1,345,212,133,212,133
2018-03-11,10,7,1,250,147,103,147,103
2018-03-12,11,1,,520,321,199,321,199
2018-03-13,11,2,,595,367,228,367,228
2018-03-14,11,3,,1034,625,409,625,409
2018-03-15,11,4,,295,181,114,181,114
2018-03-16,11,5,,645,383,262,383,262
2018-03-17,11,6,1,101,62,39,62,39
2018-03-18,11,7,1,262,151,111,151,111
2018-03-19,12,1,,749,472,277,472,277
2018-03-20,12,2,,540,335,205,335,205
2018-03-21,12,3,,660,422,238,422,238
2018-03-22,12,4,,739,464,275,464,275
2018-03-23,12,5,,643,404,239,404,239
2018-03-24,12,6,1,686,407,279,407,279
2018-03-25,12,7,1,294,174,120,174,120
2018-03-26,13,1,,769,486,283,486,283
2018-03-27,13,2,,524,317,207,317,207
2018-03-28,13,3,,561,340,221,340,221
2018-03-29,13,4,,480,280,200,280,200
2018-03-30,13,5,,402,253,149,253,149
2018-03-31,13,6,1,410,223,187,223,187
2018-04-01,13,7,1,305,170,135,170,135
2018-04-02,14,1,2,521,291,230,291,230
2018-04-03,14,2,,681,410,271,410,271
2018-04-04,14,3,,570,346,224,346,224
2018-04-05,14,4,,772,460,312,460,312
2018-04-06,14,5,,961,571,390,571,390
2018-04-07,14,6,5,586,321,265,321,265
2018-04-08,14,7,5,635,373,262,373,262
2018-04-09,15,1,4,701,436,265,436,265
2018-04-10,15,2,4,501,301,200,301,200
2018-04-11,15,3,4,733,433,300,433,300
2018-04-12,15,4,4,747,465,282,465,282
2018-04-13,15,5,4,760,474,286,474,286
2018-04-14,15,6,5,578,343,235,343,235
2018-04-15,15,7,5,753,450,303,450,303
2018-04-16,16,1,4,780,489,291,489,291
2018-04-17,16,2,4,1039,631,408,631,408
2018-04-18,16,3,4,1083,683,400,683,400
2018-04-19,16,4,4,1066,666,400,666,400
2018-04-20,16,5,4,927,573,354,573,354
2018-04-21,16,6,5,795,464,331,464,331
2018-04-22,16,7,5,818,471,347,471,347
2018-04-23,17,1,,977,607,370,607,370
2018-04-24,17,2,,1248,772,476,772,476
2018-04-25,17,3,,1302,834,468,834,468
2018-04-26,17,4,,966,605,361,605,361
2018-04-27,17,5,,1075,647,428,647,428
2018-04-28,17,6,1,696,421,275,421,275
2018-04-29,17,7,1,493,287,206,287,206
2018-04-30,18,1,,728,465,263,465,263
2018-05-01,18,2,2,499,297,202,297,202
2018-05-02,18,3,,774,482,292,482,292
2018-05-03,18,4,,639,399,240,399,240
2018-05-04,18,5,,823,515,308,515,308
2018-05-05,18,6,1,748,429,319,429,319
2018-05-06,18,7,1,744,412,332,412,332
2018-05-07,19,1,,788,487,301,487,301
2018-05-08,19,2,2,656,354,302,354,302
2018-05-09,19,3,,647,402,245,402,245
2018-05-10,19,4,2,155,88,67,88,67
2018-05-11,19,5,,600,340,260,340,260
2018-05-12,19,6,1,660,391,269,391,269
2018-05-13,19,7,1,106,69,37,69,37
2018-05-14,20,1,,575,356,219,356,219
2018-05-15,20,2,,643,402,241,402,241
2018-05-16,20,3,,828,528,300,528,300
2018-05-17,20,4,,920,565,355,565,355
2018-05-18,20,5,,865,532,333,532,333
2018-05-19,20,6,1,642,370,272,370,272
2018-05-20,20,7,1,567,312,255,312,255
2018-05-21,21,1,2,843,489,354,489,354
2018-05-22,21,2,,724,445,279,445,279
2018-05-23,21,3,,687,432,255,432,255
2018-05-24,21,4,,1102,694,408,694,408
2018-05-25,21,5,,1060,658,402,658,402
2018-05-26,21,6,1,682,399,283,399,283
2018-05-27,21,7,1,460,275,185,275,185
2018-05-28,22,1,,698,438,260,438,260
2018-05-29,22,2,,831,517,314,517,314
2018-05-30,22,3,,652,409,243,409,243
2018-05-31,22,4,,730,455,275,455,275
2018-06-01,22,5,,1082,681,401,681,401
2018-06-02,22,6,1,787,477,310,477,310
2018-06-03,22,7,1,650,399,251,399,251
2018-06-04,23,1,,792,499,293,499,293
2018-06-05,23,2,,913,575,338,575,338
2018-06-06,23,3,,914,559,355,559,355
2018-06-07,23,4,,628,390,238,390,238
2018-06-08,23,5,,880,552,328,552,328
2018-06-09,23,6,1,663,389,274,389,274
2018-06-10,23,7,1,662,389,273,389,273
2018-06-11,24,1,,573,349,224,349,224
2018-06-12,24,2,,696,427,269,427,269
2018-06-13,24,3,,384,244,140,244,140
2018-06-14,24,4,,1091,697,394,697,394
2018-06-15,24,5,,1027,650,377,650,377
2018-06-16,24,6,1,671,401,270,401,270
2018-06-17,24,7,1,487,288,199,288,199
2018-06-18,25,1,,945,592,353,592,353
2018-06-19,25,2,,1196,752,444,752,444
2018-06-20,25,3,,1152,714,438,714,438
2018-06-21,25,4,,1102,701,401,701,401
2018-06-22,25,5,,854,535,319,535,319
2018-06-23,25,6,1,630,360,270,360,270
2018-06-24,25,7,1,598,339,259,339,259
2018-06-25,26,1,,1086,678,408,678,408
2018-06-26,26,2,,1194,762,432,762,432
2018-06-27,26,3,,1116,694,422,694,422
2018-06-28,26,4,,1077,668,409,668,409
2018-06-29,26,5,,963,581,382,581,382
2018-06-30,26,6,1,458,252,206,252,206
2018-07-01,26,7,1,417,236,181,236,181
2018-07-02,27,1,,955,591,364,591,364
2018-07-03,27,2,,999,627,372,627,372
2018-07-04,27,3,,955,593,362,593,362
2018-07-05,27,4,,809,498,311,498,311
2018-07-06,27,5,,764,476,288,476,288
2018-07-07,27,6,5,480,253,227,253,227
2018-07-08,27,7,5,490,289,201,289,201
2018-07-09,28,1,4,974,593,381,593,381
2018-07-10,28,2,4,1019,642,377,642,377
2018-07-11,28,3,4,994,637,357,637,357
2018-07-12,28,4,4,997,622,375,622,375
2018-07-13,28,5,4,849,516,333,516,333
2018-07-14,28,6,7,484,284,200,284,200
2018-07-15,28,7,5,397,225,172,225,172
2018-07-16,29,1,4,735,446,289,446,289
2018-07-17,29,2,4,955,590,365,590,365
2018-07-18,29,3,4,890,540,350,540,350
2018-07-19,29,4,4,884,546,338,546,338
2018-07-20,29,5,4,994,651,343,651,343
2018-07-21,29,6,5,421,234,187,234,187
2018-07-22,29,7,5,524,302,222,302,222
2018-07-23,30,1,4,862,529,333,529,333
2018-07-24,30,2,4,915,567,348,567,348
2018-07-25,30,3,4,883,539,344,539,344
2018-07-26,30,4,4,843,526,317,526,317
2018-07-27,30,5,4,675,411,264,411,264
2018-07-28,30,6,5,384,214,170,214,170
2018-07-29,30,7,5,363,199,164,199,164
2018-07-30,31,1,4,711,444,267,444,267
2018-07-31,31,2,4,834,532,302,532,302
2018-08-01,31,3,4,642,384,258,384,258
2018-08-02,31,4,4,689,431,258,431,258
2018-08-03,31,5,4,570,347,223,347,223
2018-08-04,31,6,5,376,217,159,217,159
2018-08-05,31,7,5,263,153,110,153,110
2018-08-06,32,1,4,579,366,213,366,213
2018-08-07,32,2,4,635,392,243,392,243
2018-08-08,32,3,4,593,356,237,356,237
2018-08-09,32,4,4,331,208,123,208,123
2018-08-10,32,5,4,590,348,242,348,242
2018-08-11,32,6,5,462,258,204,258,204
2018-08-12,32,7,5,423,258,165,258,165
2018-08-13,33,1,4,333,217,116,217,116
2018-08-14,33,2,4,392,234,158,234,158
2018-08-15,33,3,6,491,276,215,276,215
2018-08-16,33,4,4,621,375,246,375,246
2018-08-17,33,5,4,521,315,206,315,206
2018-08-18,33,6,5,451,260,191,260,191
2018-08-19,33,7,5,476,274,202,274,202
2018-08-20,34,1,4,827,519,308,519,308
2018-08-21,34,2,4,867,541,326,541,326
2018-08-22,34,3,4,791,498,293,498,293
2018-08-23,34,4,4,766,476,290,476,290
2018-08-24,34,5,4,625,388,237,388,237
2018-08-25,34,6,5,392,219,173,219,173
2018-08-26,34,7,5,612,359,253,359,253
2018-08-27,35,1,4,940,584,356,584,356
2018-08-28,35,2,4,1076,676,400,676,400
2018-08-29,35,3,4,813,522,291,522,291
2018-08-30,35,4,4,861,544,317,544,317
2018-08-31,35,5,4,817,486,331,486,331
2018-09-01,35,6,5,461,276,185,276,185
2018-09-02,35,7,5,669,391,278,391,278
2018-09-03,36,1,,1050,646,404,646,404
2018-09-04,36,2,,1256,797,459,797,459
2018-09-05,36,3,,1176,727,449,727,449
2018-09-06,36,4,,699,429,270,429,270
2018-09-07,36,5,,906,568,338,568,338
2018-09-08,36,6,1,682,391,291,391,291
2018-09-09,36,7,1,785,471,314,471,314
2018-09-10,37,1,,1174,728,446,728,446
2018-09-11,37,2,,1212,755,457,755,457
2018-09-12,37,3,,1223,777,446,777,446
2018-09-13,37,4,,1157,726,431,726,431
2018-09-14,37,5,,919,572,347,572,347
2018-09-15,37,6,1,674,387,287,387,287
2018-09-16,37,7,1,799,496,303,496,303
2018-09-17,38,1,,1133,721,412,721,412
2018-09-18,38,2,,1273,843,430,843,430
2018-09-19,38,3,,1281,850,431,850,431
2018-09-20,38,4,,1118,728,390,728,390
2018-09-21,38,5,,902,593,309,593,309
2018-09-22,38,6,1,644,399,245,399,245
2018-09-23,38,7,1,840,544,296,544,296
2018-09-24,39,1,,904,607,297,607,297
2018-09-25,39,2,,1096,740,356,740,356
2018-09-26,39,3,,1143,756,387,756,387
2018-09-27,39,4,,1067,685,382,685,382
2018-09-28,39,5,,924,586,338,586,338
2018-09-29,39,6,1,617,375,242,375,242
2018-09-30,39,7,1,448,283,165,283,165
2018-10-01,40,1,,624,414,210,414,210
2018-10-02,40,2,,861,554,307,554,307
2018-10-03,40,3,,1021,667,354,667,354
2018-10-04,40,4,,1018,649,369,649,369
2018-10-05,40,5,,929,593,336,593,336
2018-10-06,40,6,1,574,359,215,359,215
2018-10-07,40,7,1,118,73,45,73,45
2018-10-08,41,1,,861,551,310,551,310
2018-10-09,41,2,,1108,724,384,724,384
2018-10-10,41,3,,1026,669,357,669,357
2018-10-11,41,4,,845,542,303,542,303
2018-10-12,41,5,,922,589,333,589,333
2018-10-13,41,6,1,675,402,273,402,273
2018-10-14,41,7,1,631,401,230,401,230
2018-10-15,42,1,,994,656,338,656,338
2018-10-16,42,2,,1044,689,355,689,355
2018-10-17,42,3,,1191,792,399,792,399
2018-10-18,42,4,,1064,678,386,678,386
2018-10-19,42,5,,966,619,347,619,347
2018-10-20,42,6,5,643,401,242,401,242
2018-10-21,42,7,5,544,341,203,341,203
2018-10-22,43,1,4,894,589,305,589,305
2018-10-23,43,2,4,905,581,324,581,324
2018-10-24,43,3,4,880,563,317,563,317
2018-10-25,43,4,4,871,564,307,564,307
2018-10-26,43,5,4,777,503,274,503,274
2018-10-27,43,6,5,79,50,29,50,29
2018-10-28,43,7,5,198,123,75,123,75
2018-10-29,44,1,4,253,167,86,167,86
2018-10-30,44,2,4,515,328,187,328,187
2018-10-31,44,3,4,624,411,213,411,213
2018-11-01,44,4,6,190,116,74,116,74
2018-11-02,44,5,4,249,156,93,156,93
2018-11-03,44,6,5,356,201,155,201,155
2018-11-04,44,7,5,517,319,198,319,198
2018-11-05,45,1,,927,594,333,594,333
2018-11-06,45,2,,672,427,245,427,245
2018-11-07,45,3,,757,479,278,479,278
2018-11-08,45,4,,783,496,287,496,287
2018-11-09,45,5,,728,451,277,451,277
2018-11-10,45,6,1,435,263,172,263,172
2018-11-11,45,7,3,413,249,164,249,164
2018-11-12,46,1,,905,575,330,575,330
2018-11-13,46,2,,985,625,360,625,360
2018-11-14,46,3,,1086,689,397,689,397
2018-11-15,46,4,,1052,667,385,667,385
2018-11-16,46,5,,784,482,302,482,302
2018-11-17,46,6,1,574,345,229,345,229
2018-11-18,46,7,1,479,279,200,279,200
2018-11-19,47,1,,782,492,290,492,290
2018-11-20,47,2,,762,489,273,489,273
2018-11-21,47,3,,400,244,156,244,156
2018-11-22,47,4,,775,478,297,478,297
2018-11-23,47,5,,449,274,175,274,175
2018-11-24,47,6,1,480,280,200,280,200
2018-11-25,47,7,1,243,139,104,139,104
2018-11-26,48,1,,557,347,210,347,210
2018-11-27,48,2,,646,410,236,410,236
2018-11-28,48,3,,846,527,319,527,319
2018-11-29,48,4,,865,542,323,542,323
2018-11-30,48,5,,422,265,157,265,157
2018-12-01,48,6,1,361,205,156,205,156
2018-12-02,48,7,1,59,39,20,39,20
2018-12-03,49,1,,521,326,195,326,195
2018-12-04,49,2,,658,401,257,401,257
2018-12-05,49,3,,905,568,337,568,337
2018-12-06,49,4,,431,259,172,259,172
2018-12-07,49,5,,740,446,294,446,294
2018-12-08,49,6,1,265,155,110,155,110
2018-12-09,49,7,1,106,64,42,64,42
2018-12-10,50,1,,441,273,168,273,168
2018-12-11,50,2,,762,469,293,469,293
2018-12-12,50,3,,759,492,267,492,267
2018-12-13,50,4,,674,420,254,420,254
2018-12-14,50,5,,609,375,234,375,234
2018-12-15,50,6,1,301,177,124,177,124
2018-12-16,50,7,1,113,73,40,73,40
2018-12-17,51,1,,447,282,165,282,165
2018-12-18,51,2,,726,453,273,453,273
2018-12-19,51,3,,384,233,151,233,151
2018-12-20,51,4,,626,392,234,392,234
2018-12-21,51,5,,327,195,132,195,132
2018-12-22,51,6,5,215,127,88,127,88
2018-12-23,51,7,5,244,152,92,152,92
2018-12-24,52,1,4,218,142,76,142,76
2018-12-25,52,2,6,106,63,43,63,43
2018-12-26,52,3,4,310,190,120,190,120
2018-12-27,52,4,4,239,145,94,145,94
2018-12-28,52,5,4,228,143,85,143,85
2018-12-29,52,6,5,162,89,73,89,73
2018-12-30,52,7,5,200,114,86,114,86
2018-12-31,01,1,4,242,142,100,142,100
2019-01-01,01,2,6,142,89,53,89,53
2019-01-02,01,3,4,436,288,148,288,148
2019-01-03,01,4,4,526,331,195,331,195
2019-01-04,01,5,4,505,320,185,320,185
2019-01-05,01,6,5,280,165,115,165,115
2019-01-06,01,7,5,173,106,67,106,67
2019-01-07,02,1,,651,414,237,414,237
2019-01-08,02,2,,579,366,213,366,213
2019-01-09,02,3,,402,248,154,248,154
2019-01-10,02,4,,520,327,193,327,193
2019-01-11,02,5,,527,319,208,319,208
2019-01-12,02,6,1,268,160,108,160,108
2019-01-13,02,7,1,223,145,78,145,78
2019-01-14,03,1,,373,225,148,225,148
2019-01-15,03,2,,715,443,272,443,272
2019-01-16,03,3,,749,466,283,466,283
2019-01-17,03,4,,471,286,185,286,185
2019-01-18,03,5,,538,336,202,336,202
2019-01-19,03,6,1,341,190,151,190,151
2019-01-20,03,7,1,282,167,115,167,115
2019-01-21,04,1,,683,431,252,431,252
2019-01-22,04,2,,632,379,253,379,253
2019-01-23,04,3,,400,249,151,249,151
2019-01-24,04,4,,408,254,154,254,154
2019-01-25,04,5,,488,305,183,305,183
2019-01-26,04,6,1,262,147,115,147,115
2019-01-27,04,7,1,153,95,58,95,58
2019-01-28,05,1,,495,308,187,308,187
2019-01-29,05,2,,605,370,235,370,235
2019-01-30,05,3,,450,266,184,266,184
2019-01-31,05,4,,498,303,195,303,195
2019-02-01,05,5,,199,114,85,114,85
2019-02-02,05,6,1,193,109,84,109,84
2019-02-03,05,7,1,83,49,34,49,34
2019-02-04,06,1,,580,359,221,359,221
2019-02-05,06,2,,106,46,60,46,60
2019-02-06,06,3,,460,223,237,223,237
2019-02-07,06,4,,360,182,178,182,178
2019-02-08,06,5,,384,189,195,189,195
2019-02-09,06,6,1,223,118,105,118,105
2019-02-10,06,7,1,133,61,72,61,72
2019-02-11,07,1,,195,101,94,101,94
2019-02-12,07,2,,460,226,234,226,234
2019-02-13,07,3,,472,254,218,254,218
2019-02-14,07,4,,472,231,241,231,241
2019-02-15,07,5,,452,230,222,230,222
2019-02-16,07,6,5,411,207,204,207,204
2019-02-17,07,7,5,322,174,148,174,148
2019-02-18,08,1,4,499,253,246,253,246
2019-02-19,08,2,4,556,282,274,282,274
2019-02-20,08,3,4,527,257,270,257,270
2019-02-21,08,4,4,553,273,280,273,280
2019-02-22,08,5,4,448,237,211,237,211
2019-02-23,08,6,5,429,213,216,213,216
2019-02-24,08,7,5,399,216,183,216,183
2019-02-25,09,1,4,495,255,240,255,240
2019-02-26,09,2,4,536,266,270,266,270
2019-02-27,09,3,4,600,293,307,293,307
2019-02-28,09,4,4,511,252,259,252,259
2019-03-01,09,5,4,370,177,193,177,193
2019-03-02,09,6,5,208,110,98,110,98
2019-03-03,09,7,5,382,192,190,192,190
2019-03-04,10,1,,423,216,207,216,207
2019-03-05,10,2,,628,327,301,327,301
2019-03-06,10,3,,525,265,260,265,260
2019-03-07,10,4,,415,218,197,218,197
2019-03-08,10,5,,483,238,245,238,245
2019-03-09,10,6,1,286,155,131,155,131
2019-03-10,10,7,1,270,136,134,136,134
2019-03-11,11,1,,295,154,141,154,141
2019-03-12,11,2,,582,277,305,277,305
2019-03-13,11,3,,394,210,184,210,184
2019-03-14,11,4,,277,142,135,142,135
2019-03-15,11,5,,189,100,89,100,89
2019-03-16,11,6,1,519,291,228,291,228
2019-03-17,11,7,1,401,213,188,213,188
2019-03-18,12,1,,400,206,194,206,194
2019-03-19,12,2,,587,301,286,301,286
2019-03-20,12,3,,704,347,357,347,357
2019-03-21,12,4,,641,328,313,328,313
2019-03-22,12,5,,597,299,298,299,298
2019-03-23,12,6,1,569,276,293,276,293
2019-03-24,12,7,1,582,294,288,294,288
2019-03-25,13,1,,523,266,257,266,257
2019-03-26,13,2,,564,272,292,272,292
2019-03-27,13,3,,740,365,375,365,375
2019-03-28,13,4,,612,299,313,299,313
2019-03-29,13,5,,613,312,301,312,301
2019-03-30,13,6,1,576,289,287,289,287
2019-03-31,13,7,1,464,234,230,234,230
2019-04-01,14,1,,617,303,314,303,314
2019-04-02,14,2,,598,296,302,296,302
2019-04-03,14,3,,265,134,131,134,131
2019-04-04,14,4,,257,127,130,127,130
2019-04-05,14,5,,510,252,258,252,258
2019-04-06,14,6,1,299,155,144,155,144
2019-04-07,14,7,1,193,91,102,91,102
2019-04-08,15,1,,530,265,265,265,265
2019-04-09,15,2,,690,345,345,345,345
2019-04-10,15,3,,455,225,230,225,230
2019-04-11,15,4,,453,231,222,231,222
2019-04-12,15,5,,487,243,244,243,244
2019-04-13,15,6,5,341,172,169,172,169
2019-04-14,15,7,5,320,153,167,153,167
2019-04-15,16,1,4,644,325,319,325,319
2019-04-16,16,2,4,368,185,183,185,183
2019-04-17,16,3,4,734,358,376,358,376
2019-04-18,16,4,4,690,342,348,342,348
2019-04-19,16,5,4,536,255,281,255,281
2019-04-20,16,6,5,412,211,201,211,201
2019-04-21,16,7,5,290,156,134,156,134
2019-04-22,17,1,6,414,208,206,208,206
2019-04-23,17,2,4,566,286,280,286,280
2019-04-24,17,3,4,292,146,146,146,146
2019-04-25,17,4,4,448,224,224,224,224
2019-04-26,17,5,4,335,161,174,161,174
2019-04-27,17,6,5,269,149,120,149,120
2019-04-28,17,7,5,118,68,50,68,50
2019-04-29,18,1,,550,289,261,289,261
2019-04-30,18,2,,676,323,353,323,353
2019-05-01,18,3,2,670,348,322,348,322
2019-05-02,18,4,,418,202,216,202,216
2019-05-03,18,5,,450,221,229,221,229
2019-05-04,18,6,1,347,173,174,173,174
2019-05-05,18,7,1,117,51,66,51,66
2019-05-06,19,1,,592,282,310,282,310
2019-05-07,19,2,,785,359,426,359,426
2019-05-08,19,3,2,165,79,86,79,86
2019-05-09,19,4,,471,234,237,234,237
2019-05-10,19,5,,623,321,302,321,302
2019-05-11,19,6,1,227,128,99,128,99
2019-05-12,19,7,1,363,189,174,189,174
2019-05-13,20,1,,724,360,364,360,364
2019-05-14,20,2,,773,394,379,394,379
2019-05-15,20,3,,772,392,380,392,380
2019-05-16,20,4,,842,420,422,420,422
2019-05-17,20,5,,370,184,186,184,186
2019-05-18,20,6,1,335,164,171,164,171
2019-05-19,20,7,1,126,66,60,66,60
2019-05-20,21,1,,216,107,109,107,109
2019-05-21,21,2,,563,280,283,280,283
2019-05-22,21,3,,858,436,422,436,422
2019-05-23,21,4,,851,413,438,413,438
2019-05-24,21,5,,659,320,339,320,339
2019-05-25,21,6,1,392,195,197,195,197
2019-05-26,21,7,1,437,208,229,208,229
2019-05-27,22,1,,721,355,366,355,366
2019-05-28,22,2,,333,174,159,174,159
2019-05-29,22,3,,551,278,273,278,273
2019-05-30,22,4,6,396,184,212,184,212
2019-05-31,22,5,4,477,254,223,254,223
2019-06-01,22,6,5,425,200,225,200,225
2019-06-02,22,7,5,386,193,193,193,193
2019-06-03,23,1,,749,363,386,363,386
2019-06-04,23,2,,786,379,407,379,407
2019-06-05,23,3,,905,433,472,433,472
2019-06-06,23,4,,776,401,375,401,375
2019-06-07,23,5,,636,326,310,326,310
2019-06-08,23,6,1,398,197,201,197,201
2019-06-09,23,7,1,173,93,80,93,80
2019-06-10,24,1,2,173,87,86,87,86
2019-06-11,24,2,,246,127,119,127,119
2019-06-12,24,3,,753,379,374,379,374
2019-06-13,24,4,,817,401,416,401,416
2019-06-14,24,5,,472,231,241,231,241
2019-06-15,24,6,1,142,73,69,73,69
2019-06-16,24,7,1,506,264,242,264,242
2019-06-17,25,1,,743,365,378,365,378
2019-06-18,25,2,,813,406,407,406,407
2019-06-19,25,3,,791,395,396,395,396
2019-06-20,25,4,,432,216,216,216,216
2019-06-21,25,5,,431,214,217,214,217
2019-06-22,25,6,1,255,137,118,137,118
2019-06-23,25,7,1,390,204,186,204,186
2019-06-24,26,1,,740,365,375,365,375
2019-06-25,26,2,,706,346,360,346,360
2019-06-26,26,3,,700,349,351,349,351
2019-06-27,26,4,,587,284,303,284,303
2019-06-28,26,5,,515,261,254,261,254
2019-06-29,26,6,1,263,135,128,135,128
2019-06-30,26,7,1,171,82,89,82,89
2019-07-01,27,1,,619,306,313,306,313
2019-07-02,27,2,,688,342,346,342,346
2019-07-03,27,3,,747,364,383,364,383
2019-07-04,27,4,,719,362,357,362,357
2019-07-05,27,5,,600,310,290,310,290
2019-07-06,27,6,5,292,152,140,152,140
2019-07-07,27,7,5,293,152,141,152,141
2019-07-08,28,1,4,659,337,322,337,322
2019-07-09,28,2,4,508,268,240,268,240
2019-07-10,28,3,4,771,376,395,376,395
2019-07-11,28,4,4,717,372,345,372,345
2019-07-12,28,5,4,679,349,330,349,330
2019-07-13,28,6,5,353,175,178,175,178
2019-07-14,28,7,7,276,144,132,144,132
2019-07-15,29,1,4,556,276,280,276,280
2019-07-16,29,2,4,689,347,342,347,342
2019-07-17,29,3,4,706,377,329,377,329
2019-07-18,29,4,4,653,338,315,338,315
2019-07-19,29,5,4,595,297,298,297,298
2019-07-20,29,6,5,292,152,140,152,140
2019-07-21,29,7,5,310,147,163,147,163
2019-07-22,30,1,4,584,303,281,303,281
2019-07-23,30,2,4,598,308,290,308,290
2019-07-24,30,3,4,552,284,268,284,268
2019-07-25,30,4,4,499,251,248,251,248
2019-07-26,30,5,4,469,222,247,222,247
2019-07-27,30,6,5,173,79,94,79,94
2019-07-28,30,7,5,125,62,63,62,63
2019-07-29,31,1,4,636,320,316,320,316
2019-07-30,31,2,4,664,329,335,329,335
2019-07-31,31,3,4,649,324,325,324,325
2019-08-01,31,4,4,562,275,287,275,287
2019-08-02,31,5,4,526,262,264,262,264
2019-08-03,31,6,5,338,178,160,178,160
2019-08-04,31,7,5,321,170,151,170,151
2019-08-05,32,1,4,524,263,261,263,261
2019-08-06,32,2,4,485,249,236,249,236
2019-08-07,32,3,4,286,142,144,142,144
2019-08-08,32,4,4,558,270,288,270,288
2019-08-09,32,5,4,426,219,207,219,207
2019-08-10,32,6,5,274,146,128,146,128
2019-08-11,32,7,5,287,147,140,147,140
2019-08-12,33,1,4,258,123,135,123,135
2019-08-13,33,2,4,466,235,231,235,231
2019-08-14,33,3,4,422,205,217,205,217
2019-08-15,33,4,6,254,111,143,111,143
2019-08-16,33,5,4,365,193,172,193,172
2019-08-17,33,6,5,317,157,160,157,160
2019-08-18,33,7,5,267,128,139,128,139
2019-08-19,34,1,4,354,161,193,161,193
2019-08-20,34,2,4,131,63,68,63,68
2019-08-21,34,3,4,533,269,264,269,264
2019-08-22,34,4,4,712,361,351,361,351
2019-08-23,34,5,4,579,295,284,295,284
2019-08-24,34,6,5,363,181,182,181,182
2019-08-25,34,7,5,355,172,183,172,183
2019-08-26,35,1,4,698,334,364,334,364
2019-08-27,35,2,4,779,386,393,386,393
2019-08-28,35,3,4,588,304,284,304,284
2019-08-29,35,4,4,727,359,368,359,368
2019-08-30,35,5,4,595,286,309,286,309
2019-08-31,35,6,5,437,229,208,229,208
2019-09-01,35,7,5,461,258,203,258,203
2019-09-02,36,1,,619,322,297,322,297
2019-09-03,36,2,,791,398,393,398,393
2019-09-04,36,3,,838,420,418,420,418
2019-09-05,36,4,,648,325,323,325,323
2019-09-06,36,5,,590,302,288,302,288
2019-09-07,36,6,1,441,224,217,224,217
2019-09-08,36,7,1,258,134,124,134,124
2019-09-09,37,1,,749,394,355,394,355
2019-09-10,37,2,,612,307,305,307,305
2019-09-11,37,3,,883,437,446,437,446
2019-09-12,37,4,,796,395,401,395,401
2019-09-13,37,5,,670,316,354,316,354
2019-09-14,37,6,1,414,198,216,198,216
2019-09-15,37,7,1,532,275,257,275,257
2019-09-16,38,1,,807,412,395,412,395
2019-09-17,38,2,,855,423,432,423,432
2019-09-18,38,3,,965,495,470,495,470
2019-09-19,38,4,,788,393,395,393,395
2019-09-20,38,5,,741,375,366,375,366
2019-09-21,38,6,1,485,251,234,251,234
2019-09-22,38,7,1,375,184,191,184,191
2019-09-23,39,1,,744,383,361,383,361
2019-09-24,39,2,,633,333,300,333,300
2019-09-25,39,3,,678,344,334,344,334
2019-09-26,39,4,,755,387,368,387,368
2019-09-27,39,5,,784,400,384,400,384
2019-09-28,39,6,1,466,241,225,241,225
2019-09-29,39,7,1,539,269,270,269,270
2019-09-30,40,1,,786,395,391,395,391
2019-10-01,40,2,,835,412,423,412,423
2019-10-02,40,3,,413,192,221,192,221
2019-10-03,40,4,,801,405,396,405,396
2019-10-04,40,5,,651,323,328,323,328
2019-10-05,40,6,1,431,217,214,217,214
2019-10-06,40,7,1,387,204,183,204,183
2019-10-07,41,1,,660,325,335,325,335
2019-10-08,41,2,,820,406,414,406,414
2019-10-09,41,3,,417,208,209,208,209
2019-10-10,41,4,,755,380,375,380,375
2019-10-11,41,5,,713,351,362,351,362
2019-10-12,41,6,1,384,193,191,193,191
2019-10-13,41,7,1,473,240,233,240,233
2019-10-14,42,1,,792,397,395,397,395
2019-10-15,42,2,,238,126,112,126,112
2019-10-16,42,3,,840,443,397,443,397
2019-10-17,42,4,,664,340,324,340,324
2019-10-18,42,5,,431,209,222,209,222
2019-10-19,42,6,5,262,132,130,132,130
2019-10-20,42,7,5,293,155,138,155,138
2019-10-21,43,1,4,231,121,110,121,110
2019-10-22,43,2,4,441,218,223,218,223
2019-10-23,43,3,4,566,297,269,297,269
2019-10-24,43,4,4,541,267,274,267,274
2019-10-25,43,5,4,575,274,301,274,301
2019-10-26,43,6,5,476,239,237,239,237
2019-10-27,43,7,5,474,237,237,237,237
2019-10-28,44,1,4,468,242,226,242,226
2019-10-29,44,2,4,504,257,247,257,247
2019-10-30,44,3,4,683,326,357,326,357
2019-10-31,44,4,4,224,114,110,114,110
2019-11-01,44,5,6,195,101,94,101,94
2019-11-02,44,6,5,100,51,49,51,49
2019-11-03,44,7,5,55,25,30,25,30
2019-11-04,45,1,4,279,139,140,139,140
2019-11-05,45,2,4,537,275,262,275,262
2019-11-06,45,3,4,388,183,205,183,205
2019-11-07,45,4,4,286,137,149,137,149
2019-11-08,45,5,4,463,222,241,222,241
2019-11-09,45,6,5,273,147,126,147,126
2019-11-10,45,7,5,190,99,91,99,91
2019-11-11,46,1,6,283,151,132,151,132
2019-11-12,46,2,4,592,286,306,286,306
2019-11-13,46,3,4,610,308,302,308,302
2019-11-14,46,4,4,331,164,167,164,167
2019-11-15,46,5,,350,170,180,170,180
2019-11-16,46,6,1,288,142,146,142,146
2019-11-17,46,7,1,135,67,68,67,68
2019-11-18,47,1,,499,257,242,257,242
2019-11-19,47,2,,549,278,271,278,271
2019-11-20,47,3,,622,304,318,304,318
2019-11-21,47,4,,558,272,286,272,286
2019-11-22,47,5,,469,225,244,225,244
2019-11-23,47,6,1,179,97,82,97,82
2019-11-24,47,7,1,189,96,93,96,93
2019-11-25,48,1,,514,257,257,257,257
2019-11-26,48,2,,601,313,288,313,288
2019-11-27,48,3,,336,163,173,163,173
2019-11-28,48,4,,361,180,181,180,181
2019-11-29,48,5,,307,146,161,146,161
2019-11-30,48,6,1,307,162,145,162,145
2019-12-01,48,7,1,49,23,26,23,26
2019-12-02,49,1,,433,224,209,224,209
2019-12-03,49,2,,564,282,282,282,282
2019-12-04,49,3,,553,265,288,265,288
2019-12-05,49,4,,659,333,326,333,326
2019-12-06,49,5,,490,231,259,231,259
2019-12-07,49,6,1,310,158,152,158,152
2019-12-08,49,7,1,268,139,129,139,129
2019-12-09,50,1,,297,152,145,152,145
2019-12-10,50,2,,537,259,278,259,278
2019-12-11,50,3,,399,200,199,200,199
2019-12-12,50,4,,514,261,253,261,253
2019-12-13,50,5,,215,106,109,106,109
2019-12-14,50,6,1,65,31,34,31,34
2019-12-15,50,7,1,250,126,124,126,124
2019-12-16,51,1,,534,266,268,266,268
2019-12-17,51,2,,606,308,298,308,298
2019-12-18,51,3,,634,315,319,315,319
2019-12-19,51,4,,580,294,286,294,286
2019-12-20,51,5,,173,89,84,89,84
2019-12-21,51,6,5,219,114,105,114,105
2019-12-22,51,7,5,114,66,48,66,48
2019-12-23,52,1,4,125,69,56,69,56
2019-12-24,52,2,4,78,44,34,44,34
2019-12-25,52,3,6,74,42,32,42,32
2019-12-26,52,4,4,236,125,111,125,111
2019-12-27,52,5,4,96,50,46,50,46
2019-12-28,52,6,5,128,64,64,64,64
2019-12-29,52,7,5,152,81,71,81,71
2019-12-30,01,1,4,246,117,129,117,129
2019-12-31,01,2,4,240,117,123,117,123
2020-01-01,01,3,6,83,40,43,40,43
2020-01-02,01,4,4,246,124,122,124,122
2020-01-03,01,5,4,301,155,146,155,146
2020-01-04,01,6,5,246,126,120,126,120
2020-01-05,01,7,5,167,88,79,88,79
2020-01-06,02,1,,532,269,263,269,263
2020-01-07,02,2,,566,290,276,290,276
2020-01-08,02,3,,519,274,245,274,245
2020-01-09,02,4,,568,287,281,287,281
2020-01-10,02,5,,424,199,225,199,225
2020-01-11,02,6,1,291,149,142,149,142
2020-01-12,02,7,1,321,152,169,152,169
2020-01-13,03,1,,526,264,262,264,262
2020-01-14,03,2,,580,288,292,288,292
2020-01-15,03,3,,589,283,306,283,306
2020-01-16,03,4,,637,321,316,321,316
2020-01-17,03,5,,326,159,167,159,167
2020-01-18,03,6,1,233,120,113,120,113
2020-01-19,03,7,1,155,78,77,78,77
2020-01-20,04,1,,469,227,242,227,242
2020-01-21,04,2,,494,238,256,238,256
2020-01-22,04,3,,540,249,291,249,291
2020-01-23,04,4,,514,251,263,251,263
2020-01-24,04,5,,391,183,208,183,208
2020-01-25,04,6,1,233,122,111,122,111
2020-01-26,04,7,1,179,87,92,87,92
2020-01-27,05,1,,453,223,230,223,230
2020-01-28,05,2,,316,166,150,166,150
2020-01-29,05,3,,337,162,175,162,175
2020-01-30,05,4,,453,222,231,222,231
2020-01-31,05,5,,500,242,258,242,258
2020-02-01,05,6,1,177,89,88,89,88
2020-02-02,05,7,1,55,34,21,34,21
2020-02-03,06,1,,581,282,299,282,299
2020-02-04,06,2,,319,161,158,161,158
2020-02-05,06,3,,491,244,247,244,247
2020-02-06,06,4,,562,271,291,271,291
2020-02-07,06,5,,533,254,279,254,279
2020-02-08,06,6,1,283,145,138,145,138
2020-02-09,06,7,1,315,163,152,163,152
2020-02-10,07,1,,524,259,265,259,265
2020-02-11,07,2,,357,188,169,188,169
2020-02-12,07,3,,679,318,361,318,361
2020-02-13,07,4,,422,204,218,204,218
2020-02-14,07,5,,537,270,267,270,267
2020-02-15,07,6,1,407,201,206,201,206
2020-02-16,07,7,1,386,197,189,197,189
2020-02-17,08,1,,452,234,218,234,218
2020-02-18,08,2,,622,310,312,310,312
2020-02-19,08,3,,399,198,201,198,201
2020-02-20,08,4,,678,336,342,336,342
2020-02-21,08,5,,536,258,278,258,278
2020-02-22,08,6,5,427,229,198,229,198
2020-02-23,08,7,5,405,196,209,196,209
2020-02-24,09,1,4,785,387,398,387,398
2020-02-25,09,2,4,412,200,212,200,212
2020-02-26,09,3,4,301,146,155,146,155
2020-02-27,09,4,4,255,125,130,125,130
2020-02-28,09,5,4,477,235,242,235,242
2020-02-29,09,6,5,121,62,59,62,59
2020-03-01,09,7,5,255,134,121,134,121
2020-03-02,10,1,4,188,88,100,88,100
2020-03-03,10,2,4,465,237,228,237,228
2020-03-04,10,3,4,564,277,287,277,287
2020-03-05,10,4,4,232,127,105,127,105
2020-03-06,10,5,4,453,224,229,224,229
2020-03-07,10,6,5,351,173,178,173,178
2020-03-08,10,7,5,424,224,200,224,200
2020-03-09,11,1,,351,175,176,175,176
2020-03-10,11,2,,409,212,197,212,197
2020-03-11,11,3,,781,392,389,392,389
2020-03-12,11,4,,684,324,360,324,360
2020-03-13,11,5,,478,238,240,238,240
2020-03-14,11,6,1,528,290,238,290,238
2020-03-15,11,7,1,667,354,313,354,313
2020-03-16,12,1,,603,309,294,309,294
2020-03-17,12,2,32,417,209,208,209,208
2020-03-18,12,3,32,383,203,180,203,180
2020-03-19,12,4,32,295,143,152,143,152
2020-03-20,12,5,32,242,121,121,121,121
2020-03-21,12,6,33,143,71,72,71,72
2020-03-22,12,7,33,54,27,27,27,27
2020-03-23,13,1,32,172,85,87,85,87
2020-03-24,13,2,32,165,81,84,81,84
2020-03-25,13,3,32,194,100,94,100,94
2020-03-26,13,4,32,176,91,85,91,85
2020-03-27,13,5,32,207,104,103,104,103
2020-03-28,13,6,33,134,68,66,68,66
2020-03-29,13,7,33,42,23,19,23,19
2020-03-30,14,1,32,124,66,58,66,58
2020-03-31,14,2,32,178,95,83,95,83
2020-04-01,14,3,32,240,109,131,109,131
2020-04-02,14,4,32,177,84,93,84,93
2020-04-03,14,5,32,238,115,123,115,123
2020-04-04,14,6,33,145,77,68,77,68
2020-04-05,14,7,33,125,64,61,64,61
2020-04-06,15,1,32,240,127,113,127,113
2020-04-07,15,2,32,269,132,137,132,137
2020-04-08,15,3,32,276,128,148,128,148
2020-04-09,15,4,32,271,139,132,139,132
2020-04-10,15,5,32,279,147,132,147,132
2020-04-11,15,6,33,207,108,99,108,99
2020-04-12,15,7,33,176,79,97,79,97
2020-04-13,16,1,34,165,82,83,82,83
2020-04-14,16,2,32,282,152,130,152,130
2020-04-15,16,3,32,418,193,225,193,225
2020-04-16,16,4,32,333,181,152,181,152
2020-04-17,16,5,32,375,197,178,197,178
2020-04-18,16,6,37,223,107,116,107,116
2020-04-19,16,7,37,117,64,53,64,53
2020-04-20,17,1,36,285,153,132,153,132
2020-04-21,17,2,36,306,165,141,165,141
2020-04-22,17,3,36,422,227,195,227,195
2020-04-23,17,4,36,368,191,177,191,177
2020-04-24,17,5,36,437,224,213,224,213
2020-04-25,17,6,37,242,127,115,127,115
2020-04-26,17,7,37,172,87,85,87,85
2020-04-27,18,1,36,270,124,146,124,146
2020-04-28,18,2,36,151,72,79,72,79
2020-04-29,18,3,36,452,228,224,228,224
2020-04-30,18,4,36,137,67,70,67,70
2020-05-01,18,5,38,54,24,30,24,30
2020-05-02,18,6,37,147,74,73,74,73
2020-05-03,18,7,37,244,122,122,122,122
2020-05-04,19,1,32,448,224,224,224,224
2020-05-05,19,2,32,445,227,218,227,218
2020-05-06,19,3,32,475,242,233,242,233
2020-05-07,19,4,32,474,237,237,237,237
2020-05-08,19,5,34,372,196,176,196,176
2020-05-09,19,6,33,344,187,157,187,157
2020-05-10,19,7,33,212,111,101,111,101
2020-05-11,20,1,32,554,297,257,297,257
2020-05-12,20,2,,577,308,269,308,269
2020-05-13,20,3,,348,188,160,188,160
2020-05-14,20,4,,438,236,202,236,202
2020-05-15,20,5,,389,211,178,211,178
2020-05-16,20,6,1,698,397,301,397,301
2020-05-17,20,7,1,761,374,387,374,387
2020-05-18,21,1,,798,413,385,413,385
2020-05-19,21,2,,837,407,430,407,430
2020-05-20,21,3,4,800,408,392,408,392
2020-05-21,21,4,6,663,328,335,328,335
2020-05-22,21,5,4,673,349,324,349,324
2020-05-23,21,6,5,340,177,163,177,163
2020-05-24,21,7,5,631,333,298,333,298
2020-05-25,22,1,,869,440,429,440,429
2020-05-26,22,2,,871,446,425,446,425
2020-05-27,22,3,,927,443,484,443,484
2020-05-28,22,4,,807,411,396,411,396
2020-05-29,22,5,,836,410,426,410,426
2020-05-30,22,6,1,716,367,349,367,349
2020-05-31,22,7,1,731,381,350,381,350
2020-06-01,23,1,2,662,336,326,336,326
2020-06-02,23,2,,781,378,403,378,403
2020-06-03,23,3,,561,300,261,300,261
2020-06-04,23,4,,306,154,152,154,152
2020-06-05,23,5,,416,206,210,206,210
2020-06-06,23,6,1,707,347,360,347,360
2020-06-07,23,7,1,216,107,109,107,109
2020-06-08,24,1,,1235,1177,58,1177,58
2020-06-09,24,2,,317,162,155,162,155
2020-06-10,24,3,,348,173,175,173,175
2020-06-11,24,4,,667,332,335,332,335
2020-06-12,24,5,,731,362,369,362,369
2020-06-13,24,6,1,222,103,119,103,119
2020-06-14,24,7,1,591,290,301,290,301
2020-06-15,25,1,,711,359,352,359,352
2020-06-16,25,2,,765,396,369,396,369
2020-06-17,25,3,,758,401,357,401,357
2020-06-18,25,4,,701,344,357,344,357
2020-06-19,25,5,,715,354,361,354,361
2020-06-20,25,6,1,657,336,321,336,321
2020-06-21,25,7,1,649,331,318,331,318
2020-06-22,26,1,,767,407,360,407,360
2020-06-23,26,2,,878,449,429,449,429
2020-06-24,26,3,,899,448,451,448,451
2020-06-25,26,4,,735,368,367,368,367
2020-06-26,26,5,,734,356,378,356,378
2020-06-27,26,6,1,574,298,276,298,276
2020-06-28,26,7,1,581,317,264,317,264
2020-06-29,27,1,,826,417,409,417,409
2020-06-30,27,2,,978,486,492,486,492
2020-07-01,27,3,,901,462,439,462,439
2020-07-02,27,4,,868,426,442,426,442
2020-07-03,27,5,,760,393,367,393,367
2020-07-04,27,6,5,593,309,284,309,284
2020-07-05,27,7,5,545,267,278,267,278
2020-07-06,28,1,4,880,437,443,437,443
2020-07-07,28,2,4,1111,558,553,558,553
2020-07-08,28,3,4,912,459,453,459,453
2020-07-09,28,4,4,938,467,471,467,471
2020-07-10,28,5,4,745,396,349,396,349
2020-07-11,28,6,5,408,193,215,193,215
2020-07-12,28,7,5,464,234,230,234,230
2020-07-13,29,1,4,517,254,263,254,263
2020-07-14,29,2,6,448,259,189,259,189
2020-07-15,29,3,4,809,404,405,404,405
2020-07-16,29,4,4,775,412,363,412,363
2020-07-17,29,5,4,696,348,348,348,348
2020-07-18,29,6,5,502,259,243,259,243
2020-07-19,29,7,5,388,196,192,196,192
2020-07-20,30,1,4,830,404,426,404,426
2020-07-21,30,2,4,803,383,420,383,420
2020-07-22,30,3,4,690,344,346,344,346
2020-07-23,30,4,4,832,425,407,425,407
2020-07-24,30,5,4,666,328,338,328,338
2020-07-25,30,6,5,446,227,219,227,219
2020-07-26,30,7,5,397,203,194,203,194
2020-07-27,31,1,4,732,369,363,369,363
2020-07-28,31,2,4,733,363,370,363,370
2020-07-29,31,3,4,777,378,399,378,399
2020-07-30,31,4,4,714,360,354,360,354
2020-07-31,31,5,4,590,296,294,296,294
2020-08-01,31,6,5,326,167,159,167,159
2020-08-02,31,7,5,362,187,175,187,175
2020-08-03,32,1,4,554,279,275,279,275
2020-08-04,32,2,4,739,357,382,357,382
2020-08-05,32,3,4,790,398,392,398,392
2020-08-06,32,4,4,700,352,348,352,348
2020-08-07,32,5,4,534,261,273,261,273
2020-08-08,32,6,5,353,176,177,176,177
2020-08-09,32,7,5,287,154,133,154,133
2020-08-10,33,1,4,558,280,278,280,278
2020-08-11,33,2,4,613,313,300,313,300
2020-08-12,33,3,4,650,324,326,324,326
2020-08-13,33,4,4,460,219,241,219,241
2020-08-14,33,5,4,480,253,227,253,227
2020-08-15,33,6,7,313,166,147,166,147
2020-08-16,33,7,5,354,177,177,177,177
2020-08-17,34,1,4,576,298,278,298,278
2020-08-18,34,2,4,797,397,400,397,400
2020-08-19,34,3,4,696,350,346,350,346
2020-08-20,34,4,4,642,326,316,326,316
2020-08-21,34,5,4,571,276,295,276,295
2020-08-22,34,6,5,327,156,171,156,171
2020-08-23,34,7,5,368,202,166,202,166
2020-08-24,35,1,4,893,441,452,441,452
2020-08-25,35,2,4,921,474,447,474,447
2020-08-26,35,3,4,940,463,477,463,477
2020-08-27,35,4,4,936,468,468,468,468
2020-08-28,35,5,4,400,209,191,209,191
2020-08-29,35,6,5,73,40,33,40,33
2020-08-30,35,7,5,300,150,150,150,150
2020-08-31,36,1,4,766,377,389,377,389
2020-09-01,36,2,,985,481,504,481,504
2020-09-02,36,3,,1080,536,544,536,544
2020-09-03,36,4,,1069,523,546,523,546
2020-09-04,36,5,,863,410,453,410,453
2020-09-05,36,6,1,643,335,308,335,308
2020-09-06,36,7,1,551,284,267,284,267
2020-09-07,37,1,,923,448,475,448,475
2020-09-08,37,2,,1015,502,513,502,513
2020-09-09,37,3,,1076,520,556,520,556
2020-09-10,37,4,,963,470,493,470,493
2020-09-11,37,5,,869,440,429,440,429
2020-09-12,37,6,1,560,302,258,302,258
2020-09-13,37,7,1,568,278,290,278,290
2020-09-14,38,1,,946,462,484,462,484
2020-09-15,38,2,,1103,546,557,546,557
2020-09-16,38,3,,1093,536,557,536,557
2020-09-17,38,4,,999,508,491,508,491
2020-09-18,38,5,,879,432,447,432,447
2020-09-19,38,6,1,514,244,270,244,270
2020-09-20,38,7,1,482,234,248,234,248
2020-09-21,39,1,,748,374,374,374,374
2020-09-22,39,2,,754,369,385,369,385
2020-09-23,39,3,,1044,517,527,517,527
2020-09-24,39,4,,603,308,295,308,295
2020-09-25,39,5,,327,163,164,163,164
2020-09-26,39,6,1,212,109,103,109,103
2020-09-27,39,7,1,186,106,80,106,80
2020-09-28,40,1,,607,298,309,298,309
2020-09-29,40,2,,814,399,415,399,415
2020-09-30,40,3,,1007,519,488,519,488
2020-10-01,40,4,,711,361,350,361,350
2020-10-02,40,5,,312,149,163,149,163
2020-10-03,40,6,1,399,203,196,203,196
2020-10-04,40,7,1,266,132,134,132,134
2020-10-05,41,1,,616,305,311,305,311
2020-10-06,41,2,,464,225,239,225,239
2020-10-07,41,3,,781,403,378,403,378
2020-10-08,41,4,,943,480,463,480,463
2020-10-09,41,5,,776,388,388,388,388
2020-10-10,41,6,1,287,137,150,137,150
2020-10-11,41,7,1,289,161,128,161,128
2020-10-12,42,1,,632,310,322,310,322
2020-10-13,42,2,,800,403,397,403,397
2020-10-14,42,3,,707,350,357,350,357
2020-10-15,42,4,,480,241,239,241,239
2020-10-16,42,5,,518,257,261,257,261
2020-10-17,42,6,5,441,229,212,229,212
2020-10-18,42,7,5,431,227,204,227,204
2020-10-19,43,1,4,724,364,360,364,360
2020-10-20,43,2,4,680,339,341,339,341
2020-10-21,43,3,4,654,329,325,329,325
2020-10-22,43,4,4,548,276,272,276,272
2020-10-23,43,5,4,243,121,122,121,122
2020-10-24,43,6,5,400,208,192,208,192
2020-10-25,43,7,5,478,223,255,223,255
2020-10-26,44,1,4,209,105,104,105,104
2020-10-27,44,2,4,596,303,293,303,293
2020-10-28,44,3,4,510,251,259,251,259
2020-10-29,44,4,4,566,290,276,290,276
2020-10-30,44,5,36,404,200,204,200,204
2020-10-31,44,6,5,324,155,169,155,169
2020-11-01,44,7,39,309,165,144,165,144
2020-11-02,45,1,32,531,265,266,265,266
2020-11-03,45,2,32,374,190,184,190,184
2020-11-04,45,3,32,455,217,238,217,238
2020-11-05,45,4,32,454,230,224,230,224
2020-11-06,45,5,32,546,288,258,288,258
2020-11-07,45,6,33,373,189,184,189,184
2020-11-08,45,7,33,253,128,125,128,125
2020-11-09,46,1,32,591,296,295,296,295
2020-11-10,46,2,32,659,336,323,336,323
2020-11-11,46,3,34,465,246,219,246,219
2020-11-12,46,4,32,581,310,271,310,271
2020-11-13,46,5,32,530,272,258,272,258
2020-11-14,46,6,33,492,260,232,260,232
2020-11-15,46,7,33,347,173,174,173,174
2020-11-16,47,1,32,432,218,214,218,214
2020-11-17,47,2,32,581,284,297,284,297
2020-11-18,47,3,32,595,307,288,307,288
2020-11-19,47,4,32,387,189,198,189,198
2020-11-20,47,5,32,450,232,218,232,218
2020-11-21,47,6,33,361,186,175,186,175
2020-11-22,47,7,33,323,175,148,175,148
2020-11-23,48,1,32,500,248,252,248,252
2020-11-24,48,2,32,548,258,290,258,290
2020-11-25,48,3,32,608,294,314,294,314
2020-11-26,48,4,32,474,232,242,232,242
2020-11-27,48,5,32,463,243,220,243,220
2020-11-28,48,6,33,411,200,211,200,211
2020-11-29,48,7,33,293,145,148,145,148
2020-11-30,49,1,32,483,236,247,14,228,222,19
2020-12-01,49,2,32,313,154,159,6,153,148,6
2020-12-02,49,3,32,443,226,217,13,195,213,22
2020-12-03,49,4,32,494,248,246,16,222,232,24
2020-12-04,49,5,32,216,107,109,6,100,101,9
2020-12-05,49,6,33,86,44,42,6,30,38,12
2020-12-06,49,7,33,97,42,55,7,39,35,16
2020-12-07,50,1,32,384,186,198,15,177,171,21
2020-12-08,50,2,32,424,210,214,10,180,200,34
2020-12-09,50,3,32,347,175,172,13,155,162,17
2020-12-10,50,4,32,396,197,199,16,180,181,19
2020-12-11,50,5,32,291,144,147,13,134,131,13
2020-12-12,50,6,33,80,45,35,7,29,38,6
2020-12-13,50,7,33,230,125,105,21,87,104,18
2020-12-14,51,1,32,439,216,223,7,206,209,17
2020-12-15,51,2,32,331,158,173,11,154,147,19
2020-12-16,51,3,,530,284,246,26,217,258,29
2020-12-17,51,4,,454,227,227,14,210,213,17
2020-12-18,51,5,,394,201,193,14,180,187,13
2020-12-19,51,6,5,335,157,178,19,144,138,34
2020-12-20,51,7,5,98,49,49,2,43,47,6
2020-12-21,52,1,4,275,138,137,19,123,119,14
2020-12-22,52,2,4,389,185,204,18,177,167,27
2020-12-23,52,3,4,389,206,183,21,164,185,19
2020-12-24,52,4,4,210,106,104,14,89,92,15
2020-12-25,52,5,6,45,25,20,1,16,24,4
2020-12-26,52,6,5,135,75,60,9,49,66,11
2020-12-27,52,7,5,120,66,54,10,41,56,13
2020-12-28,53,1,4,251,130,121,15,109,115,12
2020-12-29,53,2,,233,117,116,12,99,105,17
2020-12-30,53,3,,234,120,114,14,100,106,14
2020-12-31,53,4,,138,72,66,4,63,68,3
2021-01-01,53,5,,41,20,21,2,17,18,4
2021-01-02,53,6,,78,39,39,4,36,35,3
2021-01-03,53,7,,98,47,51,4,42,43,9
2021-01-04,1,1,,362,185,177,14,160,171,17
